order
2   2

knot vector length
6   13

number of control points
3   10

knot vector
0.000000000000000000000e+00   0.000000000000000000000e+00   0.000000000000000000000e+00   1.000000000000000000000e+00   1.000000000000000000000e+00   1.000000000000000000000e+00
0.000000000000000000000e+00   0.000000000000000000000e+00   0.000000000000000000000e+00   1.250000000000000000000e-01   2.500000000000000000000e-01   3.750000000000000000000e-01   5.000000000000000000000e-01   6.250000000000000000000e-01   7.500000000000000000000e-01   8.750000000000000000000e-01   1.000000000000000000000e+00   1.000000000000000000000e+00   1.000000000000000000000e+00

control points
0   9.000000000000000222045e-01   1.000000000000000055511e-01   1.000000000000000000000e+00
1   9.499999999999999555911e-01   1.000000000000000055511e-01   1.000000000000000000000e+00
2   1.000000000000000000000e+00   1.000000000000000055511e-01   1.000000000000000000000e+00
3   9.000000000000000222045e-01   7.187500000000000000000e-01   1.000000000000000000000e+00
4   9.499999999999999555911e-01   7.187500000000000000000e-01   1.000000000000000000000e+00
5   1.000000000000000000000e+00   7.187500000000000000000e-01   1.000000000000000000000e+00
6   9.000000000000000222045e-01   1.956249999999999822364e+00   1.000000000000000000000e+00
7   9.499999999999999555911e-01   1.956249999999999822364e+00   1.000000000000000000000e+00
8   1.000000000000000000000e+00   1.956249999999999822364e+00   1.000000000000000000000e+00
9   9.000000000000000222045e-01   3.193750000000000088818e+00   1.000000000000000000000e+00
10   9.499999999999999555911e-01   3.193750000000000088818e+00   1.000000000000000000000e+00
11   1.000000000000000000000e+00   3.193750000000000088818e+00   1.000000000000000000000e+00
12   9.000000000000000222045e-01   4.431250000000000355271e+00   1.000000000000000000000e+00
13   9.499999999999999555911e-01   4.431250000000000355271e+00   1.000000000000000000000e+00
14   1.000000000000000000000e+00   4.431250000000000355271e+00   1.000000000000000000000e+00
15   9.000000000000000222045e-01   5.668750000000000177636e+00   1.000000000000000000000e+00
16   9.499999999999999555911e-01   5.668750000000000177636e+00   1.000000000000000000000e+00
17   1.000000000000000000000e+00   5.668750000000000177636e+00   1.000000000000000000000e+00
18   9.000000000000000222045e-01   6.906250000000000000000e+00   1.000000000000000000000e+00
19   9.499999999999999555911e-01   6.906250000000000000000e+00   1.000000000000000000000e+00
20   1.000000000000000000000e+00   6.906250000000000000000e+00   1.000000000000000000000e+00
21   9.000000000000000222045e-01   8.143749999999998934186e+00   1.000000000000000000000e+00
22   9.499999999999999555911e-01   8.143749999999998934186e+00   1.000000000000000000000e+00
23   1.000000000000000000000e+00   8.143749999999998934186e+00   1.000000000000000000000e+00
24   9.000000000000000222045e-01   9.381249999999999644729e+00   1.000000000000000000000e+00
25   9.499999999999999555911e-01   9.381249999999999644729e+00   1.000000000000000000000e+00
26   1.000000000000000000000e+00   9.381249999999999644729e+00   1.000000000000000000000e+00
27   9.000000000000000222045e-01   1.000000000000000000000e+01   1.000000000000000000000e+00
28   9.499999999999999555911e-01   1.000000000000000000000e+01   1.000000000000000000000e+00
29   1.000000000000000000000e+00   1.000000000000000000000e+01   1.000000000000000000000e+00

control points for python format
patchX = np.array(
   [[ 9.000000000000000222045e-01,   1.000000000000000055511e-01,   1.000000000000000000000e+00 ],
    [ 9.499999999999999555911e-01,   1.000000000000000055511e-01,   1.000000000000000000000e+00 ],
    [ 1.000000000000000000000e+00,   1.000000000000000055511e-01,   1.000000000000000000000e+00 ],
    [ 9.000000000000000222045e-01,   7.187500000000000000000e-01,   1.000000000000000000000e+00 ],
    [ 9.499999999999999555911e-01,   7.187500000000000000000e-01,   1.000000000000000000000e+00 ],
    [ 1.000000000000000000000e+00,   7.187500000000000000000e-01,   1.000000000000000000000e+00 ],
    [ 9.000000000000000222045e-01,   1.956249999999999822364e+00,   1.000000000000000000000e+00 ],
    [ 9.499999999999999555911e-01,   1.956249999999999822364e+00,   1.000000000000000000000e+00 ],
    [ 1.000000000000000000000e+00,   1.956249999999999822364e+00,   1.000000000000000000000e+00 ],
    [ 9.000000000000000222045e-01,   3.193750000000000088818e+00,   1.000000000000000000000e+00 ],
    [ 9.499999999999999555911e-01,   3.193750000000000088818e+00,   1.000000000000000000000e+00 ],
    [ 1.000000000000000000000e+00,   3.193750000000000088818e+00,   1.000000000000000000000e+00 ],
    [ 9.000000000000000222045e-01,   4.431250000000000355271e+00,   1.000000000000000000000e+00 ],
    [ 9.499999999999999555911e-01,   4.431250000000000355271e+00,   1.000000000000000000000e+00 ],
    [ 1.000000000000000000000e+00,   4.431250000000000355271e+00,   1.000000000000000000000e+00 ],
    [ 9.000000000000000222045e-01,   5.668750000000000177636e+00,   1.000000000000000000000e+00 ],
    [ 9.499999999999999555911e-01,   5.668750000000000177636e+00,   1.000000000000000000000e+00 ],
    [ 1.000000000000000000000e+00,   5.668750000000000177636e+00,   1.000000000000000000000e+00 ],
    [ 9.000000000000000222045e-01,   6.906250000000000000000e+00,   1.000000000000000000000e+00 ],
    [ 9.499999999999999555911e-01,   6.906250000000000000000e+00,   1.000000000000000000000e+00 ],
    [ 1.000000000000000000000e+00,   6.906250000000000000000e+00,   1.000000000000000000000e+00 ],
    [ 9.000000000000000222045e-01,   8.143749999999998934186e+00,   1.000000000000000000000e+00 ],
    [ 9.499999999999999555911e-01,   8.143749999999998934186e+00,   1.000000000000000000000e+00 ],
    [ 1.000000000000000000000e+00,   8.143749999999998934186e+00,   1.000000000000000000000e+00 ],
    [ 9.000000000000000222045e-01,   9.381249999999999644729e+00,   1.000000000000000000000e+00 ],
    [ 9.499999999999999555911e-01,   9.381249999999999644729e+00,   1.000000000000000000000e+00 ],
    [ 1.000000000000000000000e+00,   9.381249999999999644729e+00,   1.000000000000000000000e+00 ],
    [ 9.000000000000000222045e-01,   1.000000000000000000000e+01,   1.000000000000000000000e+00 ],
    [ 9.499999999999999555911e-01,   1.000000000000000000000e+01,   1.000000000000000000000e+00 ],
    [ 1.000000000000000000000e+00,   1.000000000000000000000e+01,   1.000000000000000000000e+00 ]])