order
2   2

knot vector length
9   6

number of control points
6   3

knot vector
0.000000000000000000000e+00   0.000000000000000000000e+00   0.000000000000000000000e+00   2.500000000000000000000e-01   5.000000000000000000000e-01   7.500000000000000000000e-01   1.000000000000000000000e+00   1.000000000000000000000e+00   1.000000000000000000000e+00
0.000000000000000000000e+00   0.000000000000000000000e+00   0.000000000000000000000e+00   1.000000000000000000000e+00   1.000000000000000000000e+00   1.000000000000000000000e+00

control points
0   0.000000000000000000000e+00   0.000000000000000000000e+00   1.000000000000000000000e+00
1   1.125000000000000027756e-01   0.000000000000000000000e+00   1.000000000000000000000e+00
2   3.375000000000000222045e-01   0.000000000000000000000e+00   1.000000000000000000000e+00
3   5.625000000000000000000e-01   0.000000000000000000000e+00   1.000000000000000000000e+00
4   7.875000000000000888178e-01   0.000000000000000000000e+00   1.000000000000000000000e+00
5   9.000000000000000222045e-01   0.000000000000000000000e+00   1.000000000000000000000e+00
6   0.000000000000000000000e+00   5.000000000000000277556e-02   1.000000000000000000000e+00
7   1.125000000000000027756e-01   5.000000000000000277556e-02   1.000000000000000000000e+00
8   3.375000000000000222045e-01   5.000000000000000277556e-02   1.000000000000000000000e+00
9   5.625000000000000000000e-01   5.000000000000000277556e-02   1.000000000000000000000e+00
10   7.875000000000000888178e-01   5.000000000000000277556e-02   1.000000000000000000000e+00
11   9.000000000000000222045e-01   5.000000000000000277556e-02   1.000000000000000000000e+00
12   0.000000000000000000000e+00   1.000000000000000055511e-01   1.000000000000000000000e+00
13   1.125000000000000027756e-01   1.000000000000000055511e-01   1.000000000000000000000e+00
14   3.375000000000000222045e-01   1.000000000000000055511e-01   1.000000000000000000000e+00
15   5.625000000000000000000e-01   1.000000000000000055511e-01   1.000000000000000000000e+00
16   7.875000000000000888178e-01   1.000000000000000055511e-01   1.000000000000000000000e+00
17   9.000000000000000222045e-01   1.000000000000000055511e-01   1.000000000000000000000e+00

control points for python format
patchX = np.array(
   [[ 0.000000000000000000000e+00,   0.000000000000000000000e+00,   1.000000000000000000000e+00 ],
    [ 1.125000000000000027756e-01,   0.000000000000000000000e+00,   1.000000000000000000000e+00 ],
    [ 3.375000000000000222045e-01,   0.000000000000000000000e+00,   1.000000000000000000000e+00 ],
    [ 5.625000000000000000000e-01,   0.000000000000000000000e+00,   1.000000000000000000000e+00 ],
    [ 7.875000000000000888178e-01,   0.000000000000000000000e+00,   1.000000000000000000000e+00 ],
    [ 9.000000000000000222045e-01,   0.000000000000000000000e+00,   1.000000000000000000000e+00 ],
    [ 0.000000000000000000000e+00,   5.000000000000000277556e-02,   1.000000000000000000000e+00 ],
    [ 1.125000000000000027756e-01,   5.000000000000000277556e-02,   1.000000000000000000000e+00 ],
    [ 3.375000000000000222045e-01,   5.000000000000000277556e-02,   1.000000000000000000000e+00 ],
    [ 5.625000000000000000000e-01,   5.000000000000000277556e-02,   1.000000000000000000000e+00 ],
    [ 7.875000000000000888178e-01,   5.000000000000000277556e-02,   1.000000000000000000000e+00 ],
    [ 9.000000000000000222045e-01,   5.000000000000000277556e-02,   1.000000000000000000000e+00 ],
    [ 0.000000000000000000000e+00,   1.000000000000000055511e-01,   1.000000000000000000000e+00 ],
    [ 1.125000000000000027756e-01,   1.000000000000000055511e-01,   1.000000000000000000000e+00 ],
    [ 3.375000000000000222045e-01,   1.000000000000000055511e-01,   1.000000000000000000000e+00 ],
    [ 5.625000000000000000000e-01,   1.000000000000000055511e-01,   1.000000000000000000000e+00 ],
    [ 7.875000000000000888178e-01,   1.000000000000000055511e-01,   1.000000000000000000000e+00 ],
    [ 9.000000000000000222045e-01,   1.000000000000000055511e-01,   1.000000000000000000000e+00 ]])