order
2   2

knot vector length
6   13

number of control points
3   10

knot vector
0.000000000000000000000e+00   0.000000000000000000000e+00   0.000000000000000000000e+00   1.000000000000000000000e+00   1.000000000000000000000e+00   1.000000000000000000000e+00
0.000000000000000000000e+00   0.000000000000000000000e+00   0.000000000000000000000e+00   1.250000000000000000000e-01   2.500000000000000000000e-01   3.750000000000000000000e-01   5.000000000000000000000e-01   6.250000000000000000000e-01   7.500000000000000000000e-01   8.750000000000000000000e-01   1.000000000000000000000e+00   1.000000000000000000000e+00   1.000000000000000000000e+00

control points
0   1.000000000000000000000e+00   1.000000000000000055511e-01   1.000000000000000000000e+00
1   1.050000000000000044409e+00   1.000000000000000055511e-01   1.000000000000000000000e+00
2   1.100000000000000088818e+00   1.000000000000000055511e-01   1.000000000000000000000e+00
3   1.000000000000000000000e+00   7.187500000000000000000e-01   1.000000000000000000000e+00
4   1.050000000000000044409e+00   7.187500000000000000000e-01   1.000000000000000000000e+00
5   1.100000000000000088818e+00   7.187500000000000000000e-01   1.000000000000000000000e+00
6   1.000000000000000000000e+00   1.956249999999999822364e+00   1.000000000000000000000e+00
7   1.050000000000000044409e+00   1.956249999999999822364e+00   1.000000000000000000000e+00
8   1.100000000000000088818e+00   1.956249999999999822364e+00   1.000000000000000000000e+00
9   1.000000000000000000000e+00   3.193750000000000088818e+00   1.000000000000000000000e+00
10   1.050000000000000044409e+00   3.193750000000000088818e+00   1.000000000000000000000e+00
11   1.100000000000000088818e+00   3.193750000000000088818e+00   1.000000000000000000000e+00
12   1.000000000000000000000e+00   4.431250000000000355271e+00   1.000000000000000000000e+00
13   1.050000000000000044409e+00   4.431250000000000355271e+00   1.000000000000000000000e+00
14   1.100000000000000088818e+00   4.431250000000000355271e+00   1.000000000000000000000e+00
15   1.000000000000000000000e+00   5.668750000000000177636e+00   1.000000000000000000000e+00
16   1.050000000000000044409e+00   5.668750000000000177636e+00   1.000000000000000000000e+00
17   1.100000000000000088818e+00   5.668750000000000177636e+00   1.000000000000000000000e+00
18   1.000000000000000000000e+00   6.906250000000000000000e+00   1.000000000000000000000e+00
19   1.050000000000000044409e+00   6.906250000000000000000e+00   1.000000000000000000000e+00
20   1.100000000000000088818e+00   6.906250000000000000000e+00   1.000000000000000000000e+00
21   1.000000000000000000000e+00   8.143749999999998934186e+00   1.000000000000000000000e+00
22   1.050000000000000044409e+00   8.143749999999998934186e+00   1.000000000000000000000e+00
23   1.100000000000000088818e+00   8.143749999999998934186e+00   1.000000000000000000000e+00
24   1.000000000000000000000e+00   9.381249999999999644729e+00   1.000000000000000000000e+00
25   1.050000000000000044409e+00   9.381249999999999644729e+00   1.000000000000000000000e+00
26   1.100000000000000088818e+00   9.381249999999999644729e+00   1.000000000000000000000e+00
27   1.000000000000000000000e+00   1.000000000000000000000e+01   1.000000000000000000000e+00
28   1.050000000000000044409e+00   1.000000000000000000000e+01   1.000000000000000000000e+00
29   1.100000000000000088818e+00   1.000000000000000000000e+01   1.000000000000000000000e+00

control points for python format
patchX = np.array(
   [[ 1.000000000000000000000e+00,   1.000000000000000055511e-01,   1.000000000000000000000e+00 ],
    [ 1.050000000000000044409e+00,   1.000000000000000055511e-01,   1.000000000000000000000e+00 ],
    [ 1.100000000000000088818e+00,   1.000000000000000055511e-01,   1.000000000000000000000e+00 ],
    [ 1.000000000000000000000e+00,   7.187500000000000000000e-01,   1.000000000000000000000e+00 ],
    [ 1.050000000000000044409e+00,   7.187500000000000000000e-01,   1.000000000000000000000e+00 ],
    [ 1.100000000000000088818e+00,   7.187500000000000000000e-01,   1.000000000000000000000e+00 ],
    [ 1.000000000000000000000e+00,   1.956249999999999822364e+00,   1.000000000000000000000e+00 ],
    [ 1.050000000000000044409e+00,   1.956249999999999822364e+00,   1.000000000000000000000e+00 ],
    [ 1.100000000000000088818e+00,   1.956249999999999822364e+00,   1.000000000000000000000e+00 ],
    [ 1.000000000000000000000e+00,   3.193750000000000088818e+00,   1.000000000000000000000e+00 ],
    [ 1.050000000000000044409e+00,   3.193750000000000088818e+00,   1.000000000000000000000e+00 ],
    [ 1.100000000000000088818e+00,   3.193750000000000088818e+00,   1.000000000000000000000e+00 ],
    [ 1.000000000000000000000e+00,   4.431250000000000355271e+00,   1.000000000000000000000e+00 ],
    [ 1.050000000000000044409e+00,   4.431250000000000355271e+00,   1.000000000000000000000e+00 ],
    [ 1.100000000000000088818e+00,   4.431250000000000355271e+00,   1.000000000000000000000e+00 ],
    [ 1.000000000000000000000e+00,   5.668750000000000177636e+00,   1.000000000000000000000e+00 ],
    [ 1.050000000000000044409e+00,   5.668750000000000177636e+00,   1.000000000000000000000e+00 ],
    [ 1.100000000000000088818e+00,   5.668750000000000177636e+00,   1.000000000000000000000e+00 ],
    [ 1.000000000000000000000e+00,   6.906250000000000000000e+00,   1.000000000000000000000e+00 ],
    [ 1.050000000000000044409e+00,   6.906250000000000000000e+00,   1.000000000000000000000e+00 ],
    [ 1.100000000000000088818e+00,   6.906250000000000000000e+00,   1.000000000000000000000e+00 ],
    [ 1.000000000000000000000e+00,   8.143749999999998934186e+00,   1.000000000000000000000e+00 ],
    [ 1.050000000000000044409e+00,   8.143749999999998934186e+00,   1.000000000000000000000e+00 ],
    [ 1.100000000000000088818e+00,   8.143749999999998934186e+00,   1.000000000000000000000e+00 ],
    [ 1.000000000000000000000e+00,   9.381249999999999644729e+00,   1.000000000000000000000e+00 ],
    [ 1.050000000000000044409e+00,   9.381249999999999644729e+00,   1.000000000000000000000e+00 ],
    [ 1.100000000000000088818e+00,   9.381249999999999644729e+00,   1.000000000000000000000e+00 ],
    [ 1.000000000000000000000e+00,   1.000000000000000000000e+01,   1.000000000000000000000e+00 ],
    [ 1.050000000000000044409e+00,   1.000000000000000000000e+01,   1.000000000000000000000e+00 ],
    [ 1.100000000000000088818e+00,   1.000000000000000000000e+01,   1.000000000000000000000e+00 ]])