patch connectivity
0   1   2   3   4   5   6   7   8   9   10   11   12   13   14   15   16   17   18   19   20   21   22   23   24   25   26   27   28   29   30   31   32   33   34   35   36   37   38   39   40   41   42   43   44   45   46   47   48   49   50   51   52   53   54   55   56   57   58   59   60   61   62   63   64   65   66   67   68   69   70   71   72   73   74   75   76   77   78   79   80   81   82   83   84   85   86   87   88   89   90   91   92   93   94   95   96   97   98   99   100   101   102   103   104   105   106   107   108   109   110   111   112   113   114   115   116   117   118   119   120   121   122   123   124   125   126   127   128   129   130   131   132   133   134   135   136   137   138   139   140   141   142   143   144   145   146   147   148   149   150   151   152   153   154   155   156   157   158   159   160   161   162   163   164   165   166   167   168   169   170   171   172   173   174   175   176   177   178   179   180   181   182   183   184   185   186   187   188   189   190   191   192   193   194   195   196   197   198   199   200   201   202   203   204   205   206   207   208   209   210   211   212   213   214   215   216   217   218   219   220   221   222   223   224   225   226   227   228   229   230   231   232   233   234   235   236   237   238   239   240   241   242   243   244   245   246   247   248   249   250   251   252   253   254   255   256   257   258   259   260   261   262   263   264   265   266   267   268   269   270   271   272   273   274   275   276   277   278   279   280   281   282   283   284   285   286   287   288   289   290   291   292   293   294   295   296   297   298   299   300   301   302   303   304   305   306   307   308   309   310   311   312   313   314   315   316   317   318   319   320   321   322   323

control point infomation
0      1.000000000000000000000e+00      0.000000000000000000000e+00      1.000000000000000000000e+00
1      1.088888888888889017181e+00      0.000000000000000000000e+00      1.000000000000000000000e+00
2      1.266666666666666829499e+00      0.000000000000000000000e+00      9.999999999999998889777e-01
3      1.533333333333333214910e+00      0.000000000000000000000e+00      1.000000000000000222045e+00
4      1.800000000000000266454e+00      0.000000000000000000000e+00      1.000000000000000000000e+00
5      2.066666666666666429819e+00      0.000000000000000000000e+00      1.000000000000000222045e+00
6      2.333333333333333481363e+00      0.000000000000000000000e+00      1.000000000000000000000e+00
7      2.600000000000000532907e+00      0.000000000000000000000e+00      1.000000000000000000000e+00
8      2.866666666666666696273e+00      0.000000000000000000000e+00      1.000000000000000000000e+00
9      3.133333333333333303727e+00      0.000000000000000000000e+00      1.000000000000000000000e+00
10      3.399999999999999467093e+00      0.000000000000000000000e+00      1.000000000000000000000e+00
11      3.666666666666666518637e+00      0.000000000000000000000e+00      1.000000000000000000000e+00
12      3.933333333333333570181e+00      0.000000000000000000000e+00      1.000000000000000000000e+00
13      4.200000000000000177636e+00      0.000000000000000000000e+00      1.000000000000000000000e+00
14      4.466666666666666785090e+00      0.000000000000000000000e+00      1.000000000000000000000e+00
15      4.733333333333333392545e+00      0.000000000000000000000e+00      1.000000000000000000000e+00
16      4.911111111111111426908e+00      0.000000000000000000000e+00      1.000000000000000000000e+00
17      5.000000000000000000000e+00      0.000000000000000000000e+00      1.000000000000000000000e+00
18      1.000000000000000000000e+00      3.184146355281164408879e-02      9.869825236082909736268e-01
19      1.088888888888889017181e+00      3.467181586861712433434e-02      9.869825236082909736268e-01
20      1.266666666666667051544e+00      4.033252050022807788654e-02      9.869825236082908626045e-01
21      1.533333333333333214910e+00      4.882357744764450474539e-02      9.869825236082911956714e-01
22      1.800000000000000488498e+00      5.731463439506095242093e-02      9.869825236082909736268e-01
23      2.066666666666666429819e+00      6.580569134247739315757e-02      9.869825236082913066937e-01
24      2.333333333333333925452e+00      7.429674828989384083311e-02      9.869825236082909736268e-01
25      2.600000000000000976996e+00      8.278780523731027463086e-02      9.869825236082909736268e-01
26      2.866666666666666252183e+00      9.127886218472669455082e-02      9.869825236082909736268e-01
27      3.133333333333333747817e+00      9.976991913214314222635e-02      9.869825236082909736268e-01
28      3.399999999999999467093e+00      1.082609760795595621463e-01      9.869825236082909736268e-01
29      3.666666666666666962726e+00      1.167520330269759959441e-01      9.869825236082909736268e-01
30      3.933333333333333570181e+00      1.252430899743924297418e-01      9.869825236082909736268e-01
31      4.200000000000000177636e+00      1.337341469218088774173e-01      9.869825236082909736268e-01
32      4.466666666666666785090e+00      1.422252038692253250929e-01      9.869825236082909736268e-01
33      4.733333333333333392545e+00      1.507162608166417450128e-01      9.869825236082909736268e-01
34      4.911111111111111426908e+00      1.563769654482527193817e-01      9.869825236082909736268e-01
35      5.000000000000000000000e+00      1.592073177640582204440e-01      9.869825236082909736268e-01
36      9.969221828559392539759e-01      9.666066821821177323937e-02      9.626832343437675687525e-01
37      1.085537487998689654134e+00      1.052527276153861629515e-01      9.626832343437675687525e-01
38      1.262768098284189788316e+00      1.224368464097349284980e-01      9.626832343437674577302e-01
39      1.528614013712439989590e+00      1.482130246012580143677e-01      9.626832343437679018194e-01
40      1.794459929140690856997e+00      1.739892027927811557486e-01      9.626832343437676797748e-01
41      2.060305844568941058270e+00      1.997653809843043526406e-01      9.626832343437679018194e-01
42      2.326151759997191703633e+00      2.255415591758274662659e-01      9.626832343437676797748e-01
43      2.591997675425442793085e+00      2.513177373673505798912e-01      9.626832343437676797748e-01
44      2.857843590853692994358e+00      2.770939155588736935165e-01      9.626832343437675687525e-01
45      3.123689506281943639721e+00      3.028700937503969181641e-01      9.626832343437675687525e-01
46      3.389535421710193396905e+00      3.286462719419199762783e-01      9.626832343437675687525e-01
47      3.655381337138443598178e+00      3.544224501334430899036e-01      9.626832343437676797748e-01
48      3.921227252566695131719e+00      3.801986283249662035288e-01      9.626832343437675687525e-01
49      4.187073167994945777082e+00      4.059748065164893726653e-01      9.626832343437675687525e-01
50      4.452919083423195090177e+00      4.317509847080126528240e-01      9.626832343437675687525e-01
51      4.718764998851446179629e+00      4.575271628995357109382e-01      9.626832343437675687525e-01
52      4.895995609136947201989e+00      4.747112816938844903625e-01      9.626832343437675687525e-01
53      4.984610914279696380902e+00      4.833033410910588245635e-01      9.626832343437675687525e-01
54      9.825042152911899195900e-01      1.951939033947344970255e-01      9.314412910036660164792e-01
55      1.069837923317073613561e+00      2.125444725853775918001e-01      9.314412910036660164792e-01
56      1.244505339368840557412e+00      2.472456109666636703270e-01      9.314412910036660164792e-01
57      1.506506463446491084213e+00      2.992973185385928158730e-01      9.314412910036662385238e-01
58      1.768507587524141833057e+00      3.513490261105219891746e-01      9.314412910036661275015e-01
59      2.030508711601792359858e+00      4.034007336824512734985e-01      9.314412910036662385238e-01
60      2.292509835679443330747e+00      4.554524412543804468001e-01      9.314412910036661275015e-01
61      2.554510959757093857547e+00      5.075041488263096756128e-01      9.314412910036661275015e-01
62      2.816512083834744828437e+00      5.595558563982386823810e-01      9.314412910036660164792e-01
63      3.078513207912395355237e+00      6.116075639701680222160e-01      9.314412910036660164792e-01
64      3.340514331990045437948e+00      6.636592715420971400064e-01      9.314412910036660164792e-01
65      3.602515456067695520659e+00      7.157109791140262577969e-01      9.314412910036661275015e-01
66      3.864516580145347379727e+00      7.677626866859554866096e-01      9.314412910036660164792e-01
67      4.126517704222997018348e+00      8.198143942578847154223e-01      9.314412910036660164792e-01
68      4.388518828300647989238e+00      8.718661018298140552574e-01      9.314412910036660164792e-01
69      4.650519952378299848306e+00      9.239178094017430620255e-01      9.314412910036660164792e-01
70      4.825187368430065681935e+00      9.586189477830293625971e-01      9.314412910036660164792e-01
71      4.912521076455949042838e+00      9.759695169736724018605e-01      9.314412910036660164792e-01
72      9.574572024818888138498e-01      2.947713180651566622359e-01      9.054063382202479637328e-01
73      1.042564509369168002095e+00      3.209732130042816655724e-01      9.054063382202479637328e-01
74      1.212779123143725712453e+00      3.733770028825317832677e-01      9.054063382202479637328e-01
75      1.468101043805562611055e+00      4.519826876999067932772e-01      9.054063382202481857775e-01
76      1.723422964467400397837e+00      5.305883725172819698201e-01      9.054063382202479637328e-01
77      1.978744885129236408261e+00      6.091940573346570353408e-01      9.054063382202481857775e-01
78      2.234066805791074195042e+00      6.877997421520322118837e-01      9.054063382202479637328e-01
79      2.489388726452911981823e+00      7.664054269694073884267e-01      9.054063382202479637328e-01
80      2.744710647114747992248e+00      8.450111117867822319027e-01      9.054063382202479637328e-01
81      3.000032567776585334940e+00      9.236167966041572974234e-01      9.054063382202479637328e-01
82      3.255354488438421345364e+00      1.002222481421532362944e+00      9.054063382202479637328e-01
83      3.510676409100258688056e+00      1.080828166238907650509e+00      9.054063382202479637328e-01
84      3.765998329762096474838e+00      1.159433851056282716030e+00      9.054063382202479637328e-01
85      4.021320250423933373440e+00      1.238039535873657781551e+00      9.054063382202479637328e-01
86      4.276642171085770272043e+00      1.316645220691033069116e+00      9.054063382202479637328e-01
87      4.531964091747607170646e+00      1.395250905508408134637e+00      9.054063382202479637328e-01
88      4.702178705522165103048e+00      1.447654695386658252332e+00      9.054063382202479637328e-01
89      4.787286012409444957427e+00      1.473856590325782978113e+00      9.054063382202479637328e-01
90      9.212849516568555330309e-01      3.937266489315257023129e-01      8.845783759935138546027e-01
91      1.003176947359687209982e+00      4.287245732809947251774e-01      8.845783759935138546027e-01
92      1.166960938765350785928e+00      4.987204219799326043727e-01      8.845783759935136325581e-01
93      1.412636925873845150647e+00      6.037141950283393398990e-01      8.845783759935140766473e-01
94      1.658312912982340181500e+00      7.087079680767461864477e-01      8.845783759935138546027e-01
95      1.903988900090834324175e+00      8.137017411251531440186e-01      8.845783759935140766473e-01
96      2.149664887199330021161e+00      9.186955141735599905672e-01      8.845783759935138546027e-01
97      2.395340874307824829970e+00      1.023689287221966948138e+00      8.845783759935138546027e-01
98      2.641016861416318306510e+00      1.128683060270373461620e+00      8.845783759935138546027e-01
99      2.886692848524813559408e+00      1.233676833318780641235e+00      8.845783759935138546027e-01
100      3.132368835633308812305e+00      1.338670606367187376762e+00      8.845783759935138546027e-01
101      3.378044822741804065203e+00      1.443664379415594334333e+00      8.845783759935138546027e-01
102      3.623720809850298429922e+00      1.548658152464000847814e+00      8.845783759935138546027e-01
103      3.869396796958793682819e+00      1.653651925512407583341e+00      8.845783759935138546027e-01
104      4.115072784067288047538e+00      1.758645698560814540912e+00      8.845783759935138546027e-01
105      4.360748771175783744525e+00      1.863639471609221720527e+00      8.845783759935136325581e-01
106      4.524532762581445766159e+00      1.933635320308159100122e+00      8.845783759935138546027e-01
107      4.606424758284277665155e+00      1.968633244657628234009e+00      8.845783759935138546027e-01
108      8.738377403953614397381e-01      4.902362753812575246748e-01      8.689574043234629119326e-01
109      9.515122062082823628515e-01      5.338128331929248293619e-01      8.689574043234629119326e-01
110      1.106861137834124431123e+00      6.209659488162595497585e-01      8.689574043234628009102e-01
111      1.339884535272887422508e+00      7.516956222512614083087e-01      8.689574043234631339772e-01
112      1.572907932711650857982e+00      8.824252956862635999258e-01      8.689574043234629119326e-01
113      1.805931330150413405278e+00      1.013154969121265347454e+00      8.689574043234632449995e-01
114      2.038954727589177284841e+00      1.143884642556267650093e+00      8.689574043234629119326e-01
115      2.271978125027939832137e+00      1.274614315991269730688e+00      8.689574043234629119326e-01
116      2.505001522466702379432e+00      1.405343989426271367194e+00      8.689574043234629119326e-01
117      2.738024919905465370817e+00      1.536073662861273447788e+00      8.689574043234629119326e-01
118      2.971048317344228806292e+00      1.666803336296275306339e+00      8.689574043234629119326e-01
119      3.204071714782991797676e+00      1.797533009731277386933e+00      8.689574043234629119326e-01
120      3.437095112221754789061e+00      1.928262683166279245484e+00      8.689574043234629119326e-01
121      3.670118509660518224536e+00      2.058992356601281326078e+00      8.689574043234629119326e-01
122      3.903141907099280771831e+00      2.189722030036283406673e+00      8.689574043234629119326e-01
123      4.136165304538044651395e+00      2.320451703471285487268e+00      8.689574043234628009102e-01
124      4.291514236163886053532e+00      2.407604819094620207665e+00      8.689574043234629119326e-01
125      4.369188701976806754601e+00      2.451181376906287123774e+00      8.689574043234629119326e-01
126      8.153634234063347197008e-01      5.824107333115232654208e-01      8.585434232100954687894e-01
127      8.878401721535644774974e-01      6.341805762725475359431e-01      8.585434232100954687894e-01
128      1.032793669648023993091e+00      7.377202621945960769878e-01      8.585434232100954687894e-01
129      1.250223915889712822391e+00      8.930297910776685554879e-01      8.585434232100959128786e-01
130      1.467654162131402317826e+00      1.048339319960741589099e+00      8.585434232100956908340e-01
131      1.685084408373091147126e+00      1.203648848843814178622e+00      8.585434232100959128786e-01
132      1.902514654614780864605e+00      1.358958377726887212233e+00      8.585434232100956908340e-01
133      2.119944900856470137995e+00      1.514267906609960245845e+00      8.585434232100956908340e-01
134      2.337375147098159633430e+00      1.669577435493033057412e+00      8.585434232100954687894e-01
135      2.554805393339848684775e+00      1.824886964376105868979e+00      8.585434232100954687894e-01
136      2.772235639581538624299e+00      1.980196493259178902591e+00      8.585434232100954687894e-01
137      2.989665885823226343376e+00      2.135506022142251048024e+00      8.585434232100956908340e-01
138      3.207096132064916726989e+00      2.290815551025324747769e+00      8.585434232100954687894e-01
139      3.424526378306606222424e+00      2.446125079908397115247e+00      8.585434232100954687894e-01
140      3.641956624548295273769e+00      2.601434608791470370903e+00      8.585434232100954687894e-01
141      3.859386870789984769203e+00      2.756744137674543182470e+00      8.585434232100954687894e-01
142      4.004340368284443840707e+00      2.860283823596591723515e+00      8.585434232100954687894e-01
143      4.076817117031673376459e+00      2.912053666557615994037e+00      8.585434232100954687894e-01
144      7.465286983895291772484e-01      6.684039821397265157543e-01      8.533364326534118582401e-01
145      8.128868049130429929150e-01      7.278176694410355418441e-01      8.533364326534118582401e-01
146      9.456030179600701801590e-01      8.466450440436535940236e-01      8.533364326534118582401e-01
147      1.144677337530611183070e+00      1.024886105947580450248e+00      8.533364326534121913070e-01
148      1.343751657101152519047e+00      1.203127167851507417495e+00      8.533364326534120802847e-01
149      1.542825976671693188891e+00      1.381368229755434384742e+00      8.533364326534123023293e-01
150      1.741900296242234524868e+00      1.559609291659361351989e+00      8.533364326534120802847e-01
151      1.940974615812775638801e+00      1.737850353563288985370e+00      8.533364326534120802847e-01
152      2.140048935383316752734e+00      1.916091415467215952617e+00      8.533364326534118582401e-01
153      2.339123254953857866667e+00      2.094332477371142697820e+00      8.533364326534118582401e-01
154      2.538197574524398980600e+00      2.272573539275069887111e+00      8.533364326534118582401e-01
155      2.737271894094939650444e+00      2.450814601178996188224e+00      8.533364326534120802847e-01
156      2.936346213665481208466e+00      2.629055663082924709784e+00      8.533364326534118582401e-01
157      3.135420533236022766488e+00      2.807296724986851454986e+00      8.533364326534118582401e-01
158      3.334494852806563436332e+00      2.985537786890778644278e+00      8.533364326534118582401e-01
159      3.533569172377104994354e+00      3.163778848794704945391e+00      8.533364326534118582401e-01
160      3.666285385424131959553e+00      3.282606223397323219615e+00      8.533364326534118582401e-01
161      3.732643491947645664197e+00      3.342019910698632578772e+00      8.533364326534118582401e-01
162      6.684039821397264047320e-01      7.465286983895290662261e-01      8.533364326534119692624e-01
163      7.278176694410355418441e-01      8.128868049130428818927e-01      8.533364326534119692624e-01
164      8.466450440436533719790e-01      9.456030179600701801590e-01      8.533364326534119692624e-01
165      1.024886105947580450248e+00      1.144677337530611183070e+00      8.533364326534121913070e-01
166      1.203127167851507417495e+00      1.343751657101152519047e+00      8.533364326534120802847e-01
167      1.381368229755434384742e+00      1.542825976671693188891e+00      8.533364326534123023293e-01
168      1.559609291659361796079e+00      1.741900296242234746913e+00      8.533364326534120802847e-01
169      1.737850353563288985370e+00      1.940974615812775860846e+00      8.533364326534120802847e-01
170      1.916091415467215730573e+00      2.140048935383316752734e+00      8.533364326534119692624e-01
171      2.094332477371142697820e+00      2.339123254953857866667e+00      8.533364326534119692624e-01
172      2.272573539275069443022e+00      2.538197574524398980600e+00      8.533364326534119692624e-01
173      2.450814601178996188224e+00      2.737271894094939650444e+00      8.533364326534120802847e-01
174      2.629055663082924265694e+00      2.936346213665481208466e+00      8.533364326534119692624e-01
175      2.807296724986851010897e+00      3.135420533236022322399e+00      8.533364326534119692624e-01
176      2.985537786890778200188e+00      3.334494852806563880421e+00      8.533364326534119692624e-01
177      3.163778848794705389480e+00      3.533569172377104994354e+00      8.533364326534118582401e-01
178      3.282606223397322775526e+00      3.666285385424132403642e+00      8.533364326534119692624e-01
179      3.342019910698632134682e+00      3.732643491947645664197e+00      8.533364326534119692624e-01
180      5.824107333115229323539e-01      8.153634234063343866339e-01      8.585434232100956908340e-01
181      6.341805762725472028762e-01      8.878401721535642554528e-01      8.585434232100956908340e-01
182      7.377202621945959659655e-01      1.032793669648023771046e+00      8.585434232100954687894e-01
183      8.930297910776686665102e-01      1.250223915889713044436e+00      8.585434232100956908340e-01
184      1.048339319960741589099e+00      1.467654162131402095781e+00      8.585434232100956908340e-01
185      1.203648848843814178622e+00      1.685084408373091369171e+00      8.585434232100958018563e-01
186      1.358958377726887212233e+00      1.902514654614780864605e+00      8.585434232100956908340e-01
187      1.514267906609960023800e+00      2.119944900856469693906e+00      8.585434232100956908340e-01
188      1.669577435493032391278e+00      2.337375147098158745251e+00      8.585434232100956908340e-01
189      1.824886964376105202845e+00      2.554805393339848240686e+00      8.585434232100956908340e-01
190      1.980196493259178014412e+00      2.772235639581536847942e+00      8.585434232100956908340e-01
191      2.135506022142251048024e+00      2.989665885823226343376e+00      8.585434232100956908340e-01
192      2.290815551025323859591e+00      3.207096132064915394722e+00      8.585434232100956908340e-01
193      2.446125079908396671158e+00      3.424526378306604890156e+00      8.585434232100956908340e-01
194      2.601434608791469038636e+00      3.641956624548293941501e+00      8.585434232100956908340e-01
195      2.756744137674543182470e+00      3.859386870789983881025e+00      8.585434232100954687894e-01
196      2.860283823596590391247e+00      4.004340368284442952529e+00      8.585434232100956908340e-01
197      2.912053666557614661770e+00      4.076817117031672488281e+00      8.585434232100956908340e-01
198      4.902362753812575801859e-01      8.738377403953615507604e-01      8.689574043234626898879e-01
199      5.338128331929249403842e-01      9.515122062082824738738e-01      8.689574043234626898879e-01
200      6.209659488162595497585e-01      1.106861137834124653168e+00      8.689574043234626898879e-01
201      7.516956222512615193310e-01      1.339884535272887422508e+00      8.689574043234630229549e-01
202      8.824252956862638219704e-01      1.572907932711650857982e+00      8.689574043234626898879e-01
203      1.013154969121265569498e+00      1.805931330150413405278e+00      8.689574043234630229549e-01
204      1.143884642556268094182e+00      2.038954727589177284841e+00      8.689574043234626898879e-01
205      1.274614315991269952733e+00      2.271978125027940276226e+00      8.689574043234626898879e-01
206      1.405343989426271811283e+00      2.505001522466702823522e+00      8.689574043234626898879e-01
207      1.536073662861273891878e+00      2.738024919905465814907e+00      8.689574043234626898879e-01
208      1.666803336296275972472e+00      2.971048317344228362202e+00      8.689574043234626898879e-01
209      1.797533009731277831023e+00      3.204071714782991797676e+00      8.689574043234626898879e-01
210      1.928262683166279689573e+00      3.437095112221754789061e+00      8.689574043234626898879e-01
211      2.058992356601282214257e+00      3.670118509660518224536e+00      8.689574043234626898879e-01
212      2.189722030036283850762e+00      3.903141907099281215920e+00      8.689574043234626898879e-01
213      2.320451703471285931357e+00      4.136165304538043763216e+00      8.689574043234626898879e-01
214      2.407604819094621095843e+00      4.291514236163886941711e+00      8.689574043234626898879e-01
215      2.451181376906287567863e+00      4.369188701976807642779e+00      8.689574043234626898879e-01
216      3.937266489315257023129e-01      9.212849516568555330309e-01      8.845783759935135215358e-01
217      4.287245732809947806885e-01      1.003176947359687209982e+00      8.845783759935135215358e-01
218      4.987204219799326043727e-01      1.166960938765350341839e+00      8.845783759935135215358e-01
219      6.037141950283394509214e-01      1.412636925873845150647e+00      8.845783759935137435804e-01
220      7.087079680767464084923e-01      1.658312912982340181500e+00      8.845783759935136325581e-01
221      8.137017411251531440186e-01      1.903988900090834546219e+00      8.845783759935138546027e-01
222      9.186955141735602126118e-01      2.149664887199329577072e+00      8.845783759935136325581e-01
223      1.023689287221967170183e+00      2.395340874307824829970e+00      8.845783759935136325581e-01
224      1.128683060270373905709e+00      2.641016861416319194689e+00      8.845783759935135215358e-01
225      1.233676833318780863280e+00      2.886692848524814447586e+00      8.845783759935135215358e-01
226      1.338670606367187598806e+00      3.132368835633309256394e+00      8.845783759935135215358e-01
227      1.443664379415594334333e+00      3.378044822741803177024e+00      8.845783759935136325581e-01
228      1.548658152464001291904e+00      3.623720809850298874011e+00      8.845783759935135215358e-01
229      1.653651925512408027430e+00      3.869396796958794126908e+00      8.845783759935135215358e-01
230      1.758645698560814985001e+00      4.115072784067288047538e+00      8.845783759935135215358e-01
231      1.863639471609221720527e+00      4.360748771175783744525e+00      8.845783759935135215358e-01
232      1.933635320308159988301e+00      4.524532762581446654337e+00      8.845783759935135215358e-01
233      1.968633244657628900143e+00      4.606424758284277665155e+00      8.845783759935135215358e-01
234      2.947713180651565512136e-01      9.574572024818888138498e-01      9.054063382202479637328e-01
235      3.209732130042815545501e-01      1.042564509369167780051e+00      9.054063382202479637328e-01
236      3.733770028825316167342e-01      1.212779123143725934497e+00      9.054063382202478527105e-01
237      4.519826876999066267437e-01      1.468101043805562611055e+00      9.054063382202481857775e-01
238      5.305883725172818587978e-01      1.723422964467400175792e+00      9.054063382202479637328e-01
239      6.091940573346569243185e-01      1.978744885129236630306e+00      9.054063382202481857775e-01
240      6.877997421520319898391e-01      2.234066805791074195042e+00      9.054063382202479637328e-01
241      7.664054269694072774044e-01      2.489388726452911537734e+00      9.054063382202479637328e-01
242      8.450111117867822319027e-01      2.744710647114747992248e+00      9.054063382202479637328e-01
243      9.236167966041571864011e-01      3.000032567776584890851e+00      9.054063382202479637328e-01
244      1.002222481421532140899e+00      3.255354488438422233543e+00      9.054063382202479637328e-01
245      1.080828166238907428465e+00      3.510676409100258688056e+00      9.054063382202479637328e-01
246      1.159433851056282493985e+00      3.765998329762096030748e+00      9.054063382202479637328e-01
247      1.238039535873657559506e+00      4.021320250423933373440e+00      9.054063382202479637328e-01
248      1.316645220691032625027e+00      4.276642171085770272043e+00      9.054063382202479637328e-01
249      1.395250905508407690547e+00      4.531964091747607170646e+00      9.054063382202479637328e-01
250      1.447654695386657808243e+00      4.702178705522165103048e+00      9.054063382202479637328e-01
251      1.473856590325782756068e+00      4.787286012409444957427e+00      9.054063382202479637328e-01
252      1.951939033947344137587e-01      9.825042152911899195900e-01      9.314412910036660164792e-01
253      2.125444725853774807778e-01      1.069837923317073613561e+00      9.314412910036660164792e-01
254      2.472456109666636148159e-01      1.244505339368840557412e+00      9.314412910036659054569e-01
255      2.992973185385927603619e-01      1.506506463446491084213e+00      9.314412910036662385238e-01
256      3.513490261105219891746e-01      1.768507587524142055102e+00      9.314412910036660164792e-01
257      4.034007336824511069651e-01      2.030508711601792359858e+00      9.314412910036662385238e-01
258      4.554524412543804468001e-01      2.292509835679443330747e+00      9.314412910036660164792e-01
259      5.075041488263096756128e-01      2.554510959757093857547e+00      9.314412910036660164792e-01
260      5.595558563982386823810e-01      2.816512083834744384347e+00      9.314412910036660164792e-01
261      6.116075639701679111937e-01      3.078513207912394911148e+00      9.314412910036660164792e-01
262      6.636592715420969179618e-01      3.340514331990045437948e+00      9.314412910036660164792e-01
263      7.157109791140262577969e-01      3.602515456067695964748e+00      9.314412910036660164792e-01
264      7.677626866859553755873e-01      3.864516580145346935637e+00      9.314412910036660164792e-01
265      8.198143942578846044000e-01      4.126517704222997018348e+00      9.314412910036660164792e-01
266      8.718661018298138332128e-01      4.388518828300647989238e+00      9.314412910036660164792e-01
267      9.239178094017428399809e-01      4.650519952378298960127e+00      9.314412910036660164792e-01
268      9.586189477830290295302e-01      4.825187368430065681935e+00      9.314412910036660164792e-01
269      9.759695169736720687936e-01      4.912521076455949042838e+00      9.314412910036660164792e-01
270      9.666066821821173160600e-02      9.969221828559393649982e-01      9.626832343437674577302e-01
271      1.052527276153861213182e-01      1.085537487998689654134e+00      9.626832343437674577302e-01
272      1.224368464097348868647e-01      1.262768098284190010361e+00      9.626832343437673467079e-01
273      1.482130246012579866122e-01      1.528614013712440211634e+00      9.626832343437677907971e-01
274      1.739892027927811557486e-01      1.794459929140691301086e+00      9.626832343437674577302e-01
275      1.997653809843042416183e-01      2.060305844568941058270e+00      9.626832343437677907971e-01
276      2.255415591758274662659e-01      2.326151759997192147722e+00      9.626832343437674577302e-01
277      2.513177373673505798912e-01      2.591997675425443237174e+00      9.626832343437674577302e-01
278      2.770939155588736935165e-01      2.857843590853692994358e+00      9.626832343437674577302e-01
279      3.028700937503967516307e-01      3.123689506281943639721e+00      9.626832343437674577302e-01
280      3.286462719419199207671e-01      3.389535421710193840994e+00      9.626832343437674577302e-01
281      3.544224501334430899036e-01      3.655381337138444486357e+00      9.626832343437674577302e-01
282      3.801986283249661480177e-01      3.921227252566695575808e+00      9.626832343437674577302e-01
283      4.059748065164892616430e-01      4.187073167994945777082e+00      9.626832343437674577302e-01
284      4.317509847080124862906e-01      4.452919083423196866534e+00      9.626832343437674577302e-01
285      4.575271628995354888936e-01      4.718764998851447067807e+00      9.626832343437674577302e-01
286      4.747112816938843238290e-01      4.895995609136947201989e+00      9.626832343437674577302e-01
287      4.833033410910586580300e-01      4.984610914279697269080e+00      9.626832343437674577302e-01
288      3.184146355281163021100e-02      1.000000000000000000000e+00      9.869825236082909736268e-01
289      3.467181586861711045655e-02      1.088888888888889017181e+00      9.869825236082909736268e-01
290      4.033252050022806400875e-02      1.266666666666667051544e+00      9.869825236082908626045e-01
291      4.882357744764449780650e-02      1.533333333333333214910e+00      9.869825236082911956714e-01
292      5.731463439506093854314e-02      1.800000000000000488498e+00      9.869825236082909736268e-01
293      6.580569134247737927979e-02      2.066666666666666429819e+00      9.869825236082911956714e-01
294      7.429674828989382695532e-02      2.333333333333333925452e+00      9.869825236082909736268e-01
295      8.278780523731026075307e-02      2.600000000000000976996e+00      9.869825236082909736268e-01
296      9.127886218472668067303e-02      2.866666666666666252183e+00      9.869825236082909736268e-01
297      9.976991913214311447078e-02      3.133333333333333747817e+00      9.869825236082909736268e-01
298      1.082609760795595343907e-01      3.399999999999999467093e+00      9.869825236082909736268e-01
299      1.167520330269759820663e-01      3.666666666666666962726e+00      9.869825236082909736268e-01
300      1.252430899743924019862e-01      3.933333333333333570181e+00      9.869825236082909736268e-01
301      1.337341469218088496618e-01      4.200000000000000177636e+00      9.869825236082909736268e-01
302      1.422252038692252695817e-01      4.466666666666665896912e+00      9.869825236082909736268e-01
303      1.507162608166416895017e-01      4.733333333333333392545e+00      9.869825236082909736268e-01
304      1.563769654482526638706e-01      4.911111111111111426908e+00      9.869825236082909736268e-01
305      1.592073177640581371772e-01      5.000000000000000000000e+00      9.869825236082909736268e-01
306      0.000000000000000000000e+00      1.000000000000000000000e+00      1.000000000000000000000e+00
307      0.000000000000000000000e+00      1.088888888888889017181e+00      1.000000000000000000000e+00
308      0.000000000000000000000e+00      1.266666666666666829499e+00      9.999999999999998889777e-01
309      0.000000000000000000000e+00      1.533333333333333214910e+00      1.000000000000000222045e+00
310      0.000000000000000000000e+00      1.800000000000000266454e+00      1.000000000000000000000e+00
311      0.000000000000000000000e+00      2.066666666666666429819e+00      1.000000000000000222045e+00
312      0.000000000000000000000e+00      2.333333333333333481363e+00      1.000000000000000000000e+00
313      0.000000000000000000000e+00      2.600000000000000532907e+00      1.000000000000000000000e+00
314      0.000000000000000000000e+00      2.866666666666666696273e+00      1.000000000000000000000e+00
315      0.000000000000000000000e+00      3.133333333333333303727e+00      1.000000000000000000000e+00
316      0.000000000000000000000e+00      3.399999999999999467093e+00      1.000000000000000000000e+00
317      0.000000000000000000000e+00      3.666666666666666518637e+00      1.000000000000000000000e+00
318      0.000000000000000000000e+00      3.933333333333333570181e+00      1.000000000000000000000e+00
319      0.000000000000000000000e+00      4.200000000000000177636e+00      1.000000000000000000000e+00
320      0.000000000000000000000e+00      4.466666666666666785090e+00      1.000000000000000000000e+00
321      0.000000000000000000000e+00      4.733333333333333392545e+00      1.000000000000000000000e+00
322      0.000000000000000000000e+00      4.911111111111111426908e+00      1.000000000000000000000e+00
323      0.000000000000000000000e+00      5.000000000000000000000e+00      1.000000000000000000000e+00

boundary 0
0
1
2
3
4
5
6
7
8
9
10
11
12
13
14
15
16
17
35
53
71
89
107
125
143
161
179
197
215
233
251
269
287
305
323

boundary 1
17
35
53
71
89
107
125
143
161
179
197
215
233
251
269
287
305
306
307
308
309
310
311
312
313
314
315
316
317
318
319
320
321
322
323

