patch connectivity
0   1   2   3   4   5   6   7   8   9   10   11   12   13   14   15   16   17   18   19   20   21   22   23   24   25   26   27   28   29   30   31   32   33   34   35   36   37   38   39   40   41   42   43   44   45   46   47   48   49   50   51   52   53   54   55   56   57   58   59   60   61   62   63   64   65   66   67   68   69   70   71   72   73   74   75   76   77   78   79   80   81   82   83   84   85   86   87   88   89   90   91   92   93   94   95   96   97   98   99

control point infomation
0      1.000000000000000000000e+00      0.000000000000000000000e+00      1.000000000000000000000e+00
1      1.190476190476190465617e+00      0.000000000000000000000e+00      1.000000000000000000000e+00
2      1.571428571428571396851e+00      0.000000000000000000000e+00      1.000000000000000000000e+00
3      2.142857142857143237791e+00      0.000000000000000000000e+00      9.999999999999998889777e-01
4      2.714285714285713968508e+00      0.000000000000000000000e+00      1.000000000000000000000e+00
5      3.285714285714286475582e+00      0.000000000000000000000e+00      1.000000000000000000000e+00
6      3.857142857142857206298e+00      0.000000000000000000000e+00      1.000000000000000000000e+00
7      4.428571428571428825194e+00      0.000000000000000000000e+00      1.000000000000000000000e+00
8      4.809523809523809312338e+00      0.000000000000000000000e+00      1.000000000000000000000e+00
9      5.000000000000000000000e+00      0.000000000000000000000e+00      1.000000000000000000000e+00
10      1.000000000000000000000e+00      6.927592669941172454084e-02      9.721054077320522290862e-01
11      1.190476190476190465617e+00      8.247134130882349811742e-02      9.721054077320522290862e-01
12      1.571428571428571396851e+00      1.088621705276469897594e-01      9.721054077320522290862e-01
13      2.142857142857142793702e+00      1.484484143558822688558e-01      9.721054077320521180638e-01
14      2.714285714285713968508e+00      1.880346581841175201966e-01      9.721054077320522290862e-01
15      3.285714285714286031492e+00      2.276209020123528270485e-01      9.721054077320522290862e-01
16      3.857142857142857206298e+00      2.672071458405880228781e-01      9.721054077320522290862e-01
17      4.428571428571428825194e+00      3.067933896688233574856e-01      9.721054077320522290862e-01
18      4.809523809523809312338e+00      3.331842188876468213721e-01      9.721054077320522290862e-01
19      5.000000000000000888178e+00      3.463796334970586365820e-01      9.721054077320522290862e-01
20      9.852800533533631055505e-01      2.124828544049200407251e-01      9.242861067012844156210e-01
21      1.172952444468289279200e+00      2.529557790534762151680e-01      9.242861067012845266433e-01
22      1.548297226698141848544e+00      3.339016283505886195648e-01      9.242861067012844156210e-01
23      2.111314400042921146650e+00      4.553204022962572539157e-01      9.242861067012841935764e-01
24      2.674331573387699556577e+00      5.767391762419257217331e-01      9.242861067012844156210e-01
25      3.237348746732478854682e+00      6.981579501875944115952e-01      9.242861067012844156210e-01
26      3.800365920077257264609e+00      8.195767241332629904349e-01      9.242861067012844156210e-01
27      4.363383093422036118625e+00      9.409954980789316802969e-01      9.242861067012844156210e-01
28      4.738727875651888687969e+00      1.021941347376043918160e+00      9.242861067012844156210e-01
29      4.926400266766815860819e+00      1.062414272024599926070e+00      9.242861067012844156210e-01
30      9.146231990890487661972e-01      4.256469756899642353787e-01      8.764668056705166021558e-01
31      1.088837141772676986307e+00      5.067225901071003013598e-01      8.764668056705167131781e-01
32      1.437265027139933870615e+00      6.688738189413724333221e-01      8.764668056705166021558e-01
33      1.959906855190819197077e+00      9.121006621927807422878e-01      8.764668056705163801112e-01
34      2.482548683241703635360e+00      1.155327505444188718187e+00      8.764668056705166021558e-01
35      3.005190511292589405912e+00      1.398554348695596916130e+00      8.764668056705166021558e-01
36      3.527832339343473844195e+00      1.641781191947005114073e+00      8.764668056705166021558e-01
37      4.050474167394359170657e+00      1.885008035198412867928e+00      8.764668056705166021558e-01
38      4.398902052761615166787e+00      2.047159264032684777845e+00      8.764668056705166021558e-01
39      4.573115995445243164852e+00      2.128234878449820843827e+00      8.764668056705166021558e-01
40      7.925408903909367808183e-01      6.249777633990012404297e-01      8.525571551551328619567e-01
41      9.435010599892105220832e-01      7.440211469035729052734e-01      8.525571551551328619567e-01
42      1.245421399185757671546e+00      9.821079139127161239387e-01      8.525571551551328619567e-01
43      1.698301907980579894542e+00      1.339238064426431673581e+00      8.525571551551325288898e-01
44      2.151182416775399897091e+00      1.696368214940146001979e+00      8.525571551551328619567e-01
45      2.604062925570221675997e+00      2.053498365453861218555e+00      8.525571551551328619567e-01
46      3.056943434365041678547e+00      2.410628515967576213086e+00      8.525571551551328619567e-01
47      3.509823943159863013364e+00      2.767758666481291207617e+00      8.525571551551328619567e-01
48      3.811744282356410717938e+00      3.005845433490434093216e+00      8.525571551551328619567e-01
49      3.962704451954684348181e+00      3.124888816995006202148e+00      8.525571551551328619567e-01
50      6.249777633990012404297e-01      7.925408903909368918406e-01      8.525571551551328619567e-01
51      7.440211469035729052734e-01      9.435010599892105220832e-01      8.525571551551328619567e-01
52      9.821079139127163459833e-01      1.245421399185757893591e+00      8.525571551551328619567e-01
53      1.339238064426431895626e+00      1.698301907980579894542e+00      8.525571551551325288898e-01
54      1.696368214940146001979e+00      2.151182416775399897091e+00      8.525571551551328619567e-01
55      2.053498365453861218555e+00      2.604062925570221231908e+00      8.525571551551328619567e-01
56      2.410628515967576213086e+00      3.056943434365042566725e+00      8.525571551551328619567e-01
57      2.767758666481291207617e+00      3.509823943159863013364e+00      8.525571551551328619567e-01
58      3.005845433490434537305e+00      3.811744282356410717938e+00      8.525571551551328619567e-01
59      3.124888816995005758059e+00      3.962704451954684792270e+00      8.525571551551328619567e-01
60      4.256469756899641798675e-01      9.146231990890486551748e-01      8.764668056705167131781e-01
61      5.067225901071003013598e-01      1.088837141772676986307e+00      8.764668056705167131781e-01
62      6.688738189413722112775e-01      1.437265027139933648570e+00      8.764668056705167131781e-01
63      9.121006621927805202432e-01      1.959906855190818975032e+00      8.764668056705164911335e-01
64      1.155327505444188274097e+00      2.482548683241703635360e+00      8.764668056705167131781e-01
65      1.398554348695596472041e+00      3.005190511292588961823e+00      8.764668056705167131781e-01
66      1.641781191947004892029e+00      3.527832339343473400106e+00      8.764668056705167131781e-01
67      1.885008035198412645883e+00      4.050474167394359170657e+00      8.764668056705167131781e-01
68      2.047159264032684777845e+00      4.398902052761615166787e+00      8.764668056705167131781e-01
69      2.128234878449820843827e+00      4.573115995445243164852e+00      8.764668056705167131781e-01
70      2.124828544049200407251e-01      9.852800533533629945282e-01      9.242861067012844156210e-01
71      2.529557790534762151680e-01      1.172952444468289501245e+00      9.242861067012844156210e-01
72      3.339016283505885640537e-01      1.548297226698141848544e+00      9.242861067012844156210e-01
73      4.553204022962572539157e-01      2.111314400042921146650e+00      9.242861067012841935764e-01
74      5.767391762419257217331e-01      2.674331573387699112487e+00      9.242861067012844156210e-01
75      6.981579501875945226175e-01      3.237348746732479298771e+00      9.242861067012844156210e-01
76      8.195767241332629904349e-01      3.800365920077257264609e+00      9.242861067012844156210e-01
77      9.409954980789314582523e-01      4.363383093422036118625e+00      9.242861067012844156210e-01
78      1.021941347376043918160e+00      4.738727875651888687969e+00      9.242861067012844156210e-01
79      1.062414272024599926070e+00      4.926400266766815860819e+00      9.242861067012844156210e-01
80      6.927592669941173841863e-02      1.000000000000000000000e+00      9.721054077320521180638e-01
81      8.247134130882351199521e-02      1.190476190476190465617e+00      9.721054077320521180638e-01
82      1.088621705276470175150e-01      1.571428571428571396851e+00      9.721054077320521180638e-01
83      1.484484143558823243669e-01      2.142857142857143237791e+00      9.721054077320520070415e-01
84      1.880346581841176034633e-01      2.714285714285713968508e+00      9.721054077320521180638e-01
85      2.276209020123529103152e-01      3.285714285714286475582e+00      9.721054077320521180638e-01
86      2.672071458405881894116e-01      3.857142857142857206298e+00      9.721054077320521180638e-01
87      3.067933896688234685080e-01      4.428571428571428825194e+00      9.721054077320521180638e-01
88      3.331842188876469879055e-01      4.809523809523809312338e+00      9.721054077320521180638e-01
89      3.463796334970586920932e-01      5.000000000000000888178e+00      9.721054077320521180638e-01
90      0.000000000000000000000e+00      1.000000000000000000000e+00      1.000000000000000000000e+00
91      0.000000000000000000000e+00      1.190476190476190465617e+00      1.000000000000000000000e+00
92      0.000000000000000000000e+00      1.571428571428571396851e+00      1.000000000000000000000e+00
93      0.000000000000000000000e+00      2.142857142857143237791e+00      9.999999999999998889777e-01
94      0.000000000000000000000e+00      2.714285714285713968508e+00      1.000000000000000000000e+00
95      0.000000000000000000000e+00      3.285714285714286475582e+00      1.000000000000000000000e+00
96      0.000000000000000000000e+00      3.857142857142857206298e+00      1.000000000000000000000e+00
97      0.000000000000000000000e+00      4.428571428571428825194e+00      1.000000000000000000000e+00
98      0.000000000000000000000e+00      4.809523809523809312338e+00      1.000000000000000000000e+00
99      0.000000000000000000000e+00      5.000000000000000000000e+00      1.000000000000000000000e+00

boundary 0
0
1
2
3
4
5
6
7
8
9
19
29
39
49
59
69
79
89
99

boundary 1
9
19
29
39
49
59
69
79
89
90
91
92
93
94
95
96
97
98
99

