patch connectivity
0   1   2   3   4   5   6   7   8   9   10   11   12   13   14   15   16   17   18   19   20   21   22   23   24   25   26   27   28   29   30   31   32   33   34   35   36   37   38   39   40   41   42   43   44   45   46   47   48   49   50   51   52   53   54   55   56   57   58   59   60   61   62   63   64   65   66   67   68   69   70   71   72   73   74   75   76   77   78   79   80   81   82   83   84   85   86   87   88   89   90   91   92   93   94   95   96   97   98   99   100   101   102   103   104   105   106   107   108   109   110   111   112   113   114   115   116   117   118   119   120   121   122   123   124   125   126   127   128   129   130   131   132   133   134   135   136   137   138   139   140   141   142   143   144   145   146   147   148   149   150   151   152   153   154   155   156   157   158   159   160   161   162   163   164   165   166   167   168   169   170   171   172   173   174   175   176   177   178   179   180   181   182   183   184   185   186   187   188   189   190   191   192   193   194   195   196   197   198   199   200   201   202   203   204   205   206   207   208   209   210   211   212   213   214   215   216   217   218   219   220   221   222   223   224

control point infomation
0      0.000000000000000000000e+00      0.000000000000000000000e+00      1.000000000000000000000e+00
1      2.777777777777777901136e-01      0.000000000000000000000e+00      1.000000000000000000000e+00
2      8.333333333333334813631e-01      0.000000000000000000000e+00      9.999999999999998889777e-01
3      1.666666666666667184771e+00      0.000000000000000000000e+00      9.999999999999998889777e-01
4      2.500000000000000444089e+00      0.000000000000000000000e+00      1.000000000000000000000e+00
5      3.333333333333334369541e+00      0.000000000000000000000e+00      9.999999999999998889777e-01
6      4.166666666666666962726e+00      0.000000000000000000000e+00      1.000000000000000000000e+00
7      5.000000000000000888178e+00      0.000000000000000000000e+00      9.999999999999998889777e-01
8      5.833333333333333925452e+00      0.000000000000000000000e+00      1.000000000000000000000e+00
9      6.666666666666666962726e+00      0.000000000000000000000e+00      1.000000000000000000000e+00
10      7.500000000000000000000e+00      0.000000000000000000000e+00      1.000000000000000000000e+00
11      8.333333333333332149095e+00      0.000000000000000000000e+00      1.000000000000000000000e+00
12      9.166666666666666074548e+00      0.000000000000000000000e+00      1.000000000000000000000e+00
13      9.722222222222221432730e+00      0.000000000000000000000e+00      1.000000000000000000000e+00
14      1.000000000000000000000e+01      0.000000000000000000000e+00      1.000000000000000000000e+00
15      0.000000000000000000000e+00      2.777777777777777901136e-01      1.000000000000000000000e+00
16      2.777777777777777901136e-01      2.777777777777777901136e-01      1.000000000000000000000e+00
17      8.333333333333334813631e-01      2.777777777777778456247e-01      9.999999999999997779554e-01
18      1.666666666666667184771e+00      2.777777777777778456247e-01      9.999999999999997779554e-01
19      2.500000000000000444089e+00      2.777777777777778456247e-01      1.000000000000000000000e+00
20      3.333333333333334369541e+00      2.777777777777778456247e-01      9.999999999999997779554e-01
21      4.166666666666666962726e+00      2.777777777777778456247e-01      1.000000000000000000000e+00
22      5.000000000000000888178e+00      2.777777777777778456247e-01      9.999999999999997779554e-01
23      5.833333333333333925452e+00      2.777777777777778456247e-01      1.000000000000000000000e+00
24      6.666666666666666074548e+00      2.777777777777777901136e-01      1.000000000000000000000e+00
25      7.500000000000000000000e+00      2.777777777777777901136e-01      1.000000000000000000000e+00
26      8.333333333333332149095e+00      2.777777777777777901136e-01      1.000000000000000000000e+00
27      9.166666666666666074548e+00      2.777777777777777901136e-01      1.000000000000000000000e+00
28      9.722222222222221432730e+00      2.777777777777777901136e-01      1.000000000000000000000e+00
29      1.000000000000000000000e+01      2.777777777777777901136e-01      1.000000000000000000000e+00
30      0.000000000000000000000e+00      8.333333333333334813631e-01      9.999999999999998889777e-01
31      2.777777777777778456247e-01      8.333333333333333703408e-01      9.999999999999998889777e-01
32      8.333333333333335923854e-01      8.333333333333335923854e-01      9.999999999999997779554e-01
33      1.666666666666667406815e+00      8.333333333333334813631e-01      9.999999999999997779554e-01
34      2.500000000000000888178e+00      8.333333333333335923854e-01      9.999999999999998889777e-01
35      3.333333333333334813631e+00      8.333333333333335923854e-01      9.999999999999997779554e-01
36      4.166666666666667850905e+00      8.333333333333335923854e-01      9.999999999999998889777e-01
37      5.000000000000000888178e+00      8.333333333333334813631e-01      9.999999999999997779554e-01
38      5.833333333333334813631e+00      8.333333333333335923854e-01      9.999999999999998889777e-01
39      6.666666666666667850905e+00      8.333333333333334813631e-01      9.999999999999998889777e-01
40      7.500000000000000888178e+00      8.333333333333334813631e-01      9.999999999999998889777e-01
41      8.333333333333333925452e+00      8.333333333333334813631e-01      9.999999999999998889777e-01
42      9.166666666666667850905e+00      8.333333333333334813631e-01      9.999999999999998889777e-01
43      9.722222222222223209087e+00      8.333333333333334813631e-01      9.999999999999998889777e-01
44      1.000000000000000177636e+01      8.333333333333334813631e-01      9.999999999999998889777e-01
45      0.000000000000000000000e+00      1.666666666666667184771e+00      9.999999999999998889777e-01
46      2.777777777777777901136e-01      1.666666666666666740682e+00      9.999999999999998889777e-01
47      8.333333333333334813631e-01      1.666666666666667406815e+00      9.999999999999997779554e-01
48      1.666666666666667184771e+00      1.666666666666666962726e+00      9.999999999999997779554e-01
49      2.500000000000000444089e+00      1.666666666666667184771e+00      9.999999999999998889777e-01
50      3.333333333333334369541e+00      1.666666666666667406815e+00      9.999999999999997779554e-01
51      4.166666666666667850905e+00      1.666666666666667184771e+00      9.999999999999998889777e-01
52      4.999999999999999111822e+00      1.666666666666667184771e+00      9.999999999999997779554e-01
53      5.833333333333333925452e+00      1.666666666666667184771e+00      9.999999999999998889777e-01
54      6.666666666666667850905e+00      1.666666666666667184771e+00      9.999999999999998889777e-01
55      7.500000000000000888178e+00      1.666666666666667184771e+00      9.999999999999998889777e-01
56      8.333333333333333925452e+00      1.666666666666667184771e+00      9.999999999999998889777e-01
57      9.166666666666667850905e+00      1.666666666666667184771e+00      9.999999999999998889777e-01
58      9.722222222222223209087e+00      1.666666666666667184771e+00      9.999999999999998889777e-01
59      9.999999999999998223643e+00      1.666666666666667184771e+00      9.999999999999998889777e-01
60      0.000000000000000000000e+00      2.500000000000000444089e+00      1.000000000000000000000e+00
61      2.777777777777778456247e-01      2.500000000000000000000e+00      1.000000000000000000000e+00
62      8.333333333333334813631e-01      2.500000000000000888178e+00      9.999999999999998889777e-01
63      1.666666666666667406815e+00      2.500000000000000444089e+00      9.999999999999998889777e-01
64      2.500000000000000888178e+00      2.500000000000000444089e+00      1.000000000000000000000e+00
65      3.333333333333334813631e+00      2.500000000000000888178e+00      9.999999999999998889777e-01
66      4.166666666666667850905e+00      2.500000000000000444089e+00      1.000000000000000000000e+00
67      5.000000000000001776357e+00      2.500000000000000888178e+00      9.999999999999998889777e-01
68      5.833333333333334813631e+00      2.500000000000000444089e+00      1.000000000000000000000e+00
69      6.666666666666668739083e+00      2.500000000000000444089e+00      1.000000000000000000000e+00
70      7.500000000000001776357e+00      2.500000000000000444089e+00      1.000000000000000000000e+00
71      8.333333333333332149095e+00      2.500000000000000444089e+00      1.000000000000000000000e+00
72      9.166666666666667850905e+00      2.500000000000000444089e+00      1.000000000000000000000e+00
73      9.722222222222221432730e+00      2.500000000000000444089e+00      1.000000000000000000000e+00
74      1.000000000000000177636e+01      2.500000000000000444089e+00      1.000000000000000000000e+00
75      0.000000000000000000000e+00      3.333333333333334369541e+00      9.999999999999998889777e-01
76      2.777777777777778456247e-01      3.333333333333333481363e+00      9.999999999999998889777e-01
77      8.333333333333335923854e-01      3.333333333333334813631e+00      9.999999999999997779554e-01
78      1.666666666666667406815e+00      3.333333333333333925452e+00      9.999999999999997779554e-01
79      2.500000000000000444089e+00      3.333333333333334369541e+00      9.999999999999998889777e-01
80      3.333333333333334813631e+00      3.333333333333334813631e+00      9.999999999999997779554e-01
81      4.166666666666667850905e+00      3.333333333333334369541e+00      9.999999999999998889777e-01
82      5.000000000000000000000e+00      3.333333333333334369541e+00      9.999999999999997779554e-01
83      5.833333333333334813631e+00      3.333333333333334369541e+00      9.999999999999998889777e-01
84      6.666666666666668739083e+00      3.333333333333333925452e+00      9.999999999999998889777e-01
85      7.500000000000000888178e+00      3.333333333333334369541e+00      9.999999999999998889777e-01
86      8.333333333333332149095e+00      3.333333333333333925452e+00      9.999999999999998889777e-01
87      9.166666666666667850905e+00      3.333333333333333925452e+00      9.999999999999998889777e-01
88      9.722222222222223209087e+00      3.333333333333333925452e+00      9.999999999999998889777e-01
89      1.000000000000000000000e+01      3.333333333333334369541e+00      9.999999999999998889777e-01
90      0.000000000000000000000e+00      4.166666666666666962726e+00      1.000000000000000000000e+00
91      2.777777777777777901136e-01      4.166666666666666962726e+00      1.000000000000000000000e+00
92      8.333333333333333703408e-01      4.166666666666666962726e+00      1.000000000000000000000e+00
93      1.666666666666667184771e+00      4.166666666666666074548e+00      1.000000000000000000000e+00
94      2.500000000000000444089e+00      4.166666666666667850905e+00      1.000000000000000000000e+00
95      3.333333333333334369541e+00      4.166666666666666962726e+00      1.000000000000000000000e+00
96      4.166666666666667850905e+00      4.166666666666667850905e+00      1.000000000000000000000e+00
97      5.000000000000000000000e+00      4.166666666666666962726e+00      1.000000000000000000000e+00
98      5.833333333333334813631e+00      4.166666666666667850905e+00      1.000000000000000000000e+00
99      6.666666666666668739083e+00      4.166666666666666962726e+00      1.000000000000000000000e+00
100      7.500000000000000888178e+00      4.166666666666666962726e+00      1.000000000000000000000e+00
101      8.333333333333333925452e+00      4.166666666666666962726e+00      1.000000000000000000000e+00
102      9.166666666666666074548e+00      4.166666666666666962726e+00      1.000000000000000000000e+00
103      9.722222222222221432730e+00      4.166666666666666962726e+00      1.000000000000000000000e+00
104      1.000000000000000000000e+01      4.166666666666666962726e+00      1.000000000000000000000e+00
105      0.000000000000000000000e+00      5.000000000000000888178e+00      9.999999999999998889777e-01
106      2.777777777777777901136e-01      5.000000000000000888178e+00      9.999999999999998889777e-01
107      8.333333333333334813631e-01      5.000000000000000888178e+00      9.999999999999998889777e-01
108      1.666666666666666962726e+00      5.000000000000000888178e+00      9.999999999999998889777e-01
109      2.500000000000000888178e+00      5.000000000000001776357e+00      9.999999999999998889777e-01
110      3.333333333333333925452e+00      5.000000000000000888178e+00      9.999999999999998889777e-01
111      4.166666666666668739083e+00      5.000000000000001776357e+00      9.999999999999998889777e-01
112      5.000000000000000888178e+00      5.000000000000000888178e+00      9.999999999999998889777e-01
113      5.833333333333335701809e+00      5.000000000000000888178e+00      9.999999999999998889777e-01
114      6.666666666666667850905e+00      5.000000000000000888178e+00      9.999999999999998889777e-01
115      7.500000000000000888178e+00      5.000000000000000888178e+00      9.999999999999998889777e-01
116      8.333333333333333925452e+00      5.000000000000000888178e+00      9.999999999999998889777e-01
117      9.166666666666666074548e+00      5.000000000000000888178e+00      9.999999999999998889777e-01
118      9.722222222222223209087e+00      5.000000000000000888178e+00      9.999999999999998889777e-01
119      1.000000000000000177636e+01      5.000000000000000888178e+00      9.999999999999998889777e-01
120      0.000000000000000000000e+00      5.833333333333333925452e+00      1.000000000000000000000e+00
121      2.777777777777778456247e-01      5.833333333333333037274e+00      1.000000000000000000000e+00
122      8.333333333333333703408e-01      5.833333333333334813631e+00      9.999999999999998889777e-01
123      1.666666666666667406815e+00      5.833333333333333037274e+00      9.999999999999998889777e-01
124      2.500000000000000444089e+00      5.833333333333333925452e+00      1.000000000000000000000e+00
125      3.333333333333334813631e+00      5.833333333333334813631e+00      9.999999999999998889777e-01
126      4.166666666666667850905e+00      5.833333333333333925452e+00      1.000000000000000000000e+00
127      5.000000000000000888178e+00      5.833333333333334813631e+00      9.999999999999998889777e-01
128      5.833333333333335701809e+00      5.833333333333333925452e+00      1.000000000000000000000e+00
129      6.666666666666667850905e+00      5.833333333333333925452e+00      1.000000000000000000000e+00
130      7.500000000000000888178e+00      5.833333333333333925452e+00      1.000000000000000000000e+00
131      8.333333333333332149095e+00      5.833333333333333925452e+00      1.000000000000000000000e+00
132      9.166666666666666074548e+00      5.833333333333333925452e+00      1.000000000000000000000e+00
133      9.722222222222221432730e+00      5.833333333333333925452e+00      1.000000000000000000000e+00
134      1.000000000000000000000e+01      5.833333333333333925452e+00      1.000000000000000000000e+00
135      0.000000000000000000000e+00      6.666666666666666962726e+00      1.000000000000000000000e+00
136      2.777777777777777901136e-01      6.666666666666666074548e+00      1.000000000000000000000e+00
137      8.333333333333333703408e-01      6.666666666666667850905e+00      9.999999999999998889777e-01
138      1.666666666666667184771e+00      6.666666666666665186369e+00      9.999999999999998889777e-01
139      2.500000000000000444089e+00      6.666666666666667850905e+00      1.000000000000000000000e+00
140      3.333333333333334369541e+00      6.666666666666666962726e+00      9.999999999999998889777e-01
141      4.166666666666666962726e+00      6.666666666666666962726e+00      1.000000000000000000000e+00
142      5.000000000000000888178e+00      6.666666666666667850905e+00      9.999999999999998889777e-01
143      5.833333333333333925452e+00      6.666666666666666074548e+00      1.000000000000000000000e+00
144      6.666666666666667850905e+00      6.666666666666666074548e+00      1.000000000000000000000e+00
145      7.500000000000000000000e+00      6.666666666666666962726e+00      1.000000000000000000000e+00
146      8.333333333333332149095e+00      6.666666666666666074548e+00      1.000000000000000000000e+00
147      9.166666666666666074548e+00      6.666666666666666074548e+00      1.000000000000000000000e+00
148      9.722222222222221432730e+00      6.666666666666666074548e+00      1.000000000000000000000e+00
149      1.000000000000000000000e+01      6.666666666666666962726e+00      1.000000000000000000000e+00
150      0.000000000000000000000e+00      7.500000000000000000000e+00      1.000000000000000000000e+00
151      2.777777777777777901136e-01      7.500000000000000000000e+00      1.000000000000000000000e+00
152      8.333333333333334813631e-01      7.500000000000000888178e+00      9.999999999999998889777e-01
153      1.666666666666667184771e+00      7.499999999999999111822e+00      9.999999999999998889777e-01
154      2.500000000000000444089e+00      7.500000000000001776357e+00      1.000000000000000000000e+00
155      3.333333333333334369541e+00      7.500000000000000888178e+00      9.999999999999998889777e-01
156      4.166666666666667850905e+00      7.500000000000000000000e+00      1.000000000000000000000e+00
157      5.000000000000000888178e+00      7.500000000000000888178e+00      9.999999999999998889777e-01
158      5.833333333333333925452e+00      7.500000000000000000000e+00      1.000000000000000000000e+00
159      6.666666666666667850905e+00      7.500000000000000000000e+00      1.000000000000000000000e+00
160      7.500000000000000000000e+00      7.500000000000000000000e+00      1.000000000000000000000e+00
161      8.333333333333332149095e+00      7.500000000000000000000e+00      1.000000000000000000000e+00
162      9.166666666666666074548e+00      7.500000000000000000000e+00      1.000000000000000000000e+00
163      9.722222222222221432730e+00      7.500000000000000000000e+00      1.000000000000000000000e+00
164      1.000000000000000000000e+01      7.500000000000000000000e+00      1.000000000000000000000e+00
165      0.000000000000000000000e+00      8.333333333333332149095e+00      1.000000000000000000000e+00
166      2.777777777777777901136e-01      8.333333333333332149095e+00      1.000000000000000000000e+00
167      8.333333333333334813631e-01      8.333333333333333925452e+00      9.999999999999997779554e-01
168      1.666666666666667406815e+00      8.333333333333332149095e+00      9.999999999999997779554e-01
169      2.500000000000000000000e+00      8.333333333333333925452e+00      1.000000000000000000000e+00
170      3.333333333333334813631e+00      8.333333333333333925452e+00      9.999999999999997779554e-01
171      4.166666666666666962726e+00      8.333333333333332149095e+00      1.000000000000000000000e+00
172      5.000000000000000888178e+00      8.333333333333333925452e+00      9.999999999999997779554e-01
173      5.833333333333333925452e+00      8.333333333333332149095e+00      1.000000000000000000000e+00
174      6.666666666666666074548e+00      8.333333333333332149095e+00      1.000000000000000000000e+00
175      7.500000000000000000000e+00      8.333333333333332149095e+00      1.000000000000000000000e+00
176      8.333333333333332149095e+00      8.333333333333332149095e+00      1.000000000000000000000e+00
177      9.166666666666666074548e+00      8.333333333333332149095e+00      1.000000000000000000000e+00
178      9.722222222222221432730e+00      8.333333333333332149095e+00      1.000000000000000000000e+00
179      1.000000000000000000000e+01      8.333333333333332149095e+00      1.000000000000000000000e+00
180      0.000000000000000000000e+00      9.166666666666666074548e+00      1.000000000000000000000e+00
181      2.777777777777777901136e-01      9.166666666666666074548e+00      1.000000000000000000000e+00
182      8.333333333333334813631e-01      9.166666666666667850905e+00      9.999999999999997779554e-01
183      1.666666666666667406815e+00      9.166666666666664298191e+00      9.999999999999997779554e-01
184      2.500000000000000444089e+00      9.166666666666667850905e+00      1.000000000000000000000e+00
185      3.333333333333334813631e+00      9.166666666666666074548e+00      9.999999999999997779554e-01
186      4.166666666666666962726e+00      9.166666666666666074548e+00      1.000000000000000000000e+00
187      5.000000000000000888178e+00      9.166666666666667850905e+00      9.999999999999997779554e-01
188      5.833333333333333925452e+00      9.166666666666666074548e+00      1.000000000000000000000e+00
189      6.666666666666666962726e+00      9.166666666666666074548e+00      1.000000000000000000000e+00
190      7.500000000000000000000e+00      9.166666666666666074548e+00      1.000000000000000000000e+00
191      8.333333333333332149095e+00      9.166666666666666074548e+00      1.000000000000000000000e+00
192      9.166666666666666074548e+00      9.166666666666666074548e+00      1.000000000000000000000e+00
193      9.722222222222221432730e+00      9.166666666666666074548e+00      1.000000000000000000000e+00
194      1.000000000000000000000e+01      9.166666666666666074548e+00      1.000000000000000000000e+00
195      0.000000000000000000000e+00      9.722222222222221432730e+00      1.000000000000000000000e+00
196      2.777777777777777901136e-01      9.722222222222221432730e+00      1.000000000000000000000e+00
197      8.333333333333333703408e-01      9.722222222222223209087e+00      9.999999999999998889777e-01
198      1.666666666666667184771e+00      9.722222222222219656373e+00      9.999999999999998889777e-01
199      2.500000000000000444089e+00      9.722222222222223209087e+00      1.000000000000000000000e+00
200      3.333333333333334369541e+00      9.722222222222221432730e+00      9.999999999999998889777e-01
201      4.166666666666666962726e+00      9.722222222222221432730e+00      1.000000000000000000000e+00
202      5.000000000000000888178e+00      9.722222222222223209087e+00      9.999999999999998889777e-01
203      5.833333333333333925452e+00      9.722222222222221432730e+00      1.000000000000000000000e+00
204      6.666666666666666962726e+00      9.722222222222221432730e+00      1.000000000000000000000e+00
205      7.500000000000000000000e+00      9.722222222222221432730e+00      1.000000000000000000000e+00
206      8.333333333333332149095e+00      9.722222222222221432730e+00      1.000000000000000000000e+00
207      9.166666666666666074548e+00      9.722222222222221432730e+00      1.000000000000000000000e+00
208      9.722222222222221432730e+00      9.722222222222221432730e+00      1.000000000000000000000e+00
209      1.000000000000000000000e+01      9.722222222222221432730e+00      1.000000000000000000000e+00
210      0.000000000000000000000e+00      1.000000000000000000000e+01      1.000000000000000000000e+00
211      2.777777777777777901136e-01      1.000000000000000000000e+01      1.000000000000000000000e+00
212      8.333333333333334813631e-01      1.000000000000000177636e+01      9.999999999999998889777e-01
213      1.666666666666667184771e+00      9.999999999999998223643e+00      9.999999999999998889777e-01
214      2.500000000000000444089e+00      1.000000000000000177636e+01      1.000000000000000000000e+00
215      3.333333333333334369541e+00      1.000000000000000000000e+01      9.999999999999998889777e-01
216      4.166666666666666962726e+00      1.000000000000000000000e+01      1.000000000000000000000e+00
217      5.000000000000000888178e+00      1.000000000000000177636e+01      9.999999999999998889777e-01
218      5.833333333333333925452e+00      1.000000000000000000000e+01      1.000000000000000000000e+00
219      6.666666666666666962726e+00      1.000000000000000000000e+01      1.000000000000000000000e+00
220      7.500000000000000000000e+00      1.000000000000000000000e+01      1.000000000000000000000e+00
221      8.333333333333332149095e+00      1.000000000000000000000e+01      1.000000000000000000000e+00
222      9.166666666666666074548e+00      1.000000000000000000000e+01      1.000000000000000000000e+00
223      9.722222222222221432730e+00      1.000000000000000000000e+01      1.000000000000000000000e+00
224      1.000000000000000000000e+01      1.000000000000000000000e+01      1.000000000000000000000e+00

boundary 0
0
1
2
3
4
5
6
7
8
9
10
11
12
13
14

boundary 1
0
15
30
45
60
75
90
105
120
135
150
165
180
195
210

