patch connectivity
0   1   2   3   4   5   6   7   8   9   10   11   12   13   14   15   16   17   18   19   20   21   22   23   24   25   26   27   28   29   30   31   32   33   34   35   36   37   38   39   40   41   42   43   44   45   46   47   48   49   50   51   52   53   54   55   56   57   58   59   60   61   62   63   64   65   66   67   68   69   70   71   72   73   74   75   76   77   78   79   80   81   82   83   84   85   86   87   88   89   90   91   92   93   94   95   96   97   98   99

control point infomation
0      1.000000000000000000000e+00      0.000000000000000000000e+00      1.000000000000000000000e+00
1      1.250000000000000000000e+00      0.000000000000000000000e+00      1.000000000000000000000e+00
2      1.750000000000000000000e+00      0.000000000000000000000e+00      1.000000000000000000000e+00
3      2.250000000000000000000e+00      0.000000000000000000000e+00      1.000000000000000000000e+00
4      2.750000000000000000000e+00      0.000000000000000000000e+00      1.000000000000000000000e+00
5      3.250000000000000000000e+00      0.000000000000000000000e+00      1.000000000000000000000e+00
6      3.750000000000000000000e+00      0.000000000000000000000e+00      1.000000000000000000000e+00
7      4.250000000000000000000e+00      0.000000000000000000000e+00      1.000000000000000000000e+00
8      4.750000000000000000000e+00      0.000000000000000000000e+00      1.000000000000000000000e+00
9      5.000000000000000000000e+00      0.000000000000000000000e+00      1.000000000000000000000e+00
10      1.000000000000000000000e+00      9.174737048053263621661e-02      9.633883476483184882255e-01
11      1.250000000000000000000e+00      1.146842131006657883319e-01      9.633883476483184882255e-01
12      1.749999999999999777955e+00      1.605578983409321203180e-01      9.633883476483184882255e-01
13      2.249999999999999555911e+00      2.064315835811984245485e-01      9.633883476483184882255e-01
14      2.750000000000000000000e+00      2.523052688214647010234e-01      9.633883476483184882255e-01
15      3.250000000000000000000e+00      2.981789540617310607651e-01      9.633883476483184882255e-01
16      3.750000000000000000000e+00      3.440526393019974205068e-01      9.633883476483184882255e-01
17      4.249999999999999111822e+00      3.899263245422637247373e-01      9.633883476483184882255e-01
18      4.750000000000000000000e+00      4.358000097825299734566e-01      9.633883476483184882255e-01
19      5.000000000000000000000e+00      4.587368524026631533275e-01      9.633883476483184882255e-01
20      9.656015387370172620152e-01      2.776323134773617251625e-01      9.084708691207961095415e-01
21      1.207001923421271438741e+00      3.470403918467021564531e-01      9.084708691207961095415e-01
22      1.689802692789780236282e+00      4.858565485853830745455e-01      9.084708691207961095415e-01
23      2.172603462158289033823e+00      6.246727053240638261045e-01      9.084708691207961095415e-01
24      2.655404231526796721141e+00      7.634888620627446886857e-01      9.084708691207961095415e-01
25      3.138205000895306184816e+00      9.023050188014255512670e-01      9.084708691207961095415e-01
26      3.621005770263814760312e+00      1.041121175540106635893e+00      9.084708691207961095415e-01
27      4.103806539632323335809e+00      1.179937332278787165407e+00      9.084708691207961095415e-01
28      4.586607309000831023127e+00      1.318753489017468139011e+00      9.084708691207961095415e-01
29      4.828007693685085754964e+00      1.388161567386808625812e+00      9.084708691207961095415e-01
30      8.924711717249336206947e-01      4.623558586246681589849e-01      8.718592167691144867447e-01
31      1.115588964656167192402e+00      5.779448232808350738310e-01      8.718592167691144867447e-01
32      1.561824550518634113772e+00      8.091227525931693476124e-01      8.718592167691144867447e-01
33      2.008060136381101035141e+00      1.040300681905503399349e+00      8.718592167691144867447e-01
34      2.454295722243567290377e+00      1.271478611217837562108e+00      8.718592167691144867447e-01
35      2.900531308106034433791e+00      1.502656540530171502823e+00      8.718592167691144867447e-01
36      3.346766893968501133116e+00      1.733834469842505887627e+00      8.718592167691144867447e-01
37      3.793002479830967832442e+00      1.965012399154839606297e+00      8.718592167691144867447e-01
38      4.239238065693434975856e+00      2.196190328467173547011e+00      8.718592167691144867447e-01
39      4.462355858624668769608e+00      2.311779293123340295324e+00      8.718592167691144867447e-01
40      7.803300858899105962863e-01      6.338834764831844381661e-01      8.535533905932737308575e-01
41      9.754126073623883286245e-01      7.923543456039805477076e-01      8.535533905932737308575e-01
42      1.365577650307343793301e+00      1.109296083845572988835e+00      8.535533905932737308575e-01
43      1.755742693252299257978e+00      1.426237822087165207918e+00      8.535533905932737308575e-01
44      2.145907736197254056520e+00      1.743179560328757204957e+00      8.535533905932737308575e-01
45      2.536072779142210187331e+00      2.060121298570349424040e+00      8.535533905932737308575e-01
46      2.926237822087164985874e+00      2.377063036811942087212e+00      8.535533905932737308575e-01
47      3.316402865032119784416e+00      2.694004775053533862206e+00      8.535533905932737308575e-01
48      3.706567907977075915227e+00      3.010946513295126525378e+00      8.535533905932737308575e-01
49      3.901650429449553314498e+00      3.169417382415922190830e+00      8.535533905932737308575e-01
50      6.338834764831844381661e-01      7.803300858899105962863e-01      8.535533905932737308575e-01
51      7.923543456039805477076e-01      9.754126073623883286245e-01      8.535533905932737308575e-01
52      1.109296083845572988835e+00      1.365577650307343793301e+00      8.535533905932737308575e-01
53      1.426237822087165207918e+00      1.755742693252299257978e+00      8.535533905932737308575e-01
54      1.743179560328757204957e+00      2.145907736197254056520e+00      8.535533905932737308575e-01
55      2.060121298570349424040e+00      2.536072779142210187331e+00      8.535533905932737308575e-01
56      2.377063036811942087212e+00      2.926237822087164985874e+00      8.535533905932737308575e-01
57      2.694004775053533862206e+00      3.316402865032119784416e+00      8.535533905932737308575e-01
58      3.010946513295126525378e+00      3.706567907977075915227e+00      8.535533905932737308575e-01
59      3.169417382415922190830e+00      3.901650429449553314498e+00      8.535533905932737308575e-01
60      4.623558586246681589849e-01      8.924711717249336206947e-01      8.718592167691144867447e-01
61      5.779448232808350738310e-01      1.115588964656167192402e+00      8.718592167691144867447e-01
62      8.091227525931693476124e-01      1.561824550518634113772e+00      8.718592167691144867447e-01
63      1.040300681905503399349e+00      2.008060136381101035141e+00      8.718592167691144867447e-01
64      1.271478611217837562108e+00      2.454295722243567290377e+00      8.718592167691144867447e-01
65      1.502656540530171502823e+00      2.900531308106034433791e+00      8.718592167691144867447e-01
66      1.733834469842505887627e+00      3.346766893968501133116e+00      8.718592167691144867447e-01
67      1.965012399154839606297e+00      3.793002479830967832442e+00      8.718592167691144867447e-01
68      2.196190328467173547011e+00      4.239238065693434975856e+00      8.718592167691144867447e-01
69      2.311779293123340295324e+00      4.462355858624668769608e+00      8.718592167691144867447e-01
70      2.776323134773617251625e-01      9.656015387370172620152e-01      9.084708691207961095415e-01
71      3.470403918467021564531e-01      1.207001923421271438741e+00      9.084708691207961095415e-01
72      4.858565485853830745455e-01      1.689802692789780236282e+00      9.084708691207961095415e-01
73      6.246727053240638261045e-01      2.172603462158289033823e+00      9.084708691207961095415e-01
74      7.634888620627446886857e-01      2.655404231526796721141e+00      9.084708691207961095415e-01
75      9.023050188014255512670e-01      3.138205000895306184816e+00      9.084708691207961095415e-01
76      1.041121175540106635893e+00      3.621005770263814760312e+00      9.084708691207961095415e-01
77      1.179937332278787165407e+00      4.103806539632323335809e+00      9.084708691207961095415e-01
78      1.318753489017468139011e+00      4.586607309000831023127e+00      9.084708691207961095415e-01
79      1.388161567386808625812e+00      4.828007693685085754964e+00      9.084708691207961095415e-01
80      9.174737048053263621661e-02      1.000000000000000000000e+00      9.633883476483184882255e-01
81      1.146842131006657883319e-01      1.250000000000000000000e+00      9.633883476483184882255e-01
82      1.605578983409321203180e-01      1.749999999999999777955e+00      9.633883476483184882255e-01
83      2.064315835811984245485e-01      2.249999999999999555911e+00      9.633883476483184882255e-01
84      2.523052688214647010234e-01      2.750000000000000000000e+00      9.633883476483184882255e-01
85      2.981789540617310607651e-01      3.250000000000000000000e+00      9.633883476483184882255e-01
86      3.440526393019974205068e-01      3.750000000000000000000e+00      9.633883476483184882255e-01
87      3.899263245422637247373e-01      4.249999999999999111822e+00      9.633883476483184882255e-01
88      4.358000097825299734566e-01      4.750000000000000000000e+00      9.633883476483184882255e-01
89      4.587368524026631533275e-01      5.000000000000000000000e+00      9.633883476483184882255e-01
90      0.000000000000000000000e+00      1.000000000000000000000e+00      1.000000000000000000000e+00
91      0.000000000000000000000e+00      1.250000000000000000000e+00      1.000000000000000000000e+00
92      0.000000000000000000000e+00      1.750000000000000000000e+00      1.000000000000000000000e+00
93      0.000000000000000000000e+00      2.250000000000000000000e+00      1.000000000000000000000e+00
94      0.000000000000000000000e+00      2.750000000000000000000e+00      1.000000000000000000000e+00
95      0.000000000000000000000e+00      3.250000000000000000000e+00      1.000000000000000000000e+00
96      0.000000000000000000000e+00      3.750000000000000000000e+00      1.000000000000000000000e+00
97      0.000000000000000000000e+00      4.250000000000000000000e+00      1.000000000000000000000e+00
98      0.000000000000000000000e+00      4.750000000000000000000e+00      1.000000000000000000000e+00
99      0.000000000000000000000e+00      5.000000000000000000000e+00      1.000000000000000000000e+00

boundary 0
0
1
2
3
4
5
6
7
8
9
19
29
39
49
59
69
79
89
99

boundary 1
9
19
29
39
49
59
69
79
89
90
91
92
93
94
95
96
97
98
99

