patch connectivity
0   1   2   3   4   5   6   7   8   9   10   11   12   13   14   15   16   17   18   19   20   21   22   23   24   25   26   27   28   29   30   31   32   33   34   35   36   37   38   39   40   41   42   43   44   45   46   47   48   49   50   51   52   53   54   55   56   57   58   59   60   61   62   63   64   65   66   67   68   69   70   71   72   73   74   75   76   77   78   79   80   81   82   83   84   85   86   87   88   89   90   91   92   93   94   95   96   97   98   99   100   101   102   103   104   105   106   107   108   109   110   111   112   113   114   115   116   117   118   119   120   121   122   123   124   125   126   127   128   129   130   131   132   133   134   135   136   137   138   139   140   141   142   143   144   145   146   147   148   149   150   151   152   153   154   155   156   157   158   159   160   161   162   163   164   165   166   167   168   169   170   171   172   173   174   175   176   177   178   179   180   181   182   183   184   185   186   187   188   189   190   191   192   193   194   195   196   197   198   199   200   201   202   203   204   205   206   207   208   209   210   211   212   213   214   215   216   217   218   219   220   221   222   223   224

control point infomation
0      0.000000000000000000000e+00      0.000000000000000000000e+00      1.000000000000000000000e+00
1      3.846153846153846367351e-01      0.000000000000000000000e+00      1.000000000000000000000e+00
2      1.153846153846153965716e+00      0.000000000000000000000e+00      9.999999999999998889777e-01
3      1.923076923076923572253e+00      0.000000000000000000000e+00      9.999999999999997779554e-01
4      2.692307692307692512657e+00      0.000000000000000000000e+00      1.000000000000000000000e+00
5      3.461538461538461675104e+00      0.000000000000000000000e+00      1.000000000000000000000e+00
6      4.230769230769230837552e+00      0.000000000000000000000e+00      1.000000000000000000000e+00
7      5.000000000000000000000e+00      0.000000000000000000000e+00      1.000000000000000000000e+00
8      5.769230769230769162448e+00      0.000000000000000000000e+00      1.000000000000000000000e+00
9      6.538461538461538324896e+00      0.000000000000000000000e+00      1.000000000000000000000e+00
10      7.307692307692308375522e+00      0.000000000000000000000e+00      1.000000000000000000000e+00
11      8.076923076923076649791e+00      0.000000000000000000000e+00      1.000000000000000000000e+00
12      8.846153846153846700417e+00      0.000000000000000000000e+00      1.000000000000000000000e+00
13      9.615384615384616751044e+00      0.000000000000000000000e+00      1.000000000000000000000e+00
14      1.000000000000000000000e+01      0.000000000000000000000e+00      1.000000000000000000000e+00
15      0.000000000000000000000e+00      3.846153846153846367351e-01      1.000000000000000000000e+00
16      3.846153846153846367351e-01      3.846153846153846922462e-01      1.000000000000000000000e+00
17      1.153846153846153965716e+00      3.846153846153846922462e-01      9.999999999999998889777e-01
18      1.923076923076923794298e+00      3.846153846153847477574e-01      9.999999999999997779554e-01
19      2.692307692307692512657e+00      3.846153846153846367351e-01      1.000000000000000000000e+00
20      3.461538461538461675104e+00      3.846153846153846922462e-01      1.000000000000000000000e+00
21      4.230769230769230837552e+00      3.846153846153846367351e-01      1.000000000000000000000e+00
22      5.000000000000000888178e+00      3.846153846153846367351e-01      1.000000000000000000000e+00
23      5.769230769230770050626e+00      3.846153846153846367351e-01      1.000000000000000000000e+00
24      6.538461538461539213074e+00      3.846153846153846367351e-01      1.000000000000000000000e+00
25      7.307692307692308375522e+00      3.846153846153846367351e-01      1.000000000000000000000e+00
26      8.076923076923076649791e+00      3.846153846153846367351e-01      1.000000000000000000000e+00
27      8.846153846153848476774e+00      3.846153846153846367351e-01      1.000000000000000000000e+00
28      9.615384615384616751044e+00      3.846153846153846367351e-01      1.000000000000000000000e+00
29      1.000000000000000177636e+01      3.846153846153846367351e-01      1.000000000000000000000e+00
30      0.000000000000000000000e+00      1.153846153846153965716e+00      9.999999999999998889777e-01
31      3.846153846153846367351e-01      1.153846153846154187761e+00      9.999999999999998889777e-01
32      1.153846153846153965716e+00      1.153846153846153965716e+00      9.999999999999997779554e-01
33      1.923076923076923794298e+00      1.153846153846154187761e+00      9.999999999999996669331e-01
34      2.692307692307692956746e+00      1.153846153846153965716e+00      9.999999999999998889777e-01
35      3.461538461538462119194e+00      1.153846153846154187761e+00      9.999999999999998889777e-01
36      4.230769230769230837552e+00      1.153846153846153965716e+00      9.999999999999998889777e-01
37      5.000000000000000888178e+00      1.153846153846153965716e+00      9.999999999999998889777e-01
38      5.769230769230770050626e+00      1.153846153846153965716e+00      9.999999999999998889777e-01
39      6.538461538461539213074e+00      1.153846153846153965716e+00      9.999999999999998889777e-01
40      7.307692307692309263700e+00      1.153846153846153965716e+00      9.999999999999998889777e-01
41      8.076923076923078426148e+00      1.153846153846153965716e+00      9.999999999999998889777e-01
42      8.846153846153850253131e+00      1.153846153846153965716e+00      9.999999999999998889777e-01
43      9.615384615384618527401e+00      1.153846153846153965716e+00      9.999999999999998889777e-01
44      1.000000000000000177636e+01      1.153846153846153965716e+00      9.999999999999998889777e-01
45      0.000000000000000000000e+00      1.923076923076923572253e+00      9.999999999999997779554e-01
46      3.846153846153846922462e-01      1.923076923076923794298e+00      9.999999999999997779554e-01
47      1.153846153846153965716e+00      1.923076923076923794298e+00      9.999999999999996669331e-01
48      1.923076923076923572253e+00      1.923076923076923794298e+00      9.999999999999996669331e-01
49      2.692307692307692512657e+00      1.923076923076923572253e+00      9.999999999999997779554e-01
50      3.461538461538462119194e+00      1.923076923076923794298e+00      9.999999999999997779554e-01
51      4.230769230769230837552e+00      1.923076923076923572253e+00      9.999999999999997779554e-01
52      5.000000000000000888178e+00      1.923076923076923572253e+00      9.999999999999997779554e-01
53      5.769230769230769162448e+00      1.923076923076923572253e+00      9.999999999999997779554e-01
54      6.538461538461538324896e+00      1.923076923076923572253e+00      9.999999999999997779554e-01
55      7.307692307692309263700e+00      1.923076923076923572253e+00      9.999999999999997779554e-01
56      8.076923076923078426148e+00      1.923076923076923572253e+00      9.999999999999997779554e-01
57      8.846153846153848476774e+00      1.923076923076923572253e+00      9.999999999999997779554e-01
58      9.615384615384616751044e+00      1.923076923076923572253e+00      9.999999999999997779554e-01
59      1.000000000000000177636e+01      1.923076923076923572253e+00      9.999999999999997779554e-01
60      0.000000000000000000000e+00      2.692307692307692512657e+00      1.000000000000000000000e+00
61      3.846153846153845812239e-01      2.692307692307692956746e+00      1.000000000000000000000e+00
62      1.153846153846154187761e+00      2.692307692307692956746e+00      9.999999999999998889777e-01
63      1.923076923076923572253e+00      2.692307692307692956746e+00      9.999999999999997779554e-01
64      2.692307692307692068567e+00      2.692307692307692512657e+00      1.000000000000000000000e+00
65      3.461538461538461231015e+00      2.692307692307692956746e+00      1.000000000000000000000e+00
66      4.230769230769230837552e+00      2.692307692307692512657e+00      1.000000000000000000000e+00
67      5.000000000000000000000e+00      2.692307692307692512657e+00      1.000000000000000000000e+00
68      5.769230769230769162448e+00      2.692307692307692512657e+00      1.000000000000000000000e+00
69      6.538461538461538324896e+00      2.692307692307692512657e+00      1.000000000000000000000e+00
70      7.307692307692307487343e+00      2.692307692307692512657e+00      1.000000000000000000000e+00
71      8.076923076923076649791e+00      2.692307692307692512657e+00      1.000000000000000000000e+00
72      8.846153846153846700417e+00      2.692307692307692512657e+00      1.000000000000000000000e+00
73      9.615384615384616751044e+00      2.692307692307692512657e+00      1.000000000000000000000e+00
74      1.000000000000000000000e+01      2.692307692307692512657e+00      1.000000000000000000000e+00
75      0.000000000000000000000e+00      3.461538461538461675104e+00      1.000000000000000000000e+00
76      3.846153846153846922462e-01      3.461538461538462563283e+00      1.000000000000000000000e+00
77      1.153846153846153965716e+00      3.461538461538461675104e+00      1.000000000000000000000e+00
78      1.923076923076923794298e+00      3.461538461538462563283e+00      9.999999999999997779554e-01
79      2.692307692307692956746e+00      3.461538461538461675104e+00      1.000000000000000000000e+00
80      3.461538461538461675104e+00      3.461538461538462563283e+00      1.000000000000000000000e+00
81      4.230769230769230837552e+00      3.461538461538461675104e+00      1.000000000000000000000e+00
82      5.000000000000000888178e+00      3.461538461538461675104e+00      1.000000000000000000000e+00
83      5.769230769230770050626e+00      3.461538461538461675104e+00      1.000000000000000000000e+00
84      6.538461538461538324896e+00      3.461538461538461675104e+00      1.000000000000000000000e+00
85      7.307692307692309263700e+00      3.461538461538461675104e+00      1.000000000000000000000e+00
86      8.076923076923076649791e+00      3.461538461538461675104e+00      1.000000000000000000000e+00
87      8.846153846153846700417e+00      3.461538461538461675104e+00      1.000000000000000000000e+00
88      9.615384615384616751044e+00      3.461538461538461675104e+00      1.000000000000000000000e+00
89      1.000000000000000177636e+01      3.461538461538461675104e+00      1.000000000000000000000e+00
90      0.000000000000000000000e+00      4.230769230769230837552e+00      1.000000000000000000000e+00
91      3.846153846153846922462e-01      4.230769230769231725731e+00      1.000000000000000000000e+00
92      1.153846153846153743672e+00      4.230769230769230837552e+00      1.000000000000000000000e+00
93      1.923076923076923350209e+00      4.230769230769231725731e+00      9.999999999999998889777e-01
94      2.692307692307692512657e+00      4.230769230769230837552e+00      1.000000000000000000000e+00
95      3.461538461538461675104e+00      4.230769230769231725731e+00      1.000000000000000000000e+00
96      4.230769230769231725731e+00      4.230769230769230837552e+00      1.000000000000000000000e+00
97      5.000000000000000000000e+00      4.230769230769230837552e+00      1.000000000000000000000e+00
98      5.769230769230770050626e+00      4.230769230769230837552e+00      1.000000000000000000000e+00
99      6.538461538461538324896e+00      4.230769230769230837552e+00      1.000000000000000000000e+00
100      7.307692307692308375522e+00      4.230769230769230837552e+00      1.000000000000000000000e+00
101      8.076923076923078426148e+00      4.230769230769230837552e+00      1.000000000000000000000e+00
102      8.846153846153846700417e+00      4.230769230769230837552e+00      1.000000000000000000000e+00
103      9.615384615384618527401e+00      4.230769230769230837552e+00      1.000000000000000000000e+00
104      1.000000000000000000000e+01      4.230769230769230837552e+00      1.000000000000000000000e+00
105      0.000000000000000000000e+00      5.000000000000000000000e+00      1.000000000000000000000e+00
106      3.846153846153846922462e-01      5.000000000000000888178e+00      1.000000000000000000000e+00
107      1.153846153846153965716e+00      5.000000000000000888178e+00      9.999999999999997779554e-01
108      1.923076923076923572253e+00      5.000000000000000888178e+00      9.999999999999997779554e-01
109      2.692307692307692512657e+00      5.000000000000000000000e+00      1.000000000000000000000e+00
110      3.461538461538461675104e+00      5.000000000000000888178e+00      1.000000000000000000000e+00
111      4.230769230769230837552e+00      5.000000000000000000000e+00      1.000000000000000000000e+00
112      5.000000000000000000000e+00      5.000000000000000000000e+00      1.000000000000000000000e+00
113      5.769230769230769162448e+00      5.000000000000000000000e+00      1.000000000000000000000e+00
114      6.538461538461538324896e+00      5.000000000000000000000e+00      1.000000000000000000000e+00
115      7.307692307692308375522e+00      5.000000000000000000000e+00      1.000000000000000000000e+00
116      8.076923076923076649791e+00      5.000000000000000000000e+00      1.000000000000000000000e+00
117      8.846153846153846700417e+00      5.000000000000000000000e+00      1.000000000000000000000e+00
118      9.615384615384616751044e+00      5.000000000000000000000e+00      1.000000000000000000000e+00
119      1.000000000000000000000e+01      5.000000000000000000000e+00      1.000000000000000000000e+00
120      0.000000000000000000000e+00      5.769230769230769162448e+00      1.000000000000000000000e+00
121      3.846153846153846367351e-01      5.769230769230770050626e+00      1.000000000000000000000e+00
122      1.153846153846153743672e+00      5.769230769230770050626e+00      9.999999999999997779554e-01
123      1.923076923076923350209e+00      5.769230769230770050626e+00      9.999999999999997779554e-01
124      2.692307692307692512657e+00      5.769230769230769162448e+00      1.000000000000000000000e+00
125      3.461538461538461675104e+00      5.769230769230770050626e+00      1.000000000000000000000e+00
126      4.230769230769230837552e+00      5.769230769230769162448e+00      1.000000000000000000000e+00
127      5.000000000000000000000e+00      5.769230769230769162448e+00      1.000000000000000000000e+00
128      5.769230769230769162448e+00      5.769230769230769162448e+00      1.000000000000000000000e+00
129      6.538461538461537436717e+00      5.769230769230769162448e+00      1.000000000000000000000e+00
130      7.307692307692308375522e+00      5.769230769230769162448e+00      1.000000000000000000000e+00
131      8.076923076923076649791e+00      5.769230769230769162448e+00      1.000000000000000000000e+00
132      8.846153846153846700417e+00      5.769230769230769162448e+00      1.000000000000000000000e+00
133      9.615384615384616751044e+00      5.769230769230769162448e+00      1.000000000000000000000e+00
134      1.000000000000000000000e+01      5.769230769230769162448e+00      1.000000000000000000000e+00
135      0.000000000000000000000e+00      6.538461538461538324896e+00      1.000000000000000000000e+00
136      3.846153846153846367351e-01      6.538461538461539213074e+00      1.000000000000000000000e+00
137      1.153846153846153965716e+00      6.538461538461539213074e+00      9.999999999999998889777e-01
138      1.923076923076923572253e+00      6.538461538461540101252e+00      9.999999999999997779554e-01
139      2.692307692307692512657e+00      6.538461538461538324896e+00      1.000000000000000000000e+00
140      3.461538461538461675104e+00      6.538461538461539213074e+00      1.000000000000000000000e+00
141      4.230769230769230837552e+00      6.538461538461538324896e+00      1.000000000000000000000e+00
142      5.000000000000000000000e+00      6.538461538461538324896e+00      1.000000000000000000000e+00
143      5.769230769230769162448e+00      6.538461538461538324896e+00      1.000000000000000000000e+00
144      6.538461538461538324896e+00      6.538461538461538324896e+00      1.000000000000000000000e+00
145      7.307692307692308375522e+00      6.538461538461538324896e+00      1.000000000000000000000e+00
146      8.076923076923076649791e+00      6.538461538461538324896e+00      1.000000000000000000000e+00
147      8.846153846153846700417e+00      6.538461538461538324896e+00      1.000000000000000000000e+00
148      9.615384615384616751044e+00      6.538461538461538324896e+00      1.000000000000000000000e+00
149      1.000000000000000000000e+01      6.538461538461538324896e+00      1.000000000000000000000e+00
150      0.000000000000000000000e+00      7.307692307692308375522e+00      1.000000000000000000000e+00
151      3.846153846153846367351e-01      7.307692307692309263700e+00      1.000000000000000000000e+00
152      1.153846153846153965716e+00      7.307692307692310151879e+00      9.999999999999997779554e-01
153      1.923076923076923794298e+00      7.307692307692310151879e+00      9.999999999999997779554e-01
154      2.692307692307692512657e+00      7.307692307692308375522e+00      1.000000000000000000000e+00
155      3.461538461538461675104e+00      7.307692307692309263700e+00      1.000000000000000000000e+00
156      4.230769230769231725731e+00      7.307692307692308375522e+00      1.000000000000000000000e+00
157      5.000000000000000000000e+00      7.307692307692308375522e+00      1.000000000000000000000e+00
158      5.769230769230768274269e+00      7.307692307692308375522e+00      1.000000000000000000000e+00
159      6.538461538461538324896e+00      7.307692307692308375522e+00      1.000000000000000000000e+00
160      7.307692307692308375522e+00      7.307692307692308375522e+00      1.000000000000000000000e+00
161      8.076923076923076649791e+00      7.307692307692308375522e+00      1.000000000000000000000e+00
162      8.846153846153846700417e+00      7.307692307692308375522e+00      1.000000000000000000000e+00
163      9.615384615384616751044e+00      7.307692307692308375522e+00      1.000000000000000000000e+00
164      1.000000000000000000000e+01      7.307692307692308375522e+00      1.000000000000000000000e+00
165      0.000000000000000000000e+00      8.076923076923076649791e+00      1.000000000000000000000e+00
166      3.846153846153845812239e-01      8.076923076923078426148e+00      1.000000000000000000000e+00
167      1.153846153846153965716e+00      8.076923076923078426148e+00      9.999999999999997779554e-01
168      1.923076923076923572253e+00      8.076923076923078426148e+00      9.999999999999997779554e-01
169      2.692307692307692512657e+00      8.076923076923076649791e+00      1.000000000000000000000e+00
170      3.461538461538461675104e+00      8.076923076923078426148e+00      1.000000000000000000000e+00
171      4.230769230769230837552e+00      8.076923076923076649791e+00      1.000000000000000000000e+00
172      5.000000000000000000000e+00      8.076923076923076649791e+00      1.000000000000000000000e+00
173      5.769230769230769162448e+00      8.076923076923076649791e+00      1.000000000000000000000e+00
174      6.538461538461538324896e+00      8.076923076923076649791e+00      1.000000000000000000000e+00
175      7.307692307692308375522e+00      8.076923076923076649791e+00      1.000000000000000000000e+00
176      8.076923076923076649791e+00      8.076923076923076649791e+00      1.000000000000000000000e+00
177      8.846153846153846700417e+00      8.076923076923076649791e+00      1.000000000000000000000e+00
178      9.615384615384616751044e+00      8.076923076923076649791e+00      1.000000000000000000000e+00
179      1.000000000000000000000e+01      8.076923076923076649791e+00      1.000000000000000000000e+00
180      0.000000000000000000000e+00      8.846153846153846700417e+00      1.000000000000000000000e+00
181      3.846153846153845812239e-01      8.846153846153848476774e+00      1.000000000000000000000e+00
182      1.153846153846153965716e+00      8.846153846153848476774e+00      9.999999999999997779554e-01
183      1.923076923076923572253e+00      8.846153846153850253131e+00      9.999999999999996669331e-01
184      2.692307692307692512657e+00      8.846153846153846700417e+00      1.000000000000000000000e+00
185      3.461538461538461675104e+00      8.846153846153848476774e+00      1.000000000000000000000e+00
186      4.230769230769229949374e+00      8.846153846153846700417e+00      1.000000000000000000000e+00
187      5.000000000000000000000e+00      8.846153846153846700417e+00      1.000000000000000000000e+00
188      5.769230769230769162448e+00      8.846153846153846700417e+00      1.000000000000000000000e+00
189      6.538461538461538324896e+00      8.846153846153846700417e+00      1.000000000000000000000e+00
190      7.307692307692307487343e+00      8.846153846153846700417e+00      1.000000000000000000000e+00
191      8.076923076923076649791e+00      8.846153846153846700417e+00      1.000000000000000000000e+00
192      8.846153846153846700417e+00      8.846153846153846700417e+00      1.000000000000000000000e+00
193      9.615384615384616751044e+00      8.846153846153846700417e+00      1.000000000000000000000e+00
194      1.000000000000000000000e+01      8.846153846153846700417e+00      1.000000000000000000000e+00
195      0.000000000000000000000e+00      9.615384615384616751044e+00      1.000000000000000000000e+00
196      3.846153846153846367351e-01      9.615384615384618527401e+00      1.000000000000000000000e+00
197      1.153846153846153965716e+00      9.615384615384618527401e+00      9.999999999999998889777e-01
198      1.923076923076923572253e+00      9.615384615384618527401e+00      9.999999999999997779554e-01
199      2.692307692307692512657e+00      9.615384615384616751044e+00      1.000000000000000000000e+00
200      3.461538461538461675104e+00      9.615384615384618527401e+00      1.000000000000000000000e+00
201      4.230769230769230837552e+00      9.615384615384616751044e+00      1.000000000000000000000e+00
202      5.000000000000000000000e+00      9.615384615384616751044e+00      1.000000000000000000000e+00
203      5.769230769230769162448e+00      9.615384615384616751044e+00      1.000000000000000000000e+00
204      6.538461538461538324896e+00      9.615384615384616751044e+00      1.000000000000000000000e+00
205      7.307692307692308375522e+00      9.615384615384616751044e+00      1.000000000000000000000e+00
206      8.076923076923076649791e+00      9.615384615384616751044e+00      1.000000000000000000000e+00
207      8.846153846153846700417e+00      9.615384615384616751044e+00      1.000000000000000000000e+00
208      9.615384615384616751044e+00      9.615384615384616751044e+00      1.000000000000000000000e+00
209      1.000000000000000000000e+01      9.615384615384616751044e+00      1.000000000000000000000e+00
210      0.000000000000000000000e+00      1.000000000000000000000e+01      1.000000000000000000000e+00
211      3.846153846153846367351e-01      1.000000000000000177636e+01      1.000000000000000000000e+00
212      1.153846153846153965716e+00      1.000000000000000177636e+01      9.999999999999998889777e-01
213      1.923076923076923572253e+00      1.000000000000000177636e+01      9.999999999999997779554e-01
214      2.692307692307692512657e+00      1.000000000000000000000e+01      1.000000000000000000000e+00
215      3.461538461538461675104e+00      1.000000000000000177636e+01      1.000000000000000000000e+00
216      4.230769230769230837552e+00      1.000000000000000000000e+01      1.000000000000000000000e+00
217      5.000000000000000000000e+00      1.000000000000000000000e+01      1.000000000000000000000e+00
218      5.769230769230769162448e+00      1.000000000000000000000e+01      1.000000000000000000000e+00
219      6.538461538461538324896e+00      1.000000000000000000000e+01      1.000000000000000000000e+00
220      7.307692307692308375522e+00      1.000000000000000000000e+01      1.000000000000000000000e+00
221      8.076923076923076649791e+00      1.000000000000000000000e+01      1.000000000000000000000e+00
222      8.846153846153846700417e+00      1.000000000000000000000e+01      1.000000000000000000000e+00
223      9.615384615384616751044e+00      1.000000000000000000000e+01      1.000000000000000000000e+00
224      1.000000000000000000000e+01      1.000000000000000000000e+01      1.000000000000000000000e+00

boundary 0
0
1
2
3
4
5
6
7
8
9
10
11
12
13
14

boundary 1
0
15
30
45
60
75
90
105
120
135
150
165
180
195
210

