patch connectivity
0   1   2   3   4   5   6   7   8   9   10   11   12   13   14   15   16   17   18   19   20   21   22   23   24   25   26   27   28   29   30   31   32   33   34   35   36   37   38   39   40   41   42   43   44   45   46   47   48   49   50   51   52   53   54   55   56   57   58   59   60   61   62   63   64   65   66   67   68   69   70   71   72   73   74   75   76   77   78   79   80   81   82   83   84   85   86   87   88   89   90   91   92   93   94   95   96   97   98   99   100   101   102   103   104   105   106   107   108   109   110   111   112   113   114   115   116   117   118   119   120   121   122   123   124   125   126   127   128   129   130   131   132   133   134   135   136   137   138   139   140   141   142   143   144   145   146   147   148   149   150   151   152   153   154   155   156   157   158   159   160   161   162   163   164   165   166   167   168   169   170   171   172   173   174   175   176   177   178   179   180   181   182   183   184   185   186   187   188   189   190   191   192   193   194   195   196   197   198   199   200   201   202   203   204   205   206   207   208   209   210   211   212   213   214   215   216   217   218   219   220   221   222   223   224   225   226   227   228   229   230   231   232   233   234   235   236   237   238   239   240   241   242   243   244   245   246   247   248   249   250   251   252   253   254   255   256   257   258   259   260   261   262   263   264   265   266   267   268   269   270   271   272   273   274   275   276   277   278   279   280   281   282   283   284   285   286   287   288   289   290   291   292   293   294   295   296   297   298   299   300   301   302   303   304   305   306   307   308   309   310   311   312   313   314   315   316   317   318   319   320   321   322   323

control point infomation
0      0.000000000000000000000e+00      0.000000000000000000000e+00      1.000000000000000000000e+00
1      2.222222222222222653976e-01      0.000000000000000000000e+00      1.000000000000000000000e+00
2      6.666666666666668517038e-01      0.000000000000000000000e+00      9.999999999999998889777e-01
3      1.333333333333333259318e+00      0.000000000000000000000e+00      1.000000000000000222045e+00
4      2.000000000000000444089e+00      0.000000000000000000000e+00      1.000000000000000000000e+00
5      2.666666666666666962726e+00      0.000000000000000000000e+00      1.000000000000000222045e+00
6      3.333333333333333925452e+00      0.000000000000000000000e+00      1.000000000000000000000e+00
7      4.000000000000000000000e+00      0.000000000000000000000e+00      1.000000000000000000000e+00
8      4.666666666666666962726e+00      0.000000000000000000000e+00      1.000000000000000000000e+00
9      5.333333333333333925452e+00      0.000000000000000000000e+00      1.000000000000000000000e+00
10      6.000000000000000000000e+00      0.000000000000000000000e+00      1.000000000000000000000e+00
11      6.666666666666666074548e+00      0.000000000000000000000e+00      1.000000000000000000000e+00
12      7.333333333333333037274e+00      0.000000000000000000000e+00      1.000000000000000000000e+00
13      8.000000000000000000000e+00      0.000000000000000000000e+00      1.000000000000000000000e+00
14      8.666666666666667850905e+00      0.000000000000000000000e+00      1.000000000000000000000e+00
15      9.333333333333332149095e+00      0.000000000000000000000e+00      1.000000000000000000000e+00
16      9.777777777777778567270e+00      0.000000000000000000000e+00      1.000000000000000000000e+00
17      1.000000000000000000000e+01      0.000000000000000000000e+00      1.000000000000000000000e+00
18      0.000000000000000000000e+00      2.222222222222222653976e-01      1.000000000000000000000e+00
19      2.222222222222222653976e-01      2.222222222222222653976e-01      1.000000000000000000000e+00
20      6.666666666666668517038e-01      2.222222222222222931531e-01      9.999999999999998889777e-01
21      1.333333333333333259318e+00      2.222222222222222376420e-01      1.000000000000000222045e+00
22      2.000000000000000444089e+00      2.222222222222222653976e-01      1.000000000000000000000e+00
23      2.666666666666667406815e+00      2.222222222222222653976e-01      1.000000000000000222045e+00
24      3.333333333333333925452e+00      2.222222222222222931531e-01      1.000000000000000000000e+00
25      4.000000000000000000000e+00      2.222222222222222653976e-01      1.000000000000000000000e+00
26      4.666666666666666962726e+00      2.222222222222222653976e-01      1.000000000000000000000e+00
27      5.333333333333333925452e+00      2.222222222222222931531e-01      1.000000000000000000000e+00
28      6.000000000000000000000e+00      2.222222222222222653976e-01      1.000000000000000000000e+00
29      6.666666666666666074548e+00      2.222222222222222653976e-01      1.000000000000000000000e+00
30      7.333333333333333037274e+00      2.222222222222222653976e-01      1.000000000000000000000e+00
31      8.000000000000000000000e+00      2.222222222222222653976e-01      1.000000000000000000000e+00
32      8.666666666666667850905e+00      2.222222222222222653976e-01      1.000000000000000000000e+00
33      9.333333333333332149095e+00      2.222222222222222653976e-01      1.000000000000000000000e+00
34      9.777777777777778567270e+00      2.222222222222222653976e-01      1.000000000000000000000e+00
35      1.000000000000000000000e+01      2.222222222222222653976e-01      1.000000000000000000000e+00
36      0.000000000000000000000e+00      6.666666666666668517038e-01      9.999999999999998889777e-01
37      2.222222222222222931531e-01      6.666666666666668517038e-01      9.999999999999998889777e-01
38      6.666666666666668517038e-01      6.666666666666668517038e-01      9.999999999999997779554e-01
39      1.333333333333333259318e+00      6.666666666666667406815e-01      1.000000000000000222045e+00
40      2.000000000000000888178e+00      6.666666666666668517038e-01      9.999999999999998889777e-01
41      2.666666666666666962726e+00      6.666666666666668517038e-01      1.000000000000000222045e+00
42      3.333333333333334369541e+00      6.666666666666669627261e-01      9.999999999999998889777e-01
43      4.000000000000000888178e+00      6.666666666666668517038e-01      9.999999999999998889777e-01
44      4.666666666666667850905e+00      6.666666666666668517038e-01      9.999999999999998889777e-01
45      5.333333333333334813631e+00      6.666666666666669627261e-01      9.999999999999998889777e-01
46      6.000000000000001776357e+00      6.666666666666668517038e-01      9.999999999999998889777e-01
47      6.666666666666667850905e+00      6.666666666666668517038e-01      9.999999999999998889777e-01
48      7.333333333333333925452e+00      6.666666666666668517038e-01      9.999999999999998889777e-01
49      8.000000000000001776357e+00      6.666666666666668517038e-01      9.999999999999998889777e-01
50      8.666666666666669627261e+00      6.666666666666668517038e-01      9.999999999999998889777e-01
51      9.333333333333333925452e+00      6.666666666666668517038e-01      9.999999999999998889777e-01
52      9.777777777777780343627e+00      6.666666666666668517038e-01      9.999999999999998889777e-01
53      1.000000000000000177636e+01      6.666666666666668517038e-01      9.999999999999998889777e-01
54      0.000000000000000000000e+00      1.333333333333333259318e+00      1.000000000000000222045e+00
55      2.222222222222222376420e-01      1.333333333333333259318e+00      1.000000000000000222045e+00
56      6.666666666666669627261e-01      1.333333333333333703408e+00      9.999999999999998889777e-01
57      1.333333333333333037274e+00      1.333333333333333037274e+00      1.000000000000000444089e+00
58      2.000000000000000444089e+00      1.333333333333333259318e+00      1.000000000000000222045e+00
59      2.666666666666666518637e+00      1.333333333333333259318e+00      1.000000000000000444089e+00
60      3.333333333333333481363e+00      1.333333333333333703408e+00      1.000000000000000222045e+00
61      4.000000000000000000000e+00      1.333333333333333259318e+00      1.000000000000000222045e+00
62      4.666666666666666962726e+00      1.333333333333333259318e+00      1.000000000000000222045e+00
63      5.333333333333333925452e+00      1.333333333333333481363e+00      1.000000000000000222045e+00
64      5.999999999999999111822e+00      1.333333333333333259318e+00      1.000000000000000222045e+00
65      6.666666666666666074548e+00      1.333333333333333259318e+00      1.000000000000000222045e+00
66      7.333333333333332149095e+00      1.333333333333333259318e+00      1.000000000000000222045e+00
67      8.000000000000000000000e+00      1.333333333333333259318e+00      1.000000000000000222045e+00
68      8.666666666666667850905e+00      1.333333333333333259318e+00      1.000000000000000222045e+00
69      9.333333333333332149095e+00      1.333333333333333259318e+00      1.000000000000000222045e+00
70      9.777777777777776790913e+00      1.333333333333333259318e+00      1.000000000000000222045e+00
71      9.999999999999998223643e+00      1.333333333333333259318e+00      1.000000000000000222045e+00
72      0.000000000000000000000e+00      2.000000000000000444089e+00      1.000000000000000000000e+00
73      2.222222222222222931531e-01      2.000000000000000444089e+00      1.000000000000000000000e+00
74      6.666666666666668517038e-01      2.000000000000000888178e+00      9.999999999999997779554e-01
75      1.333333333333333259318e+00      2.000000000000000000000e+00      1.000000000000000222045e+00
76      2.000000000000000444089e+00      2.000000000000000444089e+00      1.000000000000000000000e+00
77      2.666666666666667406815e+00      2.000000000000000444089e+00      1.000000000000000222045e+00
78      3.333333333333334369541e+00      2.000000000000000888178e+00      1.000000000000000000000e+00
79      4.000000000000000888178e+00      2.000000000000000444089e+00      1.000000000000000000000e+00
80      4.666666666666666962726e+00      2.000000000000000444089e+00      1.000000000000000000000e+00
81      5.333333333333333925452e+00      2.000000000000000444089e+00      1.000000000000000000000e+00
82      6.000000000000000000000e+00      2.000000000000000000000e+00      1.000000000000000000000e+00
83      6.666666666666666962726e+00      2.000000000000000444089e+00      1.000000000000000000000e+00
84      7.333333333333333925452e+00      2.000000000000000000000e+00      1.000000000000000000000e+00
85      8.000000000000001776357e+00      2.000000000000000444089e+00      1.000000000000000000000e+00
86      8.666666666666669627261e+00      2.000000000000000444089e+00      1.000000000000000000000e+00
87      9.333333333333332149095e+00      2.000000000000000000000e+00      1.000000000000000000000e+00
88      9.777777777777778567270e+00      2.000000000000000444089e+00      1.000000000000000000000e+00
89      1.000000000000000177636e+01      2.000000000000000444089e+00      1.000000000000000000000e+00
90      0.000000000000000000000e+00      2.666666666666666962726e+00      1.000000000000000222045e+00
91      2.222222222222222931531e-01      2.666666666666666962726e+00      1.000000000000000222045e+00
92      6.666666666666669627261e-01      2.666666666666667406815e+00      1.000000000000000000000e+00
93      1.333333333333333259318e+00      2.666666666666666074548e+00      1.000000000000000444089e+00
94      2.000000000000000444089e+00      2.666666666666667406815e+00      1.000000000000000222045e+00
95      2.666666666666666518637e+00      2.666666666666666518637e+00      1.000000000000000444089e+00
96      3.333333333333334369541e+00      2.666666666666667406815e+00      1.000000000000000222045e+00
97      4.000000000000000000000e+00      2.666666666666666962726e+00      1.000000000000000222045e+00
98      4.666666666666666962726e+00      2.666666666666666962726e+00      1.000000000000000222045e+00
99      5.333333333333334813631e+00      2.666666666666666962726e+00      1.000000000000000222045e+00
100      6.000000000000000000000e+00      2.666666666666666518637e+00      1.000000000000000222045e+00
101      6.666666666666666962726e+00      2.666666666666666962726e+00      1.000000000000000222045e+00
102      7.333333333333333037274e+00      2.666666666666666518637e+00      1.000000000000000222045e+00
103      8.000000000000000000000e+00      2.666666666666666962726e+00      1.000000000000000222045e+00
104      8.666666666666667850905e+00      2.666666666666666962726e+00      1.000000000000000222045e+00
105      9.333333333333333925452e+00      2.666666666666666518637e+00      1.000000000000000222045e+00
106      9.777777777777780343627e+00      2.666666666666666962726e+00      1.000000000000000222045e+00
107      1.000000000000000000000e+01      2.666666666666666962726e+00      1.000000000000000222045e+00
108      0.000000000000000000000e+00      3.333333333333333925452e+00      1.000000000000000000000e+00
109      2.222222222222222931531e-01      3.333333333333333925452e+00      1.000000000000000000000e+00
110      6.666666666666667406815e-01      3.333333333333333925452e+00      1.000000000000000000000e+00
111      1.333333333333332815229e+00      3.333333333333333037274e+00      1.000000000000000444089e+00
112      2.000000000000000888178e+00      3.333333333333333925452e+00      1.000000000000000000000e+00
113      2.666666666666666074548e+00      3.333333333333333481363e+00      1.000000000000000444089e+00
114      3.333333333333334813631e+00      3.333333333333334369541e+00      1.000000000000000000000e+00
115      4.000000000000000888178e+00      3.333333333333333925452e+00      1.000000000000000000000e+00
116      4.666666666666667850905e+00      3.333333333333333925452e+00      1.000000000000000000000e+00
117      5.333333333333333925452e+00      3.333333333333334369541e+00      1.000000000000000000000e+00
118      6.000000000000000000000e+00      3.333333333333333481363e+00      1.000000000000000000000e+00
119      6.666666666666667850905e+00      3.333333333333334369541e+00      1.000000000000000000000e+00
120      7.333333333333334813631e+00      3.333333333333333481363e+00      1.000000000000000000000e+00
121      8.000000000000001776357e+00      3.333333333333333925452e+00      1.000000000000000000000e+00
122      8.666666666666669627261e+00      3.333333333333333925452e+00      1.000000000000000000000e+00
123      9.333333333333333925452e+00      3.333333333333333481363e+00      1.000000000000000000000e+00
124      9.777777777777780343627e+00      3.333333333333333925452e+00      1.000000000000000000000e+00
125      1.000000000000000177636e+01      3.333333333333333925452e+00      1.000000000000000000000e+00
126      0.000000000000000000000e+00      4.000000000000000000000e+00      1.000000000000000000000e+00
127      2.222222222222222653976e-01      4.000000000000000000000e+00      1.000000000000000000000e+00
128      6.666666666666668517038e-01      4.000000000000000888178e+00      9.999999999999998889777e-01
129      1.333333333333333259318e+00      4.000000000000000888178e+00      1.000000000000000222045e+00
130      2.000000000000000444089e+00      4.000000000000000888178e+00      1.000000000000000000000e+00
131      2.666666666666666962726e+00      4.000000000000000888178e+00      1.000000000000000222045e+00
132      3.333333333333334369541e+00      4.000000000000001776357e+00      1.000000000000000000000e+00
133      4.000000000000000888178e+00      4.000000000000000000000e+00      1.000000000000000000000e+00
134      4.666666666666666962726e+00      4.000000000000000000000e+00      1.000000000000000000000e+00
135      5.333333333333333925452e+00      4.000000000000000888178e+00      1.000000000000000000000e+00
136      6.000000000000000000000e+00      4.000000000000000000000e+00      1.000000000000000000000e+00
137      6.666666666666666962726e+00      4.000000000000000888178e+00      1.000000000000000000000e+00
138      7.333333333333333925452e+00      4.000000000000000000000e+00      1.000000000000000000000e+00
139      8.000000000000001776357e+00      4.000000000000000000000e+00      1.000000000000000000000e+00
140      8.666666666666667850905e+00      4.000000000000000000000e+00      1.000000000000000000000e+00
141      9.333333333333332149095e+00      4.000000000000000000000e+00      1.000000000000000000000e+00
142      9.777777777777778567270e+00      4.000000000000000000000e+00      1.000000000000000000000e+00
143      1.000000000000000000000e+01      4.000000000000000000000e+00      1.000000000000000000000e+00
144      0.000000000000000000000e+00      4.666666666666666962726e+00      1.000000000000000000000e+00
145      2.222222222222222653976e-01      4.666666666666666962726e+00      1.000000000000000000000e+00
146      6.666666666666668517038e-01      4.666666666666667850905e+00      9.999999999999998889777e-01
147      1.333333333333333259318e+00      4.666666666666666962726e+00      1.000000000000000222045e+00
148      2.000000000000000444089e+00      4.666666666666666962726e+00      1.000000000000000000000e+00
149      2.666666666666666962726e+00      4.666666666666666962726e+00      1.000000000000000222045e+00
150      3.333333333333334369541e+00      4.666666666666667850905e+00      1.000000000000000000000e+00
151      4.000000000000000888178e+00      4.666666666666666962726e+00      1.000000000000000000000e+00
152      4.666666666666666962726e+00      4.666666666666666962726e+00      1.000000000000000000000e+00
153      5.333333333333333925452e+00      4.666666666666666962726e+00      1.000000000000000000000e+00
154      6.000000000000000000000e+00      4.666666666666666074548e+00      1.000000000000000000000e+00
155      6.666666666666666074548e+00      4.666666666666666962726e+00      1.000000000000000000000e+00
156      7.333333333333333037274e+00      4.666666666666666074548e+00      1.000000000000000000000e+00
157      8.000000000000001776357e+00      4.666666666666666962726e+00      1.000000000000000000000e+00
158      8.666666666666667850905e+00      4.666666666666666962726e+00      1.000000000000000000000e+00
159      9.333333333333330372739e+00      4.666666666666666074548e+00      1.000000000000000000000e+00
160      9.777777777777778567270e+00      4.666666666666666962726e+00      1.000000000000000000000e+00
161      9.999999999999998223643e+00      4.666666666666666962726e+00      1.000000000000000000000e+00
162      0.000000000000000000000e+00      5.333333333333333925452e+00      1.000000000000000000000e+00
163      2.222222222222222653976e-01      5.333333333333333925452e+00      1.000000000000000000000e+00
164      6.666666666666668517038e-01      5.333333333333334813631e+00      9.999999999999998889777e-01
165      1.333333333333333259318e+00      5.333333333333333037274e+00      1.000000000000000222045e+00
166      2.000000000000000444089e+00      5.333333333333333925452e+00      1.000000000000000000000e+00
167      2.666666666666667406815e+00      5.333333333333333925452e+00      1.000000000000000222045e+00
168      3.333333333333334369541e+00      5.333333333333333925452e+00      1.000000000000000000000e+00
169      4.000000000000000888178e+00      5.333333333333333925452e+00      1.000000000000000000000e+00
170      4.666666666666666962726e+00      5.333333333333333037274e+00      1.000000000000000000000e+00
171      5.333333333333333925452e+00      5.333333333333333925452e+00      1.000000000000000000000e+00
172      6.000000000000000000000e+00      5.333333333333333037274e+00      1.000000000000000000000e+00
173      6.666666666666666962726e+00      5.333333333333333925452e+00      1.000000000000000000000e+00
174      7.333333333333333925452e+00      5.333333333333333925452e+00      1.000000000000000000000e+00
175      8.000000000000001776357e+00      5.333333333333333925452e+00      1.000000000000000000000e+00
176      8.666666666666667850905e+00      5.333333333333333925452e+00      1.000000000000000000000e+00
177      9.333333333333332149095e+00      5.333333333333333925452e+00      1.000000000000000000000e+00
178      9.777777777777778567270e+00      5.333333333333333925452e+00      1.000000000000000000000e+00
179      1.000000000000000000000e+01      5.333333333333333925452e+00      1.000000000000000000000e+00
180      0.000000000000000000000e+00      6.000000000000000000000e+00      1.000000000000000000000e+00
181      2.222222222222222653976e-01      6.000000000000000000000e+00      1.000000000000000000000e+00
182      6.666666666666668517038e-01      6.000000000000001776357e+00      9.999999999999997779554e-01
183      1.333333333333333259318e+00      5.999999999999999111822e+00      1.000000000000000222045e+00
184      2.000000000000000444089e+00      6.000000000000000000000e+00      1.000000000000000000000e+00
185      2.666666666666666962726e+00      6.000000000000000000000e+00      1.000000000000000222045e+00
186      3.333333333333333925452e+00      6.000000000000000888178e+00      1.000000000000000000000e+00
187      4.000000000000000888178e+00      6.000000000000000000000e+00      1.000000000000000000000e+00
188      4.666666666666666962726e+00      5.999999999999999111822e+00      1.000000000000000000000e+00
189      5.333333333333333925452e+00      6.000000000000000000000e+00      1.000000000000000000000e+00
190      6.000000000000000000000e+00      5.999999999999999111822e+00      1.000000000000000000000e+00
191      6.666666666666666074548e+00      6.000000000000000000000e+00      1.000000000000000000000e+00
192      7.333333333333333925452e+00      6.000000000000000000000e+00      1.000000000000000000000e+00
193      8.000000000000001776357e+00      6.000000000000000000000e+00      1.000000000000000000000e+00
194      8.666666666666667850905e+00      6.000000000000000000000e+00      1.000000000000000000000e+00
195      9.333333333333332149095e+00      6.000000000000000000000e+00      1.000000000000000000000e+00
196      9.777777777777776790913e+00      6.000000000000000000000e+00      1.000000000000000000000e+00
197      9.999999999999998223643e+00      6.000000000000000000000e+00      1.000000000000000000000e+00
198      0.000000000000000000000e+00      6.666666666666666074548e+00      1.000000000000000000000e+00
199      2.222222222222222653976e-01      6.666666666666666074548e+00      1.000000000000000000000e+00
200      6.666666666666668517038e-01      6.666666666666667850905e+00      9.999999999999997779554e-01
201      1.333333333333333259318e+00      6.666666666666665186369e+00      1.000000000000000222045e+00
202      2.000000000000000444089e+00      6.666666666666666962726e+00      1.000000000000000000000e+00
203      2.666666666666666962726e+00      6.666666666666666074548e+00      1.000000000000000222045e+00
204      3.333333333333334369541e+00      6.666666666666667850905e+00      1.000000000000000000000e+00
205      4.000000000000000888178e+00      6.666666666666666074548e+00      1.000000000000000000000e+00
206      4.666666666666666962726e+00      6.666666666666666074548e+00      1.000000000000000000000e+00
207      5.333333333333333925452e+00      6.666666666666666962726e+00      1.000000000000000000000e+00
208      6.000000000000000000000e+00      6.666666666666666074548e+00      1.000000000000000000000e+00
209      6.666666666666666962726e+00      6.666666666666666962726e+00      1.000000000000000000000e+00
210      7.333333333333333037274e+00      6.666666666666666074548e+00      1.000000000000000000000e+00
211      8.000000000000001776357e+00      6.666666666666666074548e+00      1.000000000000000000000e+00
212      8.666666666666667850905e+00      6.666666666666666074548e+00      1.000000000000000000000e+00
213      9.333333333333332149095e+00      6.666666666666666074548e+00      1.000000000000000000000e+00
214      9.777777777777778567270e+00      6.666666666666666074548e+00      1.000000000000000000000e+00
215      1.000000000000000000000e+01      6.666666666666666074548e+00      1.000000000000000000000e+00
216      0.000000000000000000000e+00      7.333333333333333037274e+00      1.000000000000000000000e+00
217      2.222222222222222653976e-01      7.333333333333333037274e+00      1.000000000000000000000e+00
218      6.666666666666668517038e-01      7.333333333333334813631e+00      9.999999999999997779554e-01
219      1.333333333333333259318e+00      7.333333333333332149095e+00      1.000000000000000222045e+00
220      2.000000000000000444089e+00      7.333333333333333925452e+00      1.000000000000000000000e+00
221      2.666666666666666518637e+00      7.333333333333333037274e+00      1.000000000000000222045e+00
222      3.333333333333333925452e+00      7.333333333333333925452e+00      1.000000000000000000000e+00
223      4.000000000000000000000e+00      7.333333333333333037274e+00      1.000000000000000000000e+00
224      4.666666666666667850905e+00      7.333333333333332149095e+00      1.000000000000000000000e+00
225      5.333333333333333925452e+00      7.333333333333333037274e+00      1.000000000000000000000e+00
226      6.000000000000000000000e+00      7.333333333333332149095e+00      1.000000000000000000000e+00
227      6.666666666666666074548e+00      7.333333333333333925452e+00      1.000000000000000000000e+00
228      7.333333333333333925452e+00      7.333333333333332149095e+00      1.000000000000000000000e+00
229      8.000000000000000000000e+00      7.333333333333333037274e+00      1.000000000000000000000e+00
230      8.666666666666667850905e+00      7.333333333333333037274e+00      1.000000000000000000000e+00
231      9.333333333333332149095e+00      7.333333333333332149095e+00      1.000000000000000000000e+00
232      9.777777777777778567270e+00      7.333333333333333037274e+00      1.000000000000000000000e+00
233      1.000000000000000000000e+01      7.333333333333333037274e+00      1.000000000000000000000e+00
234      0.000000000000000000000e+00      8.000000000000000000000e+00      1.000000000000000000000e+00
235      2.222222222222222653976e-01      8.000000000000000000000e+00      1.000000000000000000000e+00
236      6.666666666666668517038e-01      8.000000000000001776357e+00      9.999999999999997779554e-01
237      1.333333333333333259318e+00      8.000000000000000000000e+00      1.000000000000000222045e+00
238      2.000000000000000444089e+00      8.000000000000001776357e+00      1.000000000000000000000e+00
239      2.666666666666666518637e+00      8.000000000000000000000e+00      1.000000000000000222045e+00
240      3.333333333333333925452e+00      8.000000000000001776357e+00      1.000000000000000000000e+00
241      4.000000000000000000000e+00      8.000000000000000000000e+00      1.000000000000000000000e+00
242      4.666666666666666962726e+00      7.999999999999999111822e+00      1.000000000000000000000e+00
243      5.333333333333333925452e+00      8.000000000000000000000e+00      1.000000000000000000000e+00
244      6.000000000000000000000e+00      7.999999999999998223643e+00      1.000000000000000000000e+00
245      6.666666666666666074548e+00      8.000000000000001776357e+00      1.000000000000000000000e+00
246      7.333333333333333037274e+00      8.000000000000000000000e+00      1.000000000000000000000e+00
247      8.000000000000000000000e+00      8.000000000000000000000e+00      1.000000000000000000000e+00
248      8.666666666666667850905e+00      8.000000000000000000000e+00      1.000000000000000000000e+00
249      9.333333333333332149095e+00      8.000000000000000000000e+00      1.000000000000000000000e+00
250      9.777777777777778567270e+00      8.000000000000000000000e+00      1.000000000000000000000e+00
251      1.000000000000000000000e+01      8.000000000000000000000e+00      1.000000000000000000000e+00
252      0.000000000000000000000e+00      8.666666666666667850905e+00      1.000000000000000000000e+00
253      2.222222222222222653976e-01      8.666666666666667850905e+00      1.000000000000000000000e+00
254      6.666666666666668517038e-01      8.666666666666669627261e+00      9.999999999999998889777e-01
255      1.333333333333333259318e+00      8.666666666666666074548e+00      1.000000000000000222045e+00
256      2.000000000000000444089e+00      8.666666666666667850905e+00      1.000000000000000000000e+00
257      2.666666666666666962726e+00      8.666666666666666074548e+00      1.000000000000000222045e+00
258      3.333333333333334369541e+00      8.666666666666667850905e+00      1.000000000000000000000e+00
259      4.000000000000000000000e+00      8.666666666666667850905e+00      1.000000000000000000000e+00
260      4.666666666666666962726e+00      8.666666666666666074548e+00      1.000000000000000000000e+00
261      5.333333333333333925452e+00      8.666666666666667850905e+00      1.000000000000000000000e+00
262      6.000000000000000000000e+00      8.666666666666666074548e+00      1.000000000000000000000e+00
263      6.666666666666666962726e+00      8.666666666666667850905e+00      1.000000000000000000000e+00
264      7.333333333333333925452e+00      8.666666666666667850905e+00      1.000000000000000000000e+00
265      8.000000000000000000000e+00      8.666666666666667850905e+00      1.000000000000000000000e+00
266      8.666666666666667850905e+00      8.666666666666667850905e+00      1.000000000000000000000e+00
267      9.333333333333332149095e+00      8.666666666666667850905e+00      1.000000000000000000000e+00
268      9.777777777777778567270e+00      8.666666666666667850905e+00      1.000000000000000000000e+00
269      1.000000000000000000000e+01      8.666666666666667850905e+00      1.000000000000000000000e+00
270      0.000000000000000000000e+00      9.333333333333332149095e+00      1.000000000000000000000e+00
271      2.222222222222222653976e-01      9.333333333333332149095e+00      1.000000000000000000000e+00
272      6.666666666666668517038e-01      9.333333333333333925452e+00      9.999999999999997779554e-01
273      1.333333333333333259318e+00      9.333333333333330372739e+00      1.000000000000000222045e+00
274      2.000000000000000444089e+00      9.333333333333333925452e+00      1.000000000000000000000e+00
275      2.666666666666666962726e+00      9.333333333333333925452e+00      1.000000000000000222045e+00
276      3.333333333333333925452e+00      9.333333333333335701809e+00      1.000000000000000000000e+00
277      4.000000000000000000000e+00      9.333333333333332149095e+00      1.000000000000000000000e+00
278      4.666666666666666074548e+00      9.333333333333330372739e+00      1.000000000000000000000e+00
279      5.333333333333333925452e+00      9.333333333333332149095e+00      1.000000000000000000000e+00
280      6.000000000000000000000e+00      9.333333333333330372739e+00      1.000000000000000000000e+00
281      6.666666666666666074548e+00      9.333333333333332149095e+00      1.000000000000000000000e+00
282      7.333333333333332149095e+00      9.333333333333332149095e+00      1.000000000000000000000e+00
283      8.000000000000000000000e+00      9.333333333333332149095e+00      1.000000000000000000000e+00
284      8.666666666666667850905e+00      9.333333333333332149095e+00      1.000000000000000000000e+00
285      9.333333333333332149095e+00      9.333333333333332149095e+00      1.000000000000000000000e+00
286      9.777777777777778567270e+00      9.333333333333332149095e+00      1.000000000000000000000e+00
287      1.000000000000000000000e+01      9.333333333333332149095e+00      1.000000000000000000000e+00
288      0.000000000000000000000e+00      9.777777777777778567270e+00      1.000000000000000000000e+00
289      2.222222222222222653976e-01      9.777777777777778567270e+00      1.000000000000000000000e+00
290      6.666666666666668517038e-01      9.777777777777780343627e+00      9.999999999999998889777e-01
291      1.333333333333333259318e+00      9.777777777777776790913e+00      1.000000000000000222045e+00
292      2.000000000000000444089e+00      9.777777777777780343627e+00      1.000000000000000000000e+00
293      2.666666666666666962726e+00      9.777777777777778567270e+00      1.000000000000000222045e+00
294      3.333333333333333925452e+00      9.777777777777780343627e+00      1.000000000000000000000e+00
295      4.000000000000000000000e+00      9.777777777777778567270e+00      1.000000000000000000000e+00
296      4.666666666666666962726e+00      9.777777777777776790913e+00      1.000000000000000000000e+00
297      5.333333333333333925452e+00      9.777777777777778567270e+00      1.000000000000000000000e+00
298      6.000000000000000000000e+00      9.777777777777776790913e+00      1.000000000000000000000e+00
299      6.666666666666666074548e+00      9.777777777777778567270e+00      1.000000000000000000000e+00
300      7.333333333333333037274e+00      9.777777777777778567270e+00      1.000000000000000000000e+00
301      8.000000000000000000000e+00      9.777777777777778567270e+00      1.000000000000000000000e+00
302      8.666666666666667850905e+00      9.777777777777778567270e+00      1.000000000000000000000e+00
303      9.333333333333332149095e+00      9.777777777777778567270e+00      1.000000000000000000000e+00
304      9.777777777777778567270e+00      9.777777777777778567270e+00      1.000000000000000000000e+00
305      1.000000000000000000000e+01      9.777777777777778567270e+00      1.000000000000000000000e+00
306      0.000000000000000000000e+00      1.000000000000000000000e+01      1.000000000000000000000e+00
307      2.222222222222222653976e-01      1.000000000000000000000e+01      1.000000000000000000000e+00
308      6.666666666666668517038e-01      1.000000000000000177636e+01      9.999999999999998889777e-01
309      1.333333333333333259318e+00      9.999999999999998223643e+00      1.000000000000000222045e+00
310      2.000000000000000444089e+00      1.000000000000000177636e+01      1.000000000000000000000e+00
311      2.666666666666666962726e+00      1.000000000000000000000e+01      1.000000000000000222045e+00
312      3.333333333333333925452e+00      1.000000000000000177636e+01      1.000000000000000000000e+00
313      4.000000000000000000000e+00      1.000000000000000000000e+01      1.000000000000000000000e+00
314      4.666666666666666962726e+00      9.999999999999998223643e+00      1.000000000000000000000e+00
315      5.333333333333333925452e+00      1.000000000000000000000e+01      1.000000000000000000000e+00
316      6.000000000000000000000e+00      9.999999999999998223643e+00      1.000000000000000000000e+00
317      6.666666666666666074548e+00      1.000000000000000000000e+01      1.000000000000000000000e+00
318      7.333333333333333037274e+00      1.000000000000000000000e+01      1.000000000000000000000e+00
319      8.000000000000000000000e+00      1.000000000000000000000e+01      1.000000000000000000000e+00
320      8.666666666666667850905e+00      1.000000000000000000000e+01      1.000000000000000000000e+00
321      9.333333333333332149095e+00      1.000000000000000000000e+01      1.000000000000000000000e+00
322      9.777777777777778567270e+00      1.000000000000000000000e+01      1.000000000000000000000e+00
323      1.000000000000000000000e+01      1.000000000000000000000e+01      1.000000000000000000000e+00

boundary 0
0
1
2
3
4
5
6
7
8
9
10
11
12
13
14
15
16
17

boundary 1
0
18
36
54
72
90
108
126
144
162
180
198
216
234
252
270
288
306

