-1.554184e-05 
4.796882e-07 
-7.306515e-06 
1.728770e-06 
-1.449428e-05 
6.569138e-06 
-2.871798e-07 
-4.433452e-07 
-7.521144e-06 
3.360913e-06 
-1.477005e-05 
1.197763e-05 
-7.291201e-07 
-7.550432e-07 
-6.957908e-06 
3.815058e-06 
-1.085732e-05 
1.303904e-05 
-1.147323e-06 
-1.062386e-06 
-6.084865e-06 
6.048596e-06 
-7.254456e-06 
1.732750e-05 
-1.503968e-06 
-1.236443e-06 
-5.465305e-06 
9.495229e-06 
-3.876241e-06 
2.265705e-05 
-1.706487e-06 
-1.191191e-06 
-6.898033e-06 
1.368730e-05 
-2.383043e-06 
2.785328e-05 
-1.840304e-06 
-1.157014e-06 
-7.019708e-06 
1.394176e-05 
-2.144140e-06 
2.589252e-05 
-1.809334e-06 
-1.182007e-06 
-1.106086e-05 
1.529878e-05 
-6.355744e-06 
2.531975e-05 
-3.052544e-05 
-4.910347e-05 
-5.933534e-05 
-6.266576e-05 
-6.234367e-05 
-3.087579e-05 
3.973241e-06 
-4.898716e-05 
2.934161e-06 
-5.938280e-05 
1.291117e-06 
-6.263772e-05 
2.622738e-07 
-6.235345e-05 
-1.394790e-07 
-3.046934e-05 
8.542396e-06 
-4.912780e-05 
5.639330e-06 
-5.916973e-05 
2.672970e-06 
-6.255646e-05 
4.604354e-07 
-6.217029e-05 
-2.656042e-07 
-1.627356e-05 
3.790091e-05 
-2.977139e-05 
3.009401e-05 
-4.878415e-05 
1.875017e-05 
-5.876213e-05 
9.316542e-06 
-6.190832e-05 
1.523453e-06 
-6.147494e-05 
-7.833695e-07 
-1.933900e-05 
7.940723e-05 
-3.095245e-05 
7.043210e-05 
-4.688017e-05 
4.356453e-05 
-5.183762e-05 
1.985626e-05 
-5.306473e-05 
2.534909e-06 
-5.223224e-05 
-3.922242e-06 
-2.124686e-05 
1.341273e-04 
-3.719163e-05 
1.121374e-04 
-3.721733e-05 
5.783001e-05 
-3.411399e-05 
2.460521e-05 
-3.305629e-05 
1.742173e-06 
-3.213967e-05 
-9.641059e-06 
-3.478090e-05 
1.932794e-04 
-2.125338e-05 
1.203907e-04 
-2.919742e-06 
5.729738e-05 
-2.257375e-06 
2.514416e-05 
-2.177405e-06 
3.497362e-07 
-2.130139e-06 
-1.279920e-05 
3.585984e-05 
1.926534e-04 
3.864643e-05 
1.167894e-04 
2.248409e-05 
5.932348e-05 
1.503423e-05 
2.579164e-05 
1.240050e-05 
5.837814e-07 
1.262202e-05 
-1.251625e-05 
-1.005646e-05 
4.010867e-05 
-1.311241e-05 
3.959875e-05 
-1.422421e-05 
8.397642e-05 
-1.687894e-05 
8.180746e-05 
-1.232857e-05 
1.394113e-04 
-1.692785e-05 
1.373481e-04 
-3.581672e-05 
2.260409e-04 
-3.745169e-05 
2.115807e-04 
2.930464e-05 
2.498953e-04 
3.406108e-05 
2.131678e-04 
-4.368599e-06 
3.954965e-05 
-6.958755e-06 
4.004494e-05 
-8.066016e-06 
8.797268e-05 
-1.157983e-05 
8.655628e-05 
-4.549154e-06 
1.422612e-04 
-7.747009e-06 
1.408929e-04 
-2.463290e-05 
2.478150e-04 
-3.394398e-05 
2.416940e-04 
1.665585e-05 
3.252237e-04 
2.438427e-05 
2.853411e-04 
3.220340e-05 
-9.781395e-07 
3.206276e-05 
3.936902e-05 
-1.928475e-06 
3.953975e-05 
8.935712e-05 
-4.349753e-06 
8.909069e-05 
1.434706e-04 
-1.728008e-06 
1.439996e-04 
2.543596e-04 
-1.440287e-05 
2.530321e-04 
3.646186e-04 
8.890939e-06 
3.661495e-04 
3.003329e-05 
-3.822970e-06 
3.009081e-05 
3.132621e-05 
-1.360140e-06 
3.145000e-05 



Displacement
0	0.0000000000000e+00	 0.0000000000000e+00	 
1	0.0000000000000e+00	 0.0000000000000e+00	 
2	-1.5541840941833e-05	 0.0000000000000e+00	 
3	4.7968817815652e-07	 0.0000000000000e+00	 
4	-7.3065152107330e-06	 1.7287698665022e-06	 
5	-1.4494279925560e-05	 6.5691378689382e-06	 
6	-2.8717980300856e-07	 -4.4334519965379e-07	 
7	-7.5211435120905e-06	 3.3609132382226e-06	 
8	-1.4770052855304e-05	 1.1977627408382e-05	 
9	-7.2912009187443e-07	 -7.5504318345751e-07	 
10	-6.9579075406729e-06	 3.8150584190811e-06	 
11	-1.0857323972070e-05	 1.3039041894452e-05	 
12	-1.1473226997765e-06	 -1.0623863196443e-06	 
13	-6.0848650825666e-06	 6.0485960860382e-06	 
14	-7.2544564652728e-06	 1.7327498269810e-05	 
15	-1.5039680585090e-06	 -1.2364427373430e-06	 
16	-5.4653046238195e-06	 9.4952292930192e-06	 
17	-3.8762413782088e-06	 2.2657049740168e-05	 
18	-1.7064869564327e-06	 -1.1911905518354e-06	 
19	-6.8980326288231e-06	 1.3687299475235e-05	 
20	-2.3830426151041e-06	 2.7853279884582e-05	 
21	-1.8403035338776e-06	 -1.1570135735758e-06	 
22	-7.0197083377331e-06	 1.3941760294554e-05	 
23	-2.1441398577770e-06	 2.5892522860674e-05	 
24	-1.8093338391185e-06	 -1.1820073998773e-06	 
25	-1.1060856684640e-05	 1.5298779870526e-05	 
26	-6.3557436568855e-06	 2.5319745311007e-05	 
27	-3.0525435568208e-05	 0.0000000000000e+00	 
28	-4.9103467703836e-05	 0.0000000000000e+00	 
29	-5.9335343199781e-05	 0.0000000000000e+00	 
30	-6.2665760139466e-05	 0.0000000000000e+00	 
31	-6.2343669414531e-05	 0.0000000000000e+00	 
32	-3.0875794251728e-05	 3.9732413329463e-06	 
33	-4.8987158568531e-05	 2.9341610541497e-06	 
34	-5.9382795800020e-05	 1.2911166521842e-06	 
35	-6.2637723695402e-05	 2.6227379309894e-07	 
36	-6.2353448033573e-05	 -1.3947901861120e-07	 
37	-3.0469342865128e-05	 8.5423956698704e-06	 
38	-4.9127800074934e-05	 5.6393303899099e-06	 
39	-5.9169731487181e-05	 2.6729701835677e-06	 
40	-6.2556463124652e-05	 4.6043541478052e-07	 
41	-6.2170292545635e-05	 -2.6560419632429e-07	 
42	-1.6273558756857e-05	 3.7900906713252e-05	 
43	-2.9771389179470e-05	 3.0094009313501e-05	 
44	-4.8784148370391e-05	 1.8750173594210e-05	 
45	-5.8762134630412e-05	 9.3165421992163e-06	 
46	-6.1908322776728e-05	 1.5234529832573e-06	 
47	-6.1474936857055e-05	 -7.8336947221924e-07	 
48	-1.9338995387183e-05	 7.9407227038571e-05	 
49	-3.0952448192343e-05	 7.0432096298324e-05	 
50	-4.6880169485160e-05	 4.3564526235136e-05	 
51	-5.1837624823877e-05	 1.9856256839922e-05	 
52	-5.3064728877720e-05	 2.5349094348411e-06	 
53	-5.2232240702652e-05	 -3.9222424082745e-06	 
54	-2.1246861848013e-05	 1.3412729658246e-04	 
55	-3.7191625477148e-05	 1.1213741708263e-04	 
56	-3.7217330488070e-05	 5.7830007163526e-05	 
57	-3.4113988783439e-05	 2.4605211715391e-05	 
58	-3.3056289241678e-05	 1.7421733364910e-06	 
59	-3.2139669807729e-05	 -9.6410589450466e-06	 
60	-3.4780902747658e-05	 1.9327938805067e-04	 
61	-2.1253375182950e-05	 1.2039074128925e-04	 
62	-2.9197419995347e-06	 5.7297380458981e-05	 
63	-2.2573746376586e-06	 2.5144164906555e-05	 
64	-2.1774050550408e-06	 3.4973619235554e-07	 
65	-2.1301391942645e-06	 -1.2799198007403e-05	 
66	3.5859843642816e-05	 1.9265342289056e-04	 
67	3.8646425137674e-05	 1.1678941286955e-04	 
68	2.2484091821718e-05	 5.9323481709222e-05	 
69	1.5034227915673e-05	 2.5791640015998e-05	 
70	1.2400500107781e-05	 5.8378136684078e-07	 
71	1.2622023541367e-05	 -1.2516249322264e-05	 
72	-1.0056456068167e-05	 4.0108674398979e-05	 
73	-1.3112410974408e-05	 3.9598751169809e-05	 
74	-1.4224212942554e-05	 8.3976415175247e-05	 
75	-1.6878937760196e-05	 8.1807455162917e-05	 
76	-1.2328569796608e-05	 1.3941133822735e-04	 
77	-1.6927853823409e-05	 1.3734809491040e-04	 
78	-3.5816721838936e-05	 2.2604094313921e-04	 
79	-3.7451690718601e-05	 2.1158068647953e-04	 
80	2.9304644365741e-05	 2.4989529771711e-04	 
81	3.4061077146883e-05	 2.1316777347488e-04	 
82	-4.3685994383687e-06	 3.9549647296334e-05	 
83	-6.9587554546709e-06	 4.0044943953977e-05	 
84	-8.0660159449720e-06	 8.7972679532169e-05	 
85	-1.1579825684792e-05	 8.6556277607560e-05	 
86	-4.5491540766829e-06	 1.4226121995463e-04	 
87	-7.7470090597484e-06	 1.4089289306048e-04	 
88	-2.4632900877588e-05	 2.4781504402666e-04	 
89	-3.3943984892001e-05	 2.4169404304769e-04	 
90	1.6655852609967e-05	 3.2522374349302e-04	 
91	2.4384265122113e-05	 2.8534105595851e-04	 
92	0.0000000000000e+00	 3.2203395699224e-05	 
93	-9.7813950709401e-07	 3.2062763119252e-05	 
94	0.0000000000000e+00	 3.9369015699366e-05	 
95	-1.9284751297125e-06	 3.9539748594922e-05	 
96	0.0000000000000e+00	 8.9357116310312e-05	 
97	-4.3497527365297e-06	 8.9090693360951e-05	 
98	0.0000000000000e+00	 1.4347064509561e-04	 
99	-1.7280077423028e-06	 1.4399961661874e-04	 
100	0.0000000000000e+00	 2.5435960939011e-04	 
101	-1.4402871699534e-05	 2.5303209417088e-04	 
102	0.0000000000000e+00	 3.6461864748222e-04	 
103	8.8909392442847e-06	 3.6614946375748e-04	 
104	0.0000000000000e+00	 3.0033286320909e-05	 
105	-3.8229703239038e-06	 3.0090812661481e-05	 
106	0.0000000000000e+00	 3.1326207259595e-05	 
107	-1.3601403102293e-06	 3.1450000125412e-05	 



Strain
0	0	-1.7190644212437e-05	1.2156376253639e-04	-3.2749874674578e-04	0.0000000000000e+00	
0	1	-2.5520536747283e-05	3.9296499704747e-05	-4.8593100501277e-05	0.0000000000000e+00	
0	2	-2.7612586630136e-05	2.7495693893556e-05	-3.8403268790167e-06	0.0000000000000e+00	
0	3	2.7096174419741e-05	7.4836411050445e-05	-2.7059627599095e-04	0.0000000000000e+00	
0	4	-1.5428646360121e-05	3.6512217370347e-05	-3.4591841993538e-05	0.0000000000000e+00	
0	5	-1.8888068274968e-05	2.5648517449136e-05	-5.5012810141230e-06	0.0000000000000e+00	
0	6	6.6028222328462e-05	2.8109059564497e-05	-1.7649954115990e-04	0.0000000000000e+00	
0	7	-1.9319483101073e-05	3.3727935035946e-05	-1.8864269541249e-05	0.0000000000000e+00	
0	8	-1.5126966429108e-05	2.3801341004716e-05	-6.3434080988880e-06	0.0000000000000e+00	
1	0	5.5724242510868e-05	5.3700912164218e-05	-1.4250435372356e-04	0.0000000000000e+00	
1	1	-1.8539381336838e-05	3.4143480049802e-05	-2.0254231178534e-05	0.0000000000000e+00	
1	2	-1.6090682702990e-05	2.4190388020458e-05	-6.8511336589882e-06	0.0000000000000e+00	
1	3	4.6367588027569e-05	1.0741935330666e-04	-1.4684357935233e-04	0.0000000000000e+00	
1	4	-1.9056020704622e-05	3.9305709113723e-05	-3.1107587810917e-05	0.0000000000000e+00	
1	5	-1.5733164133234e-05	2.6468124041047e-05	-1.3851525838413e-05	0.0000000000000e+00	
1	6	3.7010933544272e-05	1.3257301674787e-04	-1.5745091013097e-04	0.0000000000000e+00	
1	7	-1.9572660072407e-05	3.8253332351724e-05	-4.2561291011227e-05	0.0000000000000e+00	
1	8	-1.5375645563478e-05	2.5334760781327e-05	-2.0924984740914e-05	0.0000000000000e+00	
2	0	4.7000859236680e-05	1.2502461788684e-04	-2.7712227061939e-04	0.0000000000000e+00	
2	1	-1.4412095281015e-05	3.3740097315657e-05	-6.1112541132826e-05	0.0000000000000e+00	
2	2	-1.3035716107933e-05	2.2600690896846e-05	-2.8602054873005e-05	0.0000000000000e+00	
2	3	8.5183716070947e-05	7.4115145656382e-05	-2.7084851976978e-04	0.0000000000000e+00	
2	4	-5.3718290019991e-06	2.1936285829472e-05	-5.9798800854733e-05	0.0000000000000e+00	
2	5	-9.3116421660428e-06	1.6179688744095e-05	-2.7468873020437e-05	0.0000000000000e+00	
2	6	1.2336657290522e-04	-5.0737412481874e-06	-2.4532073268388e-04	0.0000000000000e+00	
2	7	3.6684372770171e-06	8.0286629125181e-06	-5.2705986098719e-05	0.0000000000000e+00	
2	8	-5.5875682241527e-06	9.2000286689859e-06	-2.3518823476954e-05	0.0000000000000e+00	
3	0	1.3111221341737e-04	-2.3456287686243e-05	-2.1833414411763e-04	0.0000000000000e+00	
3	1	6.6429270541473e-06	4.0775161634415e-06	-4.7589459516384e-05	0.0000000000000e+00	
3	2	-6.4008678363997e-06	6.8307114887542e-06	-2.3445051095772e-05	0.0000000000000e+00	
3	3	1.6404200416328e-04	-4.6819978647317e-05	-1.3798167909244e-04	0.0000000000000e+00	
3	4	1.5316515098219e-05	-1.3972187379311e-06	-3.0718865304666e-05	0.0000000000000e+00	
3	5	-2.8786379590250e-06	4.2480334494896e-06	-1.5765877217183e-05	0.0000000000000e+00	
3	6	1.4944083449993e-04	-7.0183669608395e-05	-4.5190795791116e-05	0.0000000000000e+00	
3	7	1.2209680167205e-05	-6.8719536393038e-06	-1.0475849840647e-05	0.0000000000000e+00	
3	8	-5.2587559343118e-06	1.6653554102251e-06	-6.3459573630955e-06	0.0000000000000e+00	
4	0	-1.3734347905722e-05	2.3684391583545e-05	2.1297443756818e-06	0.0000000000000e+00	
4	1	-1.1536531360814e-05	1.7993511824639e-05	-4.2995061691667e-08	0.0000000000000e+00	
4	2	-9.3387148159049e-06	1.4500917994903e-05	-6.0810451414732e-07	0.0000000000000e+00	
4	3	-1.4219986188531e-05	2.2457022029513e-05	-6.2906714062502e-07	0.0000000000000e+00	
4	4	-1.1785355562124e-05	1.8076640889006e-05	-8.5803055057403e-07	0.0000000000000e+00	
4	5	-9.3507249357171e-06	1.4886479207618e-05	-6.8170425270706e-07	0.0000000000000e+00	
4	6	-1.4200613065872e-05	2.1229652475482e-05	-2.9609299855377e-06	0.0000000000000e+00	
4	7	-1.1812071952579e-05	1.8159769953374e-05	-1.4833094786627e-06	0.0000000000000e+00	
4	8	-9.4235308392866e-06	1.5272040420333e-05	-8.0273954107353e-07	0.0000000000000e+00	
5	0	-8.2630199578516e-06	1.3375109469700e-05	-3.2978622618550e-07	0.0000000000000e+00	
5	1	-6.7642200802600e-06	1.1395932203636e-05	-2.3286465454139e-08	0.0000000000000e+00	
5	2	-5.2654202026683e-06	9.1317777125156e-06	8.4987480899846e-09	0.0000000000000e+00	
5	3	-8.2127464511541e-06	1.3526561525293e-05	-5.8581535094627e-07	0.0000000000000e+00	
5	4	-6.7367234911888e-06	1.1262837048224e-05	-6.4187685554016e-07	0.0000000000000e+00	
5	5	-5.2607005312235e-06	8.9801240932416e-06	-6.1682761277112e-07	0.0000000000000e+00	
5	6	-8.2812290013182e-06	1.3678013580886e-05	-9.4008955443078e-07	0.0000000000000e+00	
5	7	-6.7442593602617e-06	1.1129741892813e-05	-1.2961267367870e-06	0.0000000000000e+00	
5	8	-5.2072897192051e-06	8.8284704739676e-06	-1.2152278772303e-06	0.0000000000000e+00	
6	0	-4.4608795721974e-06	7.7091853427208e-06	-7.0361765658219e-08	0.0000000000000e+00	
6	1	-3.1948822725021e-06	5.4857293241131e-06	-1.3479675713255e-07	0.0000000000000e+00	
6	2	-1.9288849728067e-06	3.5987028164508e-06	-1.0469029916938e-07	0.0000000000000e+00	
6	3	-4.4620804390526e-06	7.6532479412008e-06	-5.2833435595844e-07	0.0000000000000e+00	
6	4	-3.1936521022994e-06	5.5343967265242e-06	-3.4932182883102e-07	0.0000000000000e+00	
6	5	-1.9252237655461e-06	3.6416931431141e-06	-2.4418693614867e-07	0.0000000000000e+00	
6	6	-4.4017585966372e-06	7.5973105396809e-06	-9.4871971243024e-07	0.0000000000000e+00	
6	7	-3.1705272425630e-06	5.5830641289354e-06	-5.5220834427262e-07	0.0000000000000e+00	
6	8	-1.9392958884889e-06	3.6846834697775e-06	-3.9799369444261e-07	0.0000000000000e+00	
7	0	-1.3511683600444e-06	2.6477168293804e-06	-5.4215073366868e-08	0.0000000000000e+00	
7	1	-6.3184733056847e-07	1.1503180178107e-06	-9.1736783063416e-09	0.0000000000000e+00	
7	2	8.7473698907512e-08	-1.9093074651004e-07	-2.1891783267982e-08	0.0000000000000e+00	
7	3	-1.3468824857246e-06	2.6443519439330e-06	-2.2176214520788e-07	0.0000000000000e+00	
7	4	-6.2784583015890e-07	1.1109847162054e-06	-1.6642330747197e-07	0.0000000000000e+00	
7	5	9.1190825406759e-08	-1.9424584754887e-07	-5.5742147951649e-08	0.0000000000000e+00	
7	6	-1.3641174748277e-06	2.6409870584856e-06	-4.0624138752414e-07	0.0000000000000e+00	
7	7	-6.1875299980616e-07	1.0716514146002e-06	-3.2366707964834e-07	0.0000000000000e+00	
7	8	1.2661147521541e-07	-1.9756094858770e-07	-7.2648628181543e-08	0.0000000000000e+00	
8	0	-1.3702038900324e-05	2.0588136582978e-05	-4.8066540183380e-06	0.0000000000000e+00	
8	1	-1.1565261721524e-05	1.7967548814180e-05	-3.1692774279089e-06	0.0000000000000e+00	
8	2	-9.4284845427240e-06	1.5287005035366e-05	-2.0699558837936e-06	0.0000000000000e+00	
8	3	-1.2518214233920e-05	1.9166078346006e-05	-7.3151471673397e-06	0.0000000000000e+00	
8	4	-1.0862082398317e-05	1.7235483375791e-05	-6.0805837904741e-06	0.0000000000000e+00	
8	5	-9.2059505627136e-06	1.4907557482525e-05	-5.1680675603836e-06	0.0000000000000e+00	
8	6	-1.1619696323011e-05	1.7744020109035e-05	-8.8639388547602e-06	0.0000000000000e+00	
8	7	-1.0202789237002e-05	1.6503417937402e-05	-8.4092547707313e-06	0.0000000000000e+00	
8	8	-8.7858821509930e-06	1.4528109929684e-05	-8.0606099339386e-06	0.0000000000000e+00	
9	0	-8.3443374054332e-06	1.3711637388618e-05	-1.8425679412317e-06	0.0000000000000e+00	
9	1	-6.7554519745142e-06	1.1165661096267e-05	-1.7740077576371e-06	0.0000000000000e+00	
9	2	-5.1665665435952e-06	8.8497652524521e-06	-1.6447936841398e-06	0.0000000000000e+00	
9	3	-8.2375706489316e-06	1.3393588990558e-05	-4.8195074589235e-06	0.0000000000000e+00	
9	4	-6.5658729744220e-06	1.0881168611612e-05	-4.2698147338871e-06	0.0000000000000e+00	
9	5	-4.8941752999125e-06	8.5328354382982e-06	-3.6325855681176e-06	0.0000000000000e+00	
9	6	-7.8542744206339e-06	1.3075540592498e-05	-7.7220647317754e-06	0.0000000000000e+00	
9	7	-6.0697192986644e-06	1.0596676126957e-05	-6.7649966191307e-06	0.0000000000000e+00	
9	8	-4.2851641766950e-06	8.2159056241444e-06	-5.6935095149223e-06	0.0000000000000e+00	
10	0	-4.3502964682379e-06	7.6037539399081e-06	-1.5120802059528e-06	0.0000000000000e+00	
10	1	-3.1340765821879e-06	5.5751854101552e-06	-1.2258511003620e-06	0.0000000000000e+00	
10	2	-1.9178566961379e-06	3.6797846373638e-06	-9.4190498836927e-07	0.0000000000000e+00	
10	3	-4.0682913729540e-06	7.2434389814761e-06	-3.2055154000056e-06	0.0000000000000e+00	
10	4	-2.9018458095201e-06	5.1877548071075e-06	-2.4876466875197e-06	0.0000000000000e+00	
10	5	-1.7354002460863e-06	3.3379594736038e-06	-1.8565648219065e-06	0.0000000000000e+00	
10	6	-3.4684065218800e-06	6.8831240230441e-06	-4.9698945672809e-06	0.0000000000000e+00	
10	7	-2.4461807641341e-06	4.8003242040597e-06	-3.7391097423607e-06	0.0000000000000e+00	
10	8	-1.4239550063881e-06	2.9961343098437e-06	-2.6796156175880e-06	0.0000000000000e+00	
11	0	-1.3453883691578e-06	2.6441968995037e-06	-7.6218519460066e-07	0.0000000000000e+00	
11	1	-5.9432561642496e-07	1.0754970523856e-06	-4.4277296591795e-07	0.0000000000000e+00	
11	2	1.5673713630787e-07	-2.1334499102720e-07	-1.4771545099659e-07	0.0000000000000e+00	
11	3	-1.1886329737665e-06	2.3555727302261e-06	-1.4894762749656e-06	0.0000000000000e+00	
11	4	-4.7611735874790e-07	8.2014499049998e-07	-8.3184564701613e-07	0.0000000000000e+00	
11	5	2.3639825627070e-07	-5.2373821457238e-07	-2.1883939384651e-07	0.0000000000000e+00	
11	6	-9.3696418341365e-07	2.0669485609485e-06	-2.1302293496579e-06	0.0000000000000e+00	
11	7	-2.8565003313001e-07	5.6479292861432e-07	-1.2330833878521e-06	0.0000000000000e+00	
11	8	3.6566411715363e-07	-8.3413143811757e-07	-4.0083146184464e-07	0.0000000000000e+00	
12	0	-1.1244678783295e-05	1.7834082707156e-05	-9.4078898795213e-06	0.0000000000000e+00	
12	1	-9.8368566302986e-06	1.6425127553805e-05	-9.5945336013784e-06	0.0000000000000e+00	
12	2	-8.4290344773020e-06	1.4267120491047e-05	-9.6446416800878e-06	0.0000000000000e+00	
12	3	-1.1107061661814e-05	1.9565640312628e-05	-1.1366950506798e-05	0.0000000000000e+00	
12	4	-9.2015121683577e-06	1.6888148740878e-05	-1.2526409398910e-05	0.0000000000000e+00	
12	5	-7.2959626749013e-06	1.3749680011244e-05	-1.2931733956505e-05	0.0000000000000e+00	
12	6	-1.1646092436536e-05	2.1297197918099e-05	-1.4904770080488e-05	0.0000000000000e+00	
12	7	-8.5525582416777e-06	1.7351169927950e-05	-1.6715078244095e-05	0.0000000000000e+00	
12	8	-5.4590240468193e-06	1.3232239531440e-05	-1.7153653381816e-05	0.0000000000000e+00	
13	0	-7.4805957364455e-06	1.2706437530988e-05	-9.2688901587988e-06	0.0000000000000e+00	
13	1	-5.6291160540398e-06	1.0112217172034e-05	-7.9816623925665e-06	0.0000000000000e+00	
13	2	-3.7776363716340e-06	7.7155741869892e-06	-6.6417835987951e-06	0.0000000000000e+00	
13	3	-6.2244532806547e-06	1.1756066331654e-05	-1.2187325249105e-05	0.0000000000000e+00	
13	4	-4.4477696631303e-06	8.7318704921366e-06	-9.8310210357151e-06	0.0000000000000e+00	
13	5	-2.6710860456060e-06	6.3131191835671e-06	-7.6612134396514e-06	0.0000000000000e+00	
13	6	-4.1413607098082e-06	1.0805695132319e-05	-1.5814246934856e-05	0.0000000000000e+00	
13	7	-2.7067558190739e-06	7.3515238122394e-06	-1.1933014745854e-05	0.0000000000000e+00	
13	8	-1.2721509283396e-06	4.9106641801450e-06	-8.4774268190439e-06	0.0000000000000e+00	
14	0	-2.9782175592373e-06	6.4158035802313e-06	-5.7556124120859e-06	0.0000000000000e+00	
14	1	-2.0825011495192e-06	4.4082166529320e-06	-4.2228865438779e-06	0.0000000000000e+00	
14	2	-1.1867847398012e-06	2.6949092267835e-06	-2.9050789506331e-06	0.0000000000000e+00	
14	3	-1.9739687075140e-06	5.1701757282659e-06	-6.4327129324403e-06	0.0000000000000e+00	
14	4	-1.3550143975091e-06	3.4481729215683e-06	-4.4413645496422e-06	0.0000000000000e+00	
14	5	-7.3606008750418e-07	2.0015769008771e-06	-2.7303563861043e-06	0.0000000000000e+00	
14	6	-7.7638995480543e-07	3.9245478763005e-06	-6.7800846830708e-06	0.0000000000000e+00	
14	7	-5.0731638813981e-07	2.4881291902047e-06	-4.3512068202558e-06	0.0000000000000e+00	
14	8	-2.3824282147418e-07	1.3082445749708e-06	-2.2680911209981e-06	0.0000000000000e+00	
15	0	-7.5006325142771e-07	1.8224090712556e-06	-2.2655970633104e-06	0.0000000000000e+00	
15	1	-1.4498990288487e-07	3.7202196585150e-07	-1.2973723352444e-06	0.0000000000000e+00	
15	2	4.6008344565797e-07	-1.0402525219413e-06	-4.0702712025973e-07	0.0000000000000e+00	
15	3	-4.0916396546323e-07	1.2706753204588e-06	-1.9926871425439e-06	0.0000000000000e+00	
15	4	9.5257525895485e-08	-3.5081780613462e-08	-1.0537342401914e-06	0.0000000000000e+00	
15	5	5.9967901725421e-07	-1.4381926866073e-06	-2.1701567445541e-07	0.0000000000000e+00	
15	6	-5.0370082249764e-08	7.1894156966200e-07	-1.4824300984616e-06	0.0000000000000e+00	
15	7	3.2617945503251e-07	-4.4218552707843e-07	-7.2415267053581e-07	0.0000000000000e+00	
15	8	7.0272899231478e-07	-1.8361328512733e-06	-9.2464402761847e-08	0.0000000000000e+00	
16	0	-1.2062539966026e-05	2.1634628806093e-05	-1.8024142008312e-05	0.0000000000000e+00	
16	1	-8.0644869818368e-06	1.6458577181257e-05	-1.9007331685701e-05	0.0000000000000e+00	
16	2	-4.0664339976477e-06	1.1865546564800e-05	-1.8902807402125e-05	0.0000000000000e+00	
16	3	-9.7719216225922e-06	2.1062649637461e-05	-2.7154391937414e-05	0.0000000000000e+00	
16	4	-5.4487450648663e-06	1.2928168452702e-05	-2.3185905365294e-05	0.0000000000000e+00	
16	5	-1.1255685071404e-06	7.6863580450562e-06	-1.9723332675179e-05	0.0000000000000e+00	
16	6	-3.2273241859053e-06	2.0490670468828e-05	-4.0881808598370e-05	0.0000000000000e+00	
16	7	-3.6013752619893e-07	9.3977597241459e-06	-2.9380272505801e-05	0.0000000000000e+00	
16	8	2.5070491335074e-06	3.5071695253122e-06	-1.9978278138209e-05	0.0000000000000e+00	
17	0	-2.5803705368702e-06	9.4816597896055e-06	-1.7177943499841e-05	0.0000000000000e+00	
17	1	-1.4715788123935e-06	6.1997875292797e-06	-1.2436318929121e-05	0.0000000000000e+00	
17	2	-3.6278708791679e-07	3.9925017927481e-06	-8.2821720827232e-06	0.0000000000000e+00	
17	3	2.1249180209722e-07	5.8819945588102e-06	-1.6971491642735e-05	0.0000000000000e+00	
17	4	4.8754835517685e-07	3.6222020631745e-06	-1.1234652035583e-05	0.0000000000000e+00	
17	5	7.6260490825649e-07	2.2396993973240e-06	-6.4022818529246e-06	0.0000000000000e+00	
17	6	3.0757172363040e-06	2.2823293280149e-06	-1.5512461307852e-05	0.0000000000000e+00	
17	7	2.1627537766180e-06	1.0446165970692e-06	-9.0009147340428e-06	0.0000000000000e+00	
17	8	1.2497903169320e-06	4.8689700189981e-07	-3.7108292848993e-06	0.0000000000000e+00	
18	0	-2.7545907222835e-08	3.1656010570381e-06	-6.4050535567086e-06	0.0000000000000e+00	
18	1	1.5715894236709e-08	1.9675931681655e-06	-3.9314983406842e-06	0.0000000000000e+00	
18	2	5.8977695696261e-08	9.7095947718511e-07	-1.7712138165382e-06	0.0000000000000e+00	
18	3	7.8214459896552e-07	1.8031144842800e-06	-4.5351200089184e-06	0.0000000000000e+00	
18	4	5.7423603030251e-07	1.1388191942409e-06	-2.4550831661270e-06	0.0000000000000e+00	
18	5	3.6632746163950e-07	5.0521437308900e-07	-5.1123839904506e-07	0.0000000000000e+00	
18	6	9.0812471269977e-07	4.4062791152187e-07	-1.9733020609291e-06	0.0000000000000e+00	
18	7	6.4695716845593e-07	3.1004522031629e-07	-4.7754775908222e-07	0.0000000000000e+00	
18	8	3.8578962421209e-07	3.9469268992894e-08	1.0590930832241e-06	0.0000000000000e+00	
19	0	1.5663020367780e-07	4.6439688337814e-07	-1.0211291770594e-06	0.0000000000000e+00	
19	1	4.4895043275452e-07	-5.7303074695334e-07	-4.8159804769805e-07	0.0000000000000e+00	
19	2	7.4127066183124e-07	-1.8634055532382e-06	-6.6094293273857e-08	0.0000000000000e+00	
19	3	3.5594551037197e-07	1.4138993932769e-07	7.9083949416523e-08	0.0000000000000e+00	
19	4	5.2817658995359e-07	-6.1557550905399e-07	1.9313293823207e-07	0.0000000000000e+00	
19	5	7.0040766953522e-07	-1.5591878017778e-06	2.1631292920410e-07	0.0000000000000e+00	
19	6	3.3574839964891e-07	-1.8161700472278e-07	1.4557046233477e-06	0.0000000000000e+00	
19	7	4.2494969236949e-07	-6.5812027115464e-07	1.2183718422418e-06	0.0000000000000e+00	
19	8	5.1415098509007e-07	-1.2549700503174e-06	9.2332844038597e-07	0.0000000000000e+00	
20	0	2.0601064086423e-06	1.7917573905901e-05	-4.3531888594213e-05	0.0000000000000e+00	
20	1	3.3522476039553e-06	7.2226343910404e-06	-2.9314699678377e-05	0.0000000000000e+00	
20	2	4.6443887992684e-06	1.9048808682927e-06	-1.7557171938774e-05	0.0000000000000e+00	
20	3	6.3711372381725e-06	9.6471281619399e-06	-3.2206641027084e-05	0.0000000000000e+00	
20	4	5.1132314306613e-06	3.2782430244220e-06	-1.9089192679545e-05	0.0000000000000e+00	
20	5	3.8553256231502e-06	5.7781776028092e-07	-8.0753251608270e-06	0.0000000000000e+00	
20	6	3.6044439902381e-06	1.3766824179793e-06	-1.5091515148338e-05	0.0000000000000e+00	
20	7	1.9446333289086e-07	-6.6614834219625e-07	-4.9835600900350e-06	0.0000000000000e+00	
20	8	-3.2155173244565e-06	-7.4924534773091e-07	3.3768944868571e-06	0.0000000000000e+00	
21	0	4.5352141647483e-06	1.0768966335832e-06	-1.2796785802382e-05	0.0000000000000e+00	
21	1	2.8678952469927e-06	3.7053220062756e-07	-7.1175558599409e-06	0.0000000000000e+00	
21	2	1.2005763292371e-06	1.1684454787352e-07	-2.2283743937987e-06	0.0000000000000e+00	
21	3	3.0397857198250e-06	5.3410244747682e-07	-4.9413814043743e-06	0.0000000000000e+00	
21	4	1.4950954404754e-06	6.3163225139182e-07	-3.1759992387122e-06	0.0000000000000e+00	
21	5	-4.9594838874172e-08	5.9796476642471e-07	-4.0112787539305e-07	0.0000000000000e+00	
21	6	-4.0363528096198e-06	-8.6917386295478e-09	4.1387755910945e-06	0.0000000000000e+00	
21	7	-3.4471664620243e-06	8.9273230215608e-07	1.3377448439427e-06	0.0000000000000e+00	
21	8	-2.8579801144287e-06	1.0790849849759e-06	1.3457409684042e-06	0.0000000000000e+00	
22	0	6.5759534701276e-07	1.5188178208163e-07	-6.8324487122723e-07	0.0000000000000e+00	
22	1	4.5896464070055e-07	1.3401423560117e-07	3.4991205000160e-07	0.0000000000000e+00	
22	2	2.6033393438834e-07	-3.8398913737593e-08	1.5419225599823e-06	0.0000000000000e+00	
22	3	-4.6810055628657e-07	5.2209468537746e-07	5.9247343411902e-07	0.0000000000000e+00	
22	4	-3.6160168997095e-07	3.5785919634404e-07	8.3039793131896e-07	0.0000000000000e+00	
22	5	-2.5510282365533e-07	1.5975282880547e-07	1.4554901802590e-06	0.0000000000000e+00	
22	6	-2.4924941599244e-06	8.9230758867330e-07	1.6371681635911e-06	0.0000000000000e+00	
22	7	-1.8256910682294e-06	5.8170415708690e-07	1.2147319875097e-06	0.0000000000000e+00	
22	8	-1.1588879765344e-06	3.5790457134853e-07	1.4077777261568e-06	0.0000000000000e+00	
23	0	2.2125605235070e-07	-2.0683138783043e-07	1.8024882437241e-06	0.0000000000000e+00	
23	1	2.8559594243805e-07	-5.6665660945331e-07	1.4039822885391e-06	0.0000000000000e+00	
23	2	3.4993583252540e-07	-1.0088684501615e-06	1.0064249089906e-06	0.0000000000000e+00	
23	3	-1.7769308476537e-07	2.9526538628070e-08	1.5029606655754e-06	0.0000000000000e+00	
23	4	-1.8174027968448e-08	-2.0979773552447e-07	9.0041381575187e-07	0.0000000000000e+00	
23	5	1.4134502882845e-07	-4.6736010194894e-07	4.6723900440381e-07	0.0000000000000e+00	
23	6	-8.3595999979406e-07	2.6588446508658e-07	1.3022629107919e-06	0.0000000000000e+00	
23	7	-3.9302378840871e-07	1.4706113840435e-07	5.6737057865074e-07	0.0000000000000e+00	
23	8	4.9912422976650e-08	7.4148246263666e-08	1.7027374782406e-07	0.0000000000000e+00	
24	0	-1.4055164521140e-05	1.9681048264896e-05	-1.5139895270511e-05	0.0000000000000e+00	
24	1	-1.4464807931662e-05	2.1034956732210e-05	-1.1215017289334e-05	0.0000000000000e+00	
24	2	-1.4874451342185e-05	2.1412827838381e-05	-7.2399920953916e-06	0.0000000000000e+00	
24	3	-1.2623707946928e-05	1.9086215757960e-05	-8.6161553941257e-06	0.0000000000000e+00	
24	4	-1.2807872167036e-05	1.9654695634595e-05	-8.2820792349113e-06	0.0000000000000e+00	
24	5	-1.2992036387144e-05	1.9725916156411e-05	-7.9032116819714e-06	0.0000000000000e+00	
24	6	-1.1615211379866e-05	1.8491383251024e-05	-6.9602990884826e-06	0.0000000000000e+00	
24	7	-1.1599336549996e-05	1.8274434536980e-05	-7.9428292211948e-06	0.0000000000000e+00	
24	8	-1.1583461720125e-05	1.8039004474440e-05	-8.8859237792207e-06	0.0000000000000e+00	
25	0	-1.1265283815880e-05	1.8884932776149e-05	-7.7901706105932e-06	0.0000000000000e+00	
25	1	-1.1145730687919e-05	1.8483093059091e-05	-8.6687842277633e-06	0.0000000000000e+00	
25	2	-1.1026177559957e-05	1.8175288201815e-05	-9.5125708646919e-06	0.0000000000000e+00	
25	3	-1.1716109889764e-05	2.0832194949130e-05	-8.5543708387214e-06	0.0000000000000e+00	
25	4	-1.1456022351968e-05	2.0580407430460e-05	-9.5096978280673e-06	0.0000000000000e+00	
25	5	-1.1195934814172e-05	2.0330537778089e-05	-1.0440679414566e-05	0.0000000000000e+00	
25	6	-1.3588897426273e-05	2.2779457122111e-05	-8.3870452649802e-06	0.0000000000000e+00	
25	7	-1.3238062971268e-05	2.2677721801830e-05	-9.8566413455503e-06	0.0000000000000e+00	
25	8	-1.2887228516263e-05	2.2485787354363e-05	-1.1312373600669e-05	0.0000000000000e+00	
26	0	-1.5137253055153e-05	2.4691601154352e-05	-9.6350908426745e-06	0.0000000000000e+00	
26	1	-1.4715653534799e-05	2.4154177804038e-05	-1.1290738495159e-05	0.0000000000000e+00	
26	2	-1.4294054014446e-05	2.3474734295892e-05	-1.2879484385352e-05	0.0000000000000e+00	
26	3	-1.5594333570235e-05	2.9315406025942e-05	-1.9611598803979e-05	0.0000000000000e+00	
26	4	-1.4397178915446e-05	2.7130692189963e-05	-2.1373481019621e-05	0.0000000000000e+00	
26	5	-1.3200024260656e-05	2.4717992649320e-05	-2.2875715467267e-05	0.0000000000000e+00	
26	6	-1.2839671387578e-05	3.3939210897533e-05	-3.7208568398475e-05	0.0000000000000e+00	
26	7	-9.9514180712538e-06	3.0107206575887e-05	-3.9485021524716e-05	0.0000000000000e+00	
26	8	-7.0631647549292e-06	2.5961251002749e-05	-4.1309080877256e-05	0.0000000000000e+00	
27	0	-9.6976374417757e-06	3.3119831063668e-05	-4.2790588288552e-05	0.0000000000000e+00	
27	1	-5.6250063022659e-06	2.8109051778612e-05	-4.5189001602618e-05	0.0000000000000e+00	
27	2	-1.5523751627562e-06	2.3368491477324e-05	-4.7343044051170e-05	0.0000000000000e+00	
27	3	-7.3500664183849e-07	2.5680234215895e-05	-5.0036173842024e-05	0.0000000000000e+00	
27	4	2.3428004897840e-06	1.8265895070280e-05	-4.5656763794660e-05	0.0000000000000e+00	
27	5	5.4206076214064e-06	1.3215236604412e-05	-4.1940597879290e-05	0.0000000000000e+00	
27	6	1.2864190164931e-05	1.8240637368121e-05	-7.3670640261104e-05	0.0000000000000e+00	
27	7	1.0636002050506e-05	8.4227383619469e-06	-5.2569463796408e-05	0.0000000000000e+00	
27	8	8.4078139360822e-06	3.0619817314995e-06	-3.3039146461213e-05	0.0000000000000e+00	
28	0	-7.6433110514170e-06	1.1972197048976e-05	-1.7921677791238e-05	0.0000000000000e+00	
28	1	-1.0096119284132e-05	1.5134933219619e-05	-1.8642797191706e-05	0.0000000000000e+00	
28	2	-1.2548927516846e-05	1.8220395694875e-05	-1.9035540606327e-05	0.0000000000000e+00	
28	3	-1.0031948275320e-05	1.5565004071185e-05	-6.6196900744513e-06	0.0000000000000e+00	
28	4	-1.1085076961728e-05	1.7043163381913e-05	-7.6164615972264e-06	0.0000000000000e+00	
28	5	-1.2138205648136e-05	1.8437424751475e-05	-8.3522703495100e-06	0.0000000000000e+00	
28	6	-1.1751609168836e-05	1.9157811093394e-05	-3.3037098585393e-06	0.0000000000000e+00	
28	7	-1.1725271081881e-05	1.8951393544207e-05	-4.6075986710670e-06	0.0000000000000e+00	
28	8	-1.1698932994926e-05	1.8654453808075e-05	-5.7179379284595e-06	0.0000000000000e+00	
29	0	-1.2451695953089e-05	2.0503672068347e-05	-4.3295305706565e-06	0.0000000000000e+00	
29	1	-1.1966687984620e-05	1.9899155594539e-05	-5.8342641674263e-06	0.0000000000000e+00	
29	2	-1.1481680016152e-05	1.9227559672782e-05	-7.2167431168166e-06	0.0000000000000e+00	
29	3	-1.3248052166309e-05	2.1535905079721e-05	-5.1789840361800e-06	0.0000000000000e+00	
29	4	-1.2604113583803e-05	2.1247901826299e-05	-6.7791720640131e-06	0.0000000000000e+00	
29	5	-1.1960175001298e-05	2.0980004148055e-05	-8.4346965859475e-06	0.0000000000000e+00	
29	6	-1.3546113963863e-05	2.2568138091095e-05	-4.7320641348000e-06	0.0000000000000e+00	
29	7	-1.3586802689355e-05	2.2596648058058e-05	-6.0135777338402e-06	0.0000000000000e+00	
29	8	-1.3627491414846e-05	2.2732448623327e-05	-7.5280189684620e-06	0.0000000000000e+00	
30	0	-1.3642904487299e-05	2.5243561142435e-05	-5.6174234459134e-06	0.0000000000000e+00	
30	1	-1.4325690255885e-05	2.5069824280694e-05	-6.7596567279982e-06	0.0000000000000e+00	
30	2	-1.5008476024472e-05	2.4879710218437e-05	-8.0288294062520e-06	0.0000000000000e+00	
30	3	-1.6005699922946e-05	3.3405397169020e-05	-1.2259968447845e-05	0.0000000000000e+00	
30	4	-1.6004628069621e-05	3.2220127544143e-05	-1.5079925072733e-05	0.0000000000000e+00	
30	5	-1.6003556216296e-05	3.0506312334732e-05	-1.7485002250120e-05	0.0000000000000e+00	
30	6	-2.1477090821745e-05	4.1567233195605e-05	-2.2490894162635e-05	0.0000000000000e+00	
30	7	-1.8218521839080e-05	3.9370430807592e-05	-2.9421373954405e-05	0.0000000000000e+00	
30	8	-1.4959952856415e-05	3.6132914451028e-05	-3.5395155455005e-05	0.0000000000000e+00	
31	0	-2.5023718927007e-05	4.5631115222777e-05	-2.4966923640781e-05	0.0000000000000e+00	
31	1	-1.9081931602058e-05	4.1253348983368e-05	-3.3680220627067e-05	0.0000000000000e+00	
31	2	-1.3140144277109e-05	3.6217643831741e-05	-4.1696478726578e-05	0.0000000000000e+00	
31	3	-1.5446882757212e-05	5.1434775943045e-05	-4.3608951239875e-05	0.0000000000000e+00	
31	4	-9.6002342537803e-06	4.0573678352111e-05	-4.7164456853655e-05	0.0000000000000e+00	
31	5	-3.7535857503486e-06	3.0882213526735e-05	-5.1457059805374e-05	0.0000000000000e+00	
31	6	1.6262989682679e-05	5.7238436663314e-05	-9.7387285493441e-05	0.0000000000000e+00	
31	7	1.5202352297198e-05	3.9894007720853e-05	-8.7104034265269e-05	0.0000000000000e+00	
31	8	1.4141714911718e-05	2.5546783221729e-05	-7.8992016599751e-05	0.0000000000000e+00	
32	0	-4.9798672186370e-06	7.8106811470665e-06	-1.9563073258082e-06	0.0000000000000e+00	
32	1	-5.6577110634699e-06	8.6599719615566e-06	-7.6199741350329e-06	0.0000000000000e+00	
32	2	-6.3355549083027e-06	1.0375448489575e-05	-1.3286366665268e-05	0.0000000000000e+00	
32	3	-8.1307622921709e-06	1.3568773206893e-05	-6.0136433010921e-07	0.0000000000000e+00	
32	4	-8.6687745917559e-06	1.3954996795016e-05	-3.1539264402378e-06	0.0000000000000e+00	
32	5	-9.2067868913409e-06	1.4791237829613e-05	-5.6448863892521e-06	0.0000000000000e+00	
32	6	-1.1505105663817e-05	1.9326865266719e-05	-4.5759102539686e-07	0.0000000000000e+00	
32	7	-1.1597728978064e-05	1.9250021628475e-05	-1.8758477049421e-06	0.0000000000000e+00	
32	8	-1.1690352292312e-05	1.9207027169650e-05	-3.1681743412489e-06	0.0000000000000e+00	
33	0	-1.3442452202438e-05	2.1210949941064e-05	-7.9397789718431e-07	0.0000000000000e+00	
33	1	-1.3176392029260e-05	2.1036497236168e-05	-2.2281797803208e-06	0.0000000000000e+00	
33	2	-1.2910331856082e-05	2.0764469661772e-05	-3.5586150357067e-06	0.0000000000000e+00	
33	3	-1.4753744798337e-05	2.1927499176045e-05	-8.6621707315380e-07	0.0000000000000e+00	
33	4	-1.4328462296221e-05	2.1880680952746e-05	-2.3222545986629e-06	0.0000000000000e+00	
33	5	-1.3903179794105e-05	2.1700818477252e-05	-3.8150177713173e-06	0.0000000000000e+00	
33	6	-1.3233415576012e-05	2.2644048411026e-05	-2.4795267763539e-07	0.0000000000000e+00	
33	7	-1.3316249050714e-05	2.2724864669324e-05	-1.8943054133205e-06	0.0000000000000e+00	
33	8	-1.3399082525416e-05	2.2637167292732e-05	-3.7178760710467e-06	0.0000000000000e+00	
34	0	-1.1533516482585e-05	2.5518254607033e-05	1.2094107372708e-07	0.0000000000000e+00	
34	1	-1.2122224676788e-05	2.5536412011762e-05	-2.3451789394662e-06	0.0000000000000e+00	
34	2	-1.2710932870991e-05	2.5372796228244e-05	-4.9298525628714e-06	0.0000000000000e+00	
34	3	-1.4659090251217e-05	3.4678891031415e-05	-7.1141906066719e-07	0.0000000000000e+00	
34	4	-1.4998460320664e-05	3.4354087326008e-05	-5.7265526078377e-06	0.0000000000000e+00	
34	5	-1.5337830390112e-05	3.3837413470355e-05	-1.0518148071215e-05	0.0000000000000e+00	
34	6	-2.6489782167132e-05	4.3839527455797e-05	-3.1488641834530e-06	0.0000000000000e+00	
34	7	-2.4954878565299e-05	4.3171762640255e-05	-1.0760971834103e-05	0.0000000000000e+00	
34	8	-2.3419974963466e-05	4.2302030712466e-05	-1.7807449706955e-05	0.0000000000000e+00	
35	0	-3.5553902804123e-05	5.1742978267478e-05	-4.4784623918931e-06	0.0000000000000e+00	
35	1	-3.2405029484427e-05	5.0403473055368e-05	-1.1881756863618e-05	0.0000000000000e+00	
35	2	-2.9256156164731e-05	4.7784076079104e-05	-1.8845710659269e-05	0.0000000000000e+00	
35	3	-2.6993032383549e-05	6.9742484746221e-05	-5.9370530422651e-06	0.0000000000000e+00	
35	4	-2.3600488311172e-05	6.6437510364955e-05	-2.1321605719157e-05	0.0000000000000e+00	
35	5	-2.0207944238795e-05	5.8158462091022e-05	-3.7042900860467e-05	0.0000000000000e+00	
35	6	1.6052609087157e-05	8.7741991224965e-05	-7.9579396909135e-06	0.0000000000000e+00	
35	7	1.6002428994888e-05	8.2471547674542e-05	-4.8871115683407e-05	0.0000000000000e+00	
35	8	1.5952248902620e-05	6.8532848102940e-05	-9.0897117280808e-05	0.0000000000000e+00	
36	0	-1.2669663099385e-05	4.9812063312566e-06	-5.0919453349694e-09	0.0000000000000e+00	
36	1	-1.0925925955558e-05	4.5254007077601e-06	-1.5392486739992e-06	0.0000000000000e+00	
36	2	-9.1821888117321e-06	3.3797678548314e-06	-3.9693372756277e-06	0.0000000000000e+00	
36	3	-7.2942160235645e-06	4.2701873988539e-06	-8.8000234822440e-07	0.0000000000000e+00	
36	4	-6.5135329937717e-06	4.3237724337162e-06	-5.1343314734923e-06	0.0000000000000e+00	
36	5	-5.7328499639790e-06	4.8332032903874e-06	-1.0418836953863e-05	0.0000000000000e+00	
36	6	-4.4548283994669e-06	3.5591684664511e-06	-1.8183586183755e-06	0.0000000000000e+00	
36	7	-4.7714439658464e-06	4.1221441596723e-06	-7.6471870890060e-06	0.0000000000000e+00	
36	8	-5.0880595322259e-06	6.2866387259434e-06	-1.4640436396878e-05	0.0000000000000e+00	











Stress
0	0	9.6802877486839e+00	3.1667524510421e+01	-2.5947977626781e+01	1.2404343677732e+01	
0	1	-2.4068033023169e+00	7.8642040123893e+00	-3.8500687320242e+00	1.6372202130217e+00	
0	2	-4.3894252104689e+00	4.3431177032852e+00	-3.0427205272209e-01	-1.3892252155112e-02	
0	3	1.6407997219700e+01	2.3972988562720e+01	-2.1439551097745e+01	1.2114295734726e+01	
0	4	6.0854285303728e-02	8.2914834610548e+00	-2.7407382502572e+00	2.5057013239076e+00	
0	5	-2.1895789747956e+00	4.8677569168700e+00	-4.3587072650359e-01	8.0345338262230e-01	
0	6	2.1650787578558e+01	1.5642058709807e+01	-1.3984194414977e+01	1.1187853886509e+01	
0	7	-1.3490059191407e+00	7.0569695702638e+00	-1.4946305867297e+00	1.7123890953369e+00	
0	8	-1.3661263172808e+00	4.8025131683868e+00	-5.0259310321959e-01	1.0309160553318e+00	
1	0	2.1834907965031e+01	2.1514287925484e+01	-1.1290729564252e+01	1.3004758767155e+01	
1	1	-1.0832917724889e+00	7.2649154933941e+00	-1.6047583164531e+00	1.8544871162716e+00	
1	2	-1.5871355117440e+00	4.7958649259716e+00	-5.4282058990445e-01	9.6261882426828e-01	
1	3	2.5624465822937e+01	3.5298822474854e+01	-1.1634529748684e+01	1.8276986489337e+01	
1	4	-6.1304877380473e-01	8.6350407204869e+00	-2.4646781111727e+00	2.4065975840047e+00	
1	5	-1.2172926966840e+00	5.4699883524713e+00	-1.0974670471974e+00	1.2758086967362e+00	
1	6	2.6019209715581e+01	4.1162124438613e+01	-1.2474956725761e+01	2.0154400246258e+01	
1	7	-8.8138777520107e-01	8.2818079473919e+00	-3.3721638262741e+00	2.2201260516573e+00	
1	8	-1.2528459114760e+00	5.1981877093161e+00	-1.6579026371647e+00	1.1836025393520e+00	
2	0	2.7892394783338e+01	4.0256159615594e+01	-2.1956610672152e+01	2.0444566319680e+01	
2	1	1.3295912663877e-02	7.6435664318289e+00	-4.8419936436008e+00	2.2970587033478e+00	
2	2	-9.2889916411311e-01	4.7181007151057e+00	-2.2661628091689e+00	1.1367604652978e+00	
2	3	3.2430399728836e+01	3.0676457032375e+01	-2.1459536566375e+01	1.8932057028363e+01	
2	4	1.1173936964867e+00	5.4446795851660e+00	-4.7379049907981e+00	1.9686219844958e+00	
2	5	-6.5929622299669e-01	3.3800992904559e+00	-2.1763799393115e+00	8.1624092023777e-01	
2	6	3.3607505007297e+01	1.3254655226065e+01	-1.9436950358799e+01	1.4058648070009e+01	
2	7	1.9714615833452e+00	2.6623896455861e+00	-4.1759358216677e+00	1.3901553686794e+00	
2	8	-4.5608762726824e-01	1.8871777265676e+00	-1.8634144754817e+00	4.2932702978979e-01	
3	0	3.3570735761105e+01	9.0775732785329e+00	-1.7298782187781e+01	1.2794492711891e+01	
3	1	2.3267318848245e+00	1.9202129282973e+00	-3.7705494847596e+00	1.2740834439365e+00	
3	2	-9.6320610000737e-01	1.1334903161324e+00	-1.8575694329727e+00	5.1085264837509e-02	
3	3	3.9925735230654e+01	6.5122210314370e+00	-1.0932394574247e+01	1.3931386878627e+01	
3	4	4.0813333829981e+00	1.4328494058851e+00	-2.4338793279851e+00	1.6542548366650e+00	
3	5	-2.9340601252489e-01	8.3589730297819e-01	-1.2491425795152e+00	1.6274738713599e-01	
3	6	3.3100033755945e+01	-1.7020030489132e+00	-3.5805015126807e+00	9.4194092121094e+00	
3	7	2.5691329715422e+00	-4.5457207779684e-01	-8.3000964122049e-01	6.3436826812361e-01	
3	8	-1.2603723872612e+00	-1.6316705112694e-01	-5.0279508338372e-01	-4.2706183151646e-01	
4	0	-9.9384147719640e-01	4.9355895495644e+00	1.6874128515017e-01	1.1825244217104e+00	
4	1	-1.0607092143590e+00	3.6186668596434e+00	-3.4065318109551e-03	7.6738729358534e-01	
4	2	-8.6631912378553e-01	2.9113457677733e+00	-4.8180588428595e-02	6.1350799319632e-01	
4	3	-1.2743808595427e+00	4.5375142888550e+00	-4.9841473449521e-02	9.7894002879368e-01	
4	4	-1.1198305098417e+00	3.6121473893374e+00	-6.7982420545481e-02	7.4769506384871e-01	
4	5	-8.2382715519155e-01	3.0168375013677e+00	-5.4011952329867e-02	6.5790310385285e-01	
4	6	-1.4148766944499e+00	4.1994576913339e+00	-2.3459676039260e-01	8.3537429906519e-01	
4	7	-1.1173596008527e+00	3.6320245780907e+00	-1.1752375100174e-01	7.5439949317138e-01	
4	8	-7.9819432509332e-01	3.1151038898926e+00	-6.3601671331211e-02	6.9507286943978e-01	
5	0	-7.0181867825917e-01	2.7269926002605e+00	-2.6129216382390e-02	6.0755217660040e-01	
5	1	-5.2140754882458e-01	2.3562781207774e+00	-1.8450045705972e-03	5.5046117158585e-01	
5	2	-3.7486486652175e-01	1.9065372646536e+00	6.7336234866801e-04	4.5950171943954e-01	
5	3	-6.6987795383332e-01	2.7749662332036e+00	-4.6414600882666e-02	6.3152648381109e-01	
5	4	-5.2960038047914e-01	2.3226376742279e+00	-5.0856397015874e-02	5.3791118812462e-01	
5	5	-3.9157951469250e-01	1.8650434642612e+00	-4.8871726242635e-02	4.4203918487061e-01	
5	6	-6.7086919748336e-01	2.8088261655428e+00	-7.4484018543362e-02	6.4138709041783e-01	
5	7	-5.4750798225750e-01	2.2848337547681e+00	-1.0269311837620e-01	5.2119773175319e-01	
5	8	-3.9479173503496e-01	1.8293364186524e+00	-9.6283439503628e-02	4.3036340508523e-01	
6	0	-3.2082919255908e-01	1.6076580170356e+00	-5.5748168175359e-03	3.8604864734297e-01	
6	1	-2.3400759897041e-01	1.1415354694163e+00	-1.0680050757425e-02	2.7225836113377e-01	
6	2	-1.0720265196553e-01	7.6870741310143e-01	-8.2946929341897e-03	1.9845142834077e-01	
6	3	-3.2781014720227e-01	1.5920034268994e+00	-4.1860337433630e-02	3.7925798390915e-01	
6	4	-2.2788252971610e-01	1.1551775154667e+00	-2.7677037207381e-02	2.7818849572518e-01	
6	5	-1.0107813605249e-01	7.8106408178136e-01	-1.9347118787164e-02	2.0399578371866e-01	
6	6	-3.1773038131308e-01	1.5836605741342e+00	-7.5167792600242e-02	3.7977905784635e-01	
6	7	-2.1568589463343e-01	1.1714216611579e+00	-4.3751891892369e-02	2.8672072995733e-01	
6	8	-9.9871209015106e-02	7.9131321237173e-01	-3.1533346559684e-02	2.0743260100699e-01	
7	0	-6.0018418197497e-02	5.7365108104983e-01	-4.2955019667595e-03	1.5408979885570e-01	
7	1	-3.8505253013987e-02	2.4389940988302e-01	-7.2683758888707e-04	6.1618247060709e-02	
7	2	1.5657447079662e-03	-4.2550652027431e-02	-1.7345028281555e-03	-1.2295472195839e-02	
7	3	-5.9229815973883e-02	5.7322733211032e-01	-1.7570385351086e-02	1.5419925484093e-01	
7	4	-4.2070217783493e-02	2.3346754571732e-01	-1.3185846668933e-02	5.7419198380147e-02	
7	5	2.2025454714123e-03	-4.3028188858480e-02	-4.4164932607845e-03	-1.2247693016120e-02	
7	6	-6.4409114722593e-02	5.7024591132552e-01	-3.2186817626913e-02	1.5175103898088e-01	
7	7	-4.4223317595686e-02	2.2364076653332e-01	-2.5644391695215e-02	5.3825234681291e-02	
7	8	1.1630977121812e-02	-3.9737883880835e-02	-5.7560066943838e-03	-8.4320720277069e-03	
8	0	-1.3528599396129e+00	4.0808140215872e+00	-3.8083489529909e-01	8.1838622459230e-01	
8	1	-1.0717619683220e+00	3.6080526242589e+00	-2.5110428851893e-01	7.6088719678108e-01	
8	2	-7.9778953822148e-01	3.1186649641528e+00	-1.6400419694672e-01	6.9626262777939e-01	
8	3	-1.1935824052848e+00	3.8271593419959e+00	-5.7958473710461e-01	7.9007308101334e-01	
8	4	-9.6376809464113e-01	3.4886154049483e+00	-4.8176933109141e-01	7.5745419309215e-01	
8	5	-7.8117503600622e-01	3.0398885465470e+00	-4.0946996824577e-01	6.7761405316224e-01	
8	6	-1.1134226289226e+00	3.5395970518478e+00	-7.0229669387715e-01	7.2785232687757e-01	
8	7	-8.6794419123884e-01	3.3639624840898e+00	-6.6627172414256e-01	7.4880548785529e-01	
8	8	-7.0978271638210e-01	2.9845883364022e+00	-6.3864832553514e-01	6.8244168600602e-01	
9	0	-6.8437358316706e-01	2.8106501149672e+00	-1.4598807534375e-01	6.3788295954005e-01	
9	1	-5.4634292110702e-01	2.2934642270321e+00	-1.4055599925894e-01	5.2413639177754e-01	
9	2	-3.8096808266325e-01	1.8400814173258e+00	-1.3031826882031e-01	4.3773400039876e-01	
9	3	-6.9256516915279e-01	2.7351416660279e+00	-3.8185328328394e-01	6.1277294906252e-01	
9	4	-5.2758204368087e-01	2.2371030076445e+00	-3.3830070583875e-01	5.1285628918908e-01	
9	5	-3.4309778492415e-01	1.7845669935923e+00	-2.8781254885855e-01	4.3244076260045e-01	
9	6	-6.2407300545968e-01	2.6924976812366e+00	-6.1182512874836e-01	6.2052740273306e-01	
9	7	-4.2380565042595e-01	2.2171770093263e+00	-5.3599588597727e-01	5.3801140767010e-01	
9	8	-2.1188020520634e-01	1.7690585478498e+00	-4.5110113849000e-01	4.6715350279303e-01	
10	0	-3.0269376391075e-01	1.5915634546109e+00	-1.1980327785626e-01	3.8666090721003e-01	
10	1	-2.0651420154598e-01	1.1735688526253e+00	-9.7125125644065e-02	2.9011639532380e-01	
10	2	-9.4508163450009e-02	7.9250269401258e-01	-7.4627856770796e-02	2.0939835916877e-01	
10	3	-2.6731362870142e-01	1.5251605659237e+00	-2.5397545092352e-01	3.7735408116667e-01	
10	4	-1.8815945894915e-01	1.0937311003011e+00	-1.9709816062656e-01	2.7167149240557e-01	
10	5	-8.4536192340246e-02	7.1939619401064e-01	-1.4709705896644e-01	1.9045800050112e-01	
10	6	-1.4378299198264e-01	1.4965364635976e+00	-3.9376856956149e-01	4.0582604148450e-01	
10	7	-1.0784467380239e-01	1.0404476519268e+00	-2.9625254112550e-01	2.7978089343732e-01	
10	8	-3.8794637640044e-02	6.6161951554745e-01	-2.1230800662428e-01	1.8684746337222e-01	
11	0	-5.8833912390823e-02	5.7336190710476e-01	-6.0388519264514e-02	1.5435839841418e-01	
11	1	-3.6992377021243e-02	2.2761029203644e-01	-3.5081242684269e-02	5.7185374504558e-02	
11	2	1.8109181942528e-02	-4.0534601312106e-02	-1.1703608809729e-02	-6.7276258108732e-03	
11	3	-4.9666307863773e-02	5.1195398061505e-01	-1.1801235101651e-01	1.3868630182538e-01	
11	4	-3.4559928304902e-02	1.7084779780669e-01	-6.5907770494355e-02	4.0886360850535e-02	
11	5	3.3107824878110e-03	-1.1714161212271e-01	-1.7338813512454e-02	-3.4149248890469e-02	
11	6	-1.4178488810833e-02	4.6182614606501e-01	-1.6877971001136e-01	1.3429429717625e-01	
11	7	-1.2089484209581e-02	1.2267301588221e-01	-9.7698145345201e-02	3.3175059501789e-02	
11	8	2.2681592651679e-03	-1.8785329026242e-01	-3.1758185053845e-02	-5.5675539299176e-02	
12	0	-9.9872378701715e-01	3.6091414953159e+00	-7.4539435199284e-01	7.8312531248963e-01	
12	1	-7.7577277550754e-01	3.3857416413581e+00	-7.6018227764767e-01	7.8299065975517e-01	
12	2	-6.4184370246198e-01	2.9546239309842e+00	-7.6415237926850e-01	6.9383406855665e-01	
12	3	-7.5477253906384e-01	4.1056710045785e+00	-9.0061223246165e-01	1.0052695396544e+00	
12	4	-5.4455858171335e-01	3.5896492239039e+00	-9.9247705237517e-01	9.1352719265718e-01	
12	5	-3.8912998658827e-01	2.9457949313701e+00	-1.0245912288616e+00	7.6699948343455e-01	
12	6	-6.9846095771152e-01	4.5217835138692e+00	-1.1809163986848e+00	1.1469967668473e+00	
12	7	-3.0957037865884e-01	3.7951742389899e+00	-1.3243485070322e+00	1.0456811580993e+00	
12	8	5.8771414407047e-02	3.0206177968082e+00	-1.3590971525592e+00	9.2381676336457e-01	
13	0	-5.6431551111610e-01	2.6345528374157e+00	-7.3438129719714e-01	6.2107119788989e-01	
13	1	-3.5919906492470e-01	2.1351968155147e+00	-6.3239325110334e-01	5.3279932517699e-01	
13	2	-1.3060130775710e-01	1.6906305192247e+00	-5.2623362359684e-01	4.6800876344029e-01	
13	3	-3.2892550725811e-01	2.5202952928461e+00	-9.6561115435220e-01	6.5741093567641e-01	
13	4	-1.9565151732568e-01	1.8928145380474e+00	-7.7891935898358e-01	5.0914890621652e-01	
13	5	9.5772264770488e-03	1.4332282089460e+00	-6.0700383406469e-01	4.3284163062692e-01	
13	6	1.3578412465957e-01	2.5043175888736e+00	-1.2529749494540e+00	7.9203051405994e-01	
13	7	1.2309612016528e-01	1.7169465848195e+00	-9.4546193755610e-01	5.5201281149544e-01	
13	8	2.3083631243537e-01	1.2105747065491e+00	-6.7167304797040e-01	4.3242330569533e-01	
14	0	-6.3389059199467e-02	1.4252019829009e+00	-4.5602159880373e-01	4.0854387711044e-01	
14	1	-5.3593993479760e-02	9.7493513521636e-01	-3.3458254924571e-01	2.7640234252098e-01	
14	2	-8.8249408925234e-03	6.0627425688935e-01	-2.3017163993478e-01	1.7923479479905e-01	
14	3	6.7058793044833e-02	1.1991309113299e+00	-5.0966879387796e-01	3.7985691131243e-01	
14	4	3.4046173907911e-02	7.9516662600787e-01	-3.5189272970242e-01	2.4876383997474e-01	
14	5	3.3764592030969e-02	4.6757476095908e-01	-2.1632823674519e-01	1.5040180589702e-01	
14	6	2.5111851398543e-01	9.9603635491452e-01	-5.3719132488946e-01	3.7414646066999e-01	
14	7	1.5502184766325e-01	6.2968476238553e-01	-3.4474946345103e-01	2.3541198301463e-01	
14	8	8.9413268993496e-02	3.3447204104555e-01	-1.7970260420215e-01	1.2716559301171e-01	
15	0	8.5879995148514e-03	4.1622592141698e-01	-1.7950499809305e-01	1.2744417627955e-01	
15	1	4.0065644108154e-03	8.5933060533656e-02	-1.0279180810013e-01	2.6981887483341e-02	
15	2	3.9546673229026e-03	-2.3379087831205e-01	-3.2249071835963e-02	-6.8950863296744e-02	
15	3	3.7550559585687e-02	3.0374047720103e-01	-1.5788213514001e-01	1.0238731103601e-01	
15	4	2.2246309985033e-02	1.5925429536150e-03	-8.3488174415162e-02	7.1516558815943e-03	
15	5	-4.6280648928305e-03	-3.2755235027396e-01	-1.7194318822236e-02	-9.9654124550036e-02	
15	6	7.1475429124414e-02	1.9338173704274e-01	-1.1745407703196e-01	7.9457149850146e-02	
15	7	3.7900022773541e-02	-8.3856274391731e-02	-5.7375173127068e-02	-1.3786875485457e-02	
15	8	-2.3345172147879e-02	-4.2565712582414e-01	-7.3260257572848e-03	-1.3470068939161e-01	
16	0	-7.7384269785459e-01	4.5658625075735e+00	-1.4280666360432e+00	1.1376059429157e+00	
16	1	-2.8030567880608e-01	3.6056567962689e+00	-1.5059655104825e+00	9.9760533523883e-01	
16	2	2.8252114469972e-01	2.8071272953646e+00	-1.4976839710914e+00	9.2689453201928e-01	
16	3	-2.0661413535140e-01	4.6794794643185e+00	-2.1514633611951e+00	1.3418595986901e+00	
16	4	2.5484176967774e-02	2.9375181651362e+00	-1.8370371174040e+00	8.8890070263120e-01	
16	5	6.0136528549007e-01	1.9977167237612e+00	-1.5626948196488e+00	7.7972460277539e-01	
16	6	1.5402755526270e+00	5.2986654748386e+00	-3.2390971427939e+00	2.0516823082397e+00	
16	7	1.0170186916814e+00	2.5632701021207e+00	-2.3278215908443e+00	1.0740866381406e+00	
16	8	1.1120376186847e+00	1.2705182346169e+00	-1.5828943447966e+00	7.1476675599049e-01	
17	0	4.1130219919412e-01	2.3226700816972e+00	-1.3610216772951e+00	8.2019168426740e-01	
17	1	3.2874077800451e-01	1.5443572906081e+00	-9.8533911515346e-01	5.6192942058379e-01	
17	2	3.7388983214275e-01	1.0640356086173e+00	-6.5620286501576e-01	4.3137763222803e-01	
17	3	7.5797804153248e-01	1.6563761706732e+00	-1.3446643378475e+00	7.2430626366169e-01	
17	4	5.6568569292439e-01	1.0624077420379e+00	-8.9013012281926e-01	4.8842803048868e-01	
17	5	4.7765586639463e-01	7.1171853158532e-01	-5.0725771603941e-01	3.5681231939398e-01	
17	6	1.1241661114353e+00	9.9844464289104e-01	-1.2290642420837e+00	6.3678322629791e-01	
17	7	7.2389692362922e-01	5.4671518594688e-01	-7.1314939815878e-01	3.8118363287283e-01	
17	8	4.0444230465192e-01	2.8355305626990e-01	-2.9401185872664e-01	2.0639860827655e-01	
18	0	3.6858081827582e-01	8.7457179876640e-01	-5.0747732026229e-01	3.7294578511266e-01	
18	1	2.3819901873377e-01	5.4749649444864e-01	-3.1149563776190e-01	2.3570865395472e-01	
18	2	1.3174976809508e-01	2.7626380423870e-01	-1.4033463315649e-01	1.2240407170013e-01	
18	3	4.3118793519102e-01	5.9297239394086e-01	-3.5932104686046e-01	3.0724809873956e-01	
18	4	2.9458434956483e-01	3.8404906631198e-01	-1.9451812777776e-01	2.0359002476304e-01	
18	5	1.6162820812561e-01	1.8363644178607e-01	-4.0505811616647e-02	1.0357939497350e-01	
18	6	3.0419690096800e-01	2.3011663862750e-01	-1.5634624021207e-01	1.6029406187865e-01	
18	7	2.1625388135941e-01	1.6286629573113e-01	-3.7836476296515e-02	1.1373605312716e-01	
18	8	1.1167320122143e-01	5.6794744932851e-02	8.3912759670834e-02	5.0540383846284e-02	
19	0	9.8626543775207e-02	1.4739572532772e-01	-8.0904850182401e-02	7.3806680730879e-02	
19	1	5.6394908156702e-02	-1.0554980185854e-01	-3.8157383779153e-02	-1.4746468110553e-02	
19	2	-1.5898526450108e-02	-4.2863952668419e-01	-5.2367016978517e-03	-1.3336141594029e-01	
19	3	1.1551007855017e-01	8.1511272677001e-02	6.2658821460784e-03	5.9106405368152e-02	
19	4	7.3308649638022e-02	-1.0793206758933e-01	1.5302071259926e-02	-1.0387025385393e-02	
19	5	8.9249611482885e-03	-3.4913401353670e-01	1.7138639775402e-02	-1.0206271571652e-01	
19	6	7.1521131418280e-02	-1.0461386505234e-02	1.1533659708063e-01	1.8317923473914e-02	
19	7	3.9626755542930e-02	-1.3199817713859e-01	9.6532538269928e-02	-2.7711426478697e-02	
19	8	-6.5703404992824e-03	-2.8690798149462e-01	7.3156022584427e-02	-8.8043496598170e-02	
20	0	2.7007180990594e+00	5.2135167947787e+00	-3.4490650193877e+00	2.3742704681514e+00	
20	1	1.7879863651090e+00	2.4012938098317e+00	-2.3226262052868e+00	1.2567840524822e+00	
20	2	1.5143125048365e+00	1.0802058634665e+00	-1.3910682382259e+00	7.7835551049092e-01	
20	3	2.9132894426007e+00	3.4324080043669e+00	-2.5517569429152e+00	1.9037092340903e+00	
20	4	1.8075449830974e+00	1.5167698971856e+00	-1.5124514199947e+00	9.9729446408491e-01	
20	5	1.1377828700839e+00	6.1842393181382e-01	-6.3981422428091e-01	5.2686204056931e-01	
20	6	1.1631534554297e+00	8.1013892936411e-01	-1.1957123540607e+00	5.9198771543815e-01	
20	7	-2.5242990278590e-02	-1.6161684033086e-01	-3.9485129944124e-01	-5.6057949182834e-02	
20	8	-9.8073261668537e-01	-5.8992336498886e-01	2.6755394780483e-01	-4.7119679450227e-01	
21	0	1.3856347971387e+00	8.3762448066180e-01	-1.0138991828041e+00	6.6697778334016e-01	
21	1	8.3932573964448e-01	4.4358974922047e-01	-5.6392942582609e-01	3.8487464665949e-01	
21	2	3.4681557641265e-01	1.7508577105811e-01	-1.7655581735482e-01	1.5657040424123e-01	
21	3	9.0643198471698e-01	5.0937755848335e-01	-3.9150944973119e-01	4.2474286296010e-01	
21	4	4.8966853010109e-01	3.5284282475400e-01	-2.5163686275950e-01	2.5275340645653e-01	
21	5	5.7312782306521e-02	1.5992607360773e-01	-3.1781670127296e-02	6.5171656774275e-02	
21	6	-1.1203446626817e+00	-4.8211529297093e-01	3.2791837375595e-01	-4.8073798669579e-01	
21	7	-8.4982797605895e-01	-1.6212094111960e-01	1.0599055302008e-01	-3.0358467515356e-01	
21	8	-6.6429477005598e-01	-4.0421377381095e-02	1.0662409211202e-01	-2.1141484423112e-01	
22	0	2.0040681379209e-01	1.2027066427223e-01	-5.4134016720311e-02	9.6203243419295e-02	
22	1	1.4320150182533e-01	9.1709360709583e-02	2.7723800884742e-02	7.0473258760474e-02	
22	2	6.7629039365029e-02	2.0291372661997e-02	1.2216771052167e-01	2.6376123608108e-02	
22	3	-6.7758939731147e-02	8.9148921640231e-02	4.6942125934045e-02	6.4169945727251e-03	
22	4	-5.7744741076441e-02	5.6262137831934e-02	6.5793066866040e-02	-4.4478097335202e-04	
22	5	-5.1755966059463e-02	1.3982698868941e-02	1.1531960658975e-01	-1.1331980157156e-02	
22	6	-5.8514047861748e-01	-4.8779586147380e-02	1.2971409296144e-01	-1.9017601942946e-01	
22	7	-4.3714487525136e-01	-5.5665324162780e-02	9.6244149779617e-02	-1.4784305982424e-01	
22	8	-2.7883296866715e-01	-3.8479688002627e-02	1.1153931214935e-01	-9.5193797000933e-02	
23	0	3.6774890348175e-02	-3.1060504018990e-02	1.4281253007968e-01	1.7143158987553e-03	
23	1	1.1852993144909e-02	-1.2319625738557e-01	1.1123859670733e-01	-3.3402979272198e-02	
23	2	-2.2860236865038e-02	-2.3817845396774e-01	7.9739819712329e-02	-7.8311607249833e-02	
23	3	-4.5766543722983e-02	-1.2930203400638e-02	1.1908072965713e-01	-1.7609024137086e-02	
23	4	-2.9973451708582e-02	-6.0338439213614e-02	7.1340479248033e-02	-2.7093567276659e-02	
23	5	-1.6347886814196e-02	-1.1280423830661e-01	3.7019705733533e-02	-3.8745637536243e-02	
23	6	-2.0021879236145e-01	-2.5618823311132e-02	1.0317929216274e-01	-6.7751284701774e-02	
23	7	-9.1510869106053e-02	-5.9281807033684e-03	4.4953207385404e-02	-2.9231714942826e-02	
23	8	2.2653332716014e-02	2.6493778559957e-02	1.3490920019906e-02	1.4744133382791e-02	
24	0	-1.5585883484188e+00	3.7873038315223e+00	-1.1995455483559e+00	6.6861464493103e-01	
24	1	-1.5112788032599e+00	4.1140685203999e+00	-8.8857444677028e-01	7.8083691514200e-01	
24	2	-1.5799675444830e+00	4.1701705410528e+00	-5.7363014294256e-01	7.7706089897095e-01	
24	3	-1.2323279848175e+00	3.7924753099571e+00	-6.8266461968842e-01	7.6804419754188e-01	
24	4	-1.2158364928243e+00	3.9282319434342e+00	-6.5619550861221e-01	8.1371863518300e-01	
24	5	-1.2584423626153e+00	3.9260947327479e+00	-6.2617754095619e-01	8.0029571103977e-01	
24	6	-1.0233576847373e+00	3.7473796183114e+00	-5.5146985085670e-01	8.1720658007223e-01	
24	7	-1.0447389925461e+00	3.6891047335439e+00	-6.2931646906390e-01	7.9330972229933e-01	
24	8	-1.0683167375416e+00	3.6257048286742e+00	-7.0403857635364e-01	7.6721642733976e-01	
25	0	-8.7954823208447e-01	3.8981014740370e+00	-6.1722120991623e-01	9.0556597258577e-01	
25	1	-8.9415233489625e-01	3.8008766588606e+00	-6.8683444266125e-01	8.7201729718932e-01	
25	2	-8.9758075629541e-01	3.7297284336470e+00	-7.5368830697175e-01	8.4964430320548e-01	
25	3	-7.7314115047639e-01	4.3845133086098e+00	-6.7776938183716e-01	1.0834116474400e+00	
25	4	-7.3094085375250e-01	4.3456010963861e+00	-7.5346067406994e-01	1.0843980727901e+00	
25	5	-6.8851262599543e-01	4.3072207232398e+00	-8.2722306130796e-01	1.0856124291733e+00	
25	6	-1.0610549206194e+00	4.7019304924321e+00	-6.6451204791766e-01	1.0922626715438e+00	
25	7	-9.7585667904572e-01	4.7154138311528e+00	-7.8094927583976e-01	1.1218671456321e+00	
25	8	-9.0137825681827e-01	4.7038842580656e+00	-8.9628806220683e-01	1.1407518003742e+00	
26	0	-1.2631748831040e+00	5.0481666300944e+00	-7.6339565907344e-01	1.1354975240971e+00	
26	1	-1.2101327912087e+00	4.9492404824841e+00	-8.9457389615494e-01	1.1217323073826e+00	
26	2	-1.1739692488405e+00	4.8109310526438e+00	-1.0204514551471e+00	1.0910885411410e+00	
26	3	-8.4040540081668e-01	6.2760610275006e+00	-1.5538420590845e+00	1.6306966880052e+00	
26	4	-7.6807004282220e-01	5.8125003015733e+00	-1.6934373423238e+00	1.5133290776253e+00	
26	5	-7.2282990895883e-01	5.2857173860067e+00	-1.8124605331757e+00	1.3688662431144e+00	
26	6	4.7300503726675e-01	7.8856586916766e+00	-2.9480634961868e+00	2.5075991186830e+00	
26	7	8.1852092406740e-01	7.1662722143067e+00	-3.1284286284967e+00	2.3954379415122e+00	
26	8	1.1267249121329e+00	6.3598246398882e+00	-3.2729502541210e+00	2.2459648656063e+00	
27	0	1.2469350781359e+00	8.0318570105370e+00	-3.3903312259391e+00	2.7836376266019e+00	
27	1	1.7807951752529e+00	7.1263459172997e+00	-3.5803593577459e+00	2.6721423277658e+00	
27	2	2.3467697592869e+00	6.2957686268689e+00	-3.7510257979004e+00	2.5927615158468e+00	
27	3	2.8481740707485e+00	7.0339737758970e+00	-3.9644045428681e+00	2.9646443539936e+00	
27	4	2.8205079730195e+00	5.3437060373134e+00	-3.6174205160385e+00	2.4492642030999e+00	
27	5	3.0737562329990e+00	4.3089051333829e+00	-3.3229858319745e+00	2.2147984099146e+00	
27	6	5.7351684829479e+00	6.5871285782228e+00	-5.8369814976105e+00	3.6966891183512e+00	
27	7	3.9504552431756e+00	3.5997380740654e+00	-4.1651190546385e+00	2.2650579951723e+00	
27	8	2.6954562319033e+00	1.8483474364079e+00	-2.6177169888499e+00	1.3631411004934e+00	
28	0	-6.9669937689923e-01	2.4116042143939e+00	-1.4199483173058e+00	5.1447145124839e-01	
28	1	-1.0010029380756e+00	2.9971484586727e+00	-1.4770831621121e+00	5.9884365617913e-01	
28	2	-1.3144901807422e+00	3.5612641128074e+00	-1.5082005249628e+00	6.7403217961955e-01	
28	3	-9.3209555711891e-01	3.1240368916349e+00	-5.2448313666807e-01	6.5758240035480e-01	
28	4	-1.0484626939979e+00	3.4087815450713e+00	-6.0345811116486e-01	7.0809565532202e-01	
28	5	-1.1748007785001e+00	3.6702606540536e+00	-6.6175680461502e-01	7.4863796266606e-01	
28	6	-9.8197945495091e-01	3.9159748327564e+00	-2.6175547340735e-01	8.8019861334164e-01	
28	7	-9.9920763264479e-01	3.8618638388737e+00	-3.6506358701531e-01	8.5879686186868e-01	
28	8	-1.0271940240947e+00	3.7826503462270e+00	-4.5303662048564e-01	8.2663689663968e-01	
29	0	-1.0161685050223e+00	4.2059898122207e+00	-3.4303203752125e-01	9.5694639215953e-01	
29	1	-9.5351652238409e-01	4.0959940755443e+00	-4.6225323788070e-01	9.4274326594807e-01	
29	2	-8.9883667413681e-01	3.9673966919558e+00	-5.7178810848624e-01	9.2056800534570e-01	
29	3	-1.1143272854902e+00	4.3975920934960e+00	-4.1033488902041e-01	9.8497944240173e-01	
29	4	-9.6998624215230e-01	4.3942561997562e+00	-5.3711901737950e-01	1.0272809872812e+00	
29	5	-8.2325572853354e-01	4.3964957366717e+00	-6.6828749873276e-01	1.0719720024414e+00	
29	6	-1.0743051914604e+00	4.6484147495560e+00	-3.7492508144954e-01	1.0722328674287e+00	
29	7	-1.0822001881095e+00	4.6514850841728e+00	-4.7646038968118e-01	1.0707854688190e+00	
29	8	-1.0773441098061e+00	4.6843079270121e+00	-5.9645073365507e-01	1.0820891451618e+00	
30	0	-7.8318220858861e-01	5.3788269604307e+00	-4.4507278071468e-01	1.3786934255526e+00	
30	1	-9.9317191221494e-01	5.2495019297354e+00	-5.3557280229524e-01	1.2768990052561e+00	
30	2	-1.2051079831336e+00	5.1156353753581e+00	-6.3613032987996e-01	1.1731582176673e+00	
30	3	-4.6840073816026e-01	7.3613577241050e+00	-9.7136673086776e-01	2.0678870957834e+00	
30	4	-6.0896824117545e-01	7.0328007253133e+00	-1.1947940634550e+00	1.9271497452413e+00	
30	5	-8.1235135404496e-01	6.5576739701948e+00	-1.3853501782787e+00	1.7235967848450e+00	
30	6	-1.0156567019369e+00	8.9744438731200e+00	-1.7819708451934e+00	2.3876361513549e+00	
30	7	-3.7311197170404e-01	8.7525220630762e+00	-2.3310780902336e+00	2.5138230274117e+00	
30	8	1.4574790611253e-01	8.2420022640611e+00	-2.8043853937427e+00	2.5163250510521e+00	
31	0	-1.5161872086670e+00	9.6798865104527e+00	-1.9781485653850e+00	2.4491097905357e+00	
31	1	-3.8876455739347e-01	9.1720568276818e+00	-2.6685097881445e+00	2.6349876810865e+00	
31	2	6.6046458469723e-01	8.4817756234842e+00	-3.3036440837212e+00	2.7426720624544e+00	
31	3	1.8292858840197e+00	1.2427456416522e+01	-3.4551707520824e+00	4.2770226901625e+00	
31	4	2.1598068130102e+00	1.0110442195174e+01	-3.7368761968665e+00	3.6810747024554e+00	
31	5	2.6293340976000e+00	8.1177761368917e+00	-4.0769824307335e+00	3.2241330703475e+00	
31	6	1.1312420188529e+01	1.7805452556230e+01	-7.7160695429419e+00	8.7353618234276e+00	
31	7	8.9569786123167e+00	1.2869656317911e+01	-6.9013196379405e+00	6.5479904790684e+00	
31	8	6.9577432564858e+00	8.7650079271491e+00	-6.2585982382880e+00	4.7168253550905e+00	
32	0	-4.5268607315144e-01	1.5741238986447e+00	-1.5499973427557e-01	3.3643134764797e-01	
32	1	-5.3972243870799e-01	1.7290796406424e+00	-6.0373641223723e-01	3.5680716058031e-01	
32	2	-5.2381596369516e-01	2.1242353439686e+00	-1.0526890511712e+00	4.8012581408204e-01	
32	3	-6.4212641989436e-01	2.7964153591881e+00	-4.7646558462499e-02	6.4628668178811e-01	
32	4	-7.4542018115233e-01	2.8395774385977e+00	-2.4988801795730e-01	6.2824717723361e-01	
32	5	-7.9523109973328e-01	3.0075328175871e+00	-4.4724869084074e-01	6.6369051535613e-01	
32	6	-8.9353069853681e-01	3.9921508489174e+00	-3.6255288935290e-02	9.2958604511417e-01	
32	7	-9.2834842691745e-01	3.9598335922727e+00	-1.4862485662234e-01	9.0944554960657e-01	
32	8	-9.5914331051341e-01	3.9369029734589e+00	-2.5101689011434e-01	8.9332789888365e-01	
33	0	-1.2068555792958e+00	4.2843758372899e+00	-6.2907479546141e-02	9.2325607739822e-01	
33	1	-1.1538080796617e+00	4.2676189885522e+00	-1.7654039797926e-01	9.3414327266713e-01	
33	2	-1.1123569779797e+00	4.2238038779264e+00	-2.8195180667522e-01	9.3343406998398e-01	
33	3	-1.4853279823857e+00	4.3272383704778e+00	-6.8631045026801e-02	8.5257311642763e-01	
33	4	-1.3729580389142e+00	4.3647985066913e+00	-1.8399401820175e-01	8.9755214033316e-01	
33	5	-1.2763998931073e+00	4.3654644483539e+00	-3.0226679265052e-01	9.2671936657398e-01	
33	6	-9.7856987357610e-01	4.7066282659084e+00	-1.9645481381881e-02	1.1184175176997e+00	
33	7	-9.9193553182455e-01	4.7191947961199e+00	-1.5008727505539e-01	1.1181777792886e+00	
33	8	-1.0253283874504e+00	4.6850311991177e+00	-2.9457018101370e-01	1.0979108435002e+00	
34	0	-1.6558642706548e-01	5.7056942225201e+00	9.5822543029914e-03	1.6620323386364e+00	
34	1	-3.2668180012679e-01	5.6407637059049e+00	-1.8581033135771e-01	1.5942245717334e+00	
34	2	-5.0938021748349e-01	5.5254260859338e+00	-3.9059601075058e-01	1.5048137605351e+00	
34	3	5.6374329838487e-02	7.8745467484709e+00	-5.6366279422093e-02	2.3792763234928e+00	
34	4	-7.6337272100893e-02	7.7441433549872e+00	-4.5371916815945e-01	2.3003418248659e+00	
34	5	-2.3185190343497e-01	7.5605328929159e+00	-8.3336096256548e-01	2.1986042968443e+00	
34	6	-2.1356611379463e+00	9.0088294638409e+00	-2.4948693145820e-01	2.0619504977684e+00	
34	7	-1.7893818422083e+00	9.0060705334410e+00	-8.5260007608666e-01	2.1650066073698e+00	
34	8	-1.4671055609643e+00	8.9473045692218e+00	-1.4108979383203e+00	2.2440597024773e+00	
35	0	-3.7099167835085e+00	1.0123281293991e+01	-3.5483202028076e-01	1.9240093531449e+00	
35	1	-2.9959050323705e+00	1.0126057677782e+01	-9.4140073611739e-01	2.1390457936234e+00	
35	2	-2.4340034947416e+00	9.7739102300508e+00	-1.4931601522344e+00	2.2019720205927e+00	
35	3	8.0325055309374e-01	1.6132109421350e+01	-4.7039727950254e-01	5.0806079923330e+00	
35	4	1.3512456270832e+00	1.5618805417300e+01	-1.6893272223640e+00	5.0910153133150e+00	
35	5	1.3080911499827e+00	1.3726152460707e+01	-2.9349375297139e+00	4.5102730832070e+00	
35	6	1.4879310169367e+01	2.6239319954281e+01	-6.3051368320315e-01	1.2335589037094e+01	
35	7	1.4239022898749e+01	2.4771821704910e+01	-3.8720960887623e+00	1.1703253381098e+01	
35	8	1.2568546739461e+01	2.0900549381973e+01	-7.2018485230179e+00	1.0040728836430e+01	
36	0	-2.9213978224223e+00	-1.2441389725918e-01	-4.0343874577065e-04	-9.1374351590446e-01	
36	1	-2.4920168443307e+00	-4.3575849989443e-02	-1.2195585647840e-01	-7.6067780829604e-01	
36	2	-2.1446191792754e+00	-1.5403219980453e-01	-3.1449364568435e-01	-6.8959541372397e-01	
36	3	-1.5152468641324e+00	3.1726629357393e-01	-6.9723262974703e-02	-3.5939417116753e-01	
36	4	-1.2923890794197e+00	4.2490701139766e-01	-4.0679703213054e-01	-2.6024462040660e-01	
36	5	-1.0153557720381e+00	6.5895728211531e-01	-8.2549246634454e-01	-1.0691954697685e-01	
36	6	-8.1236469995472e-01	4.5754557264460e-01	-1.4406995207129e-01	-1.0644573819304e-01	
36	7	-8.3325713616789e-01	5.7603452064508e-01	-6.0589251551355e-01	-7.7166784656841e-02	
36	8	-6.6381521400706e-01	1.1386369715182e+00	-1.1599730375988e+00	1.4244652725335e-01	



Reaction Force
9.1691496214152e-01	 -1.2611944020948e+00	 
7.0825999172177e-01	 -1.4406171310737e+00	 
-9.9757307583492e-10	 -4.5908521777354e+00	 
1.5512238661555e-09	 1.4186241846273e-01	 
-5.1309334732352e-10	 2.7382477101739e-10	 
9.0083171342325e-10	 -3.5012735960028e-10	 
1.7419598126423e-09	 -3.7788113999666e-09	 
-3.9372513829967e-09	 -2.4347106102052e-10	 
5.4989626220581e-10	 -2.2852020727104e-09	 
-4.2715756192607e-10	 1.5048908755429e-09	 
-5.7754907453744e-10	 -6.9295437443717e-11	 
-1.0022735421559e-09	 2.2115076696999e-10	 
2.2787118817574e-09	 -1.7289438522896e-09	 
4.0023132637929e-10	 -3.8787600475237e-10	 
3.2013676432019e-09	 -7.2836520300344e-10	 
-9.5148188926277e-10	 -1.6076650596712e-09	 
-1.0090570046195e-10	 -3.5808077336608e-10	 
-6.2074979488222e-11	 -3.1027658979436e-10	 
-2.6437527413581e-09	 1.5121883884922e-09	 
-1.6155214587962e-09	 1.5187081410170e-09	 
2.6946180009535e-10	 -7.2234648818004e-11	 
-2.4505089852916e-09	 3.7833930031841e-10	 
1.2300871796850e-09	 -4.5662151056808e-10	 
5.7087342492101e-10	 3.3591736683936e-10	 
-3.2071273880965e-10	 2.4272811681610e-09	 
2.3222084324925e-10	 5.5478722310598e-10	 
-4.8744821547209e-10	 -4.7361628594672e-10	 
9.3027653404876e-10	 -4.6628410459099e+00	 
-4.5270546195493e-10	 -4.9443212637465e+00	 
6.2035073363531e-10	 -2.5414525077579e+00	 
2.2098980557007e-10	 -6.5918936060384e-01	 
-6.7586163800411e-10	 -4.1394519631239e-02	 
7.5361919637152e-10	 -3.1378979548481e-10	 
-3.0097936918108e-10	 -3.0541062936877e-09	 
1.3046245167521e-10	 -4.3500930123722e-09	 
8.8040892425815e-10	 -8.1198944052938e-11	 
-7.1388774557611e-10	 -6.5021369534499e-10	 
3.9954454268730e-12	 2.0551934926572e-09	 
7.7565186310533e-10	 3.4711285546867e-09	 
5.3095132883892e-10	 1.1923790186352e-09	 
-9.3707439260981e-10	 1.0087054333897e-09	 
1.8304047904108e-10	 2.3115092362435e-10	 
-8.0678122602734e-11	 -1.9087702664115e-10	 
1.1113030928703e-10	 6.1531547932770e-10	 
8.7430750965415e-10	 -6.9120703007202e-10	 
-4.4748189015561e-10	 -3.7277311205721e-10	 
2.9463182861541e-10	 -2.2172810749320e-10	 
7.5136207103093e-10	 -1.0725311367521e-09	 
1.2620928729196e-09	 4.2473198395843e-10	 
-4.8059179594653e-10	 -1.2019419522101e-09	 
5.0550754939574e-10	 -1.2231611302276e-09	 
-1.0841420319028e-09	 -8.8789940092325e-10	 
-4.4921890052186e-10	 -8.4309072277775e-10	 
2.6176659377423e-09	 -8.1912504803681e-10	 
-2.4841327449926e-09	 -9.3344764990483e-10	 
-6.4291361167104e-10	 1.0242492290020e-09	 
-1.8160426282012e-10	 6.3525158174870e-10	 
-4.9109485644531e-10	 -3.7235024583320e-10	 
-1.7698142682889e-09	 3.7810290921830e-10	 
-3.8120094510456e-11	 4.9500969807059e-10	 
1.3934830789264e-09	 -4.9036699700800e-10	 
3.6552635264832e-10	 1.6458105283343e-09	 
-2.6917729368170e-10	 3.0498495852275e-09	 
2.4389666445797e-10	 3.6768979341681e-09	 
-1.0830675829928e-09	 2.3543410210746e-09	 
1.4111460350935e-10	 -3.6512278400389e-10	 
-7.3389072596797e-12	 3.3187363968068e-10	 
5.8431210380166e-10	 -1.1562808677115e-09	 
-2.4769643448960e-10	 -2.7127278778329e-09	 
2.5149400354000e-10	 -2.8072969176336e-09	 
-3.7437611561178e-10	 -2.6972235126800e-09	 
-9.4620329149989e-10	 -8.4596251748517e-10	 
5.5811182411714e-10	 -6.4836185487312e-10	 
4.0311515670660e-10	 4.1970315005531e-10	 
-2.3892395041580e-09	 4.3004413398384e-11	 
-1.4607711091089e-09	 -7.4878586317495e-10	 
3.4119648772979e-09	 -1.3275427805659e-10	 
-2.7786259131253e-09	 -9.6982554365771e-10	 
1.8241985699774e-10	 7.2747585733168e-11	 
1.2969856300060e-09	 6.1864846578885e-10	 
-6.9699929161615e-10	 1.6666666658251e+00	 
-8.5475768130117e-10	 -3.6113489976231e-10	 
-3.2510932067124e-09	 -7.0024087168909e-10	 
8.0929941025619e-11	 4.7339752734174e-10	 
-7.0925489569981e-09	 -4.1887446202565e-11	 
4.7013408617513e-10	 -8.2840269539919e-10	 
-5.6332446832230e-09	 1.1675104667763e-09	 
1.0891040326533e-09	 7.7245913658597e-10	 
-4.3853908837654e-09	 -1.8029172599299e-10	 
1.1737617822138e-09	 -5.7833315914024e-10	 
-9.8289071326363e-10	 6.6666666665194e+00	 
5.7643460837919e-10	 1.6666666671342e+00	 
6.1529753808382e-01	 2.9334623966037e-10	 
1.8526791004114e-09	 7.5593467596669e-10	 
1.3652943252221e+00	 -7.6284029374080e-10	 
1.4875331201731e-09	 -1.9550500584761e-10	 
2.3938510819229e+00	 1.6041059917003e-09	 
2.9253194343878e-09	 3.0580608184616e-10	 
2.0661141671905e+00	 -2.4843838748387e-10	 
3.0894190530470e-09	 3.3024938859982e-10	 
-7.4702735989706e-01	 -3.2439842478915e-11	 
2.0500679209778e-09	 7.2246325588665e-10	 
-7.9811871277180e+00	 5.0000000006989e+00	 
3.0615633639375e-10	 4.9999999993904e+00	 
3.9256971101211e-01	 -1.8405790737017e-10	 
-3.1741399005719e-11	 -9.4755630642221e-11	 
2.6991272129097e-01	 -2.4770296274193e-10	 
5.2487330801099e-10	 -2.1300471629571e-10	 
