patch_n	x	y	disp_x	disp_y
0	 0.000000000000000e+00	 0.000000000000000e+00	 0.000000000000000e+00	 0.000000000000000e+00
0	 0.000000000000000e+00	 2.500000000000000e+00	 0.000000000000000e+00	 2.296440850000000e-02
0	 0.000000000000000e+00	 5.000000000000000e+00	 0.000000000000000e+00	 4.589335400000000e-02
0	 0.000000000000000e+00	 7.500000000000000e+00	 0.000000000000000e+00	 6.878683650000000e-02
0	 0.000000000000000e+00	 1.000000000000000e+01	 0.000000000000000e+00	 9.164485600000001e-02
0	 0.000000000000000e+00	 1.250000000000000e+01	 0.000000000000000e+00	 1.144674125000000e-01
0	 0.000000000000000e+00	 1.500000000000000e+01	 0.000000000000000e+00	 1.372545060000000e-01
0	 0.000000000000000e+00	 1.750000000000000e+01	 0.000000000000000e+00	 1.600061365000000e-01
0	 0.000000000000000e+00	 2.000000000000000e+01	 0.000000000000000e+00	 1.827223040000000e-01
0	 0.000000000000000e+00	 2.250000000000000e+01	 0.000000000000000e+00	 2.054030085000000e-01
0	 0.000000000000000e+00	 2.500000000000000e+01	 0.000000000000000e+00	 2.280482500000000e-01
0	 0.000000000000000e+00	 2.750000000000000e+01	 0.000000000000000e+00	 2.506845825000000e-01
0	 0.000000000000000e+00	 3.000000000000000e+01	 0.000000000000000e+00	 2.733385600000001e-01
0	 0.000000000000000e+00	 3.250000000000001e+01	 0.000000000000000e+00	 2.960101825000001e-01
0	 0.000000000000000e+00	 3.500000000000001e+01	 0.000000000000000e+00	 3.186994500000001e-01
0	 0.000000000000000e+00	 3.750000000000001e+01	 0.000000000000000e+00	 3.414063625000001e-01
0	 0.000000000000000e+00	 4.000000000000001e+01	 0.000000000000000e+00	 3.641309200000001e-01
0	 0.000000000000000e+00	 4.250000000000001e+01	 0.000000000000000e+00	 3.868731225000001e-01
0	 0.000000000000000e+00	 4.500000000000001e+01	 0.000000000000000e+00	 4.096329700000001e-01
0	 0.000000000000000e+00	 4.750000000000002e+01	 0.000000000000000e+00	 4.324104625000001e-01
0	 0.000000000000000e+00	 5.000000000000000e+01	 0.000000000000000e+00	 4.552056000000000e-01
0	 2.500000000000000e+00	 0.000000000000000e+00	-9.773152450000001e-03	 0.000000000000000e+00
0	 2.500000000000000e+00	 2.500000000000000e+00	-9.770229584250001e-03	 2.292117939750000e-02
0	 2.500000000000000e+00	 5.000000000000000e+00	-9.767135966999997e-03	 4.581478599000000e-02
0	 2.500000000000000e+00	 7.500000000000002e+00	-9.763871598250000e-03	 6.868081977750001e-02
0	 2.500000000000000e+00	 1.000000000000000e+01	-9.760436477999998e-03	 9.151928076000000e-02
0	 2.500000000000000e+00	 1.250000000000000e+01	-9.756830606249999e-03	 1.143301689375000e-01
0	 2.500000000000000e+00	 1.500000000000000e+01	-9.753053983000000e-03	 1.371134843100000e-01
0	 2.500000000000000e+00	 1.750000000000000e+01	-9.749106608249999e-03	 1.598692268775000e-01
0	 2.500000000000000e+00	 2.000000000000000e+01	-9.744988482000000e-03	 1.825973966400000e-01
0	 2.500000000000000e+00	 2.250000000000000e+01	-9.740699604249999e-03	 2.052979935975000e-01
0	 2.500000000000000e+00	 2.500000000000000e+01	-9.736239975000000e-03	 2.279710177500000e-01
0	 2.499999999999999e+00	 2.750000000000000e+01	-9.732293867249999e-03	 2.506366418025000e-01
0	 2.500000000000000e+00	 3.000000000000001e+01	-9.729545553999998e-03	 2.733150384600000e-01
0	 2.500000000000000e+00	 3.250000000000000e+01	-9.727995035249999e-03	 2.960062077225000e-01
0	 2.500000000000000e+00	 3.500000000000001e+01	-9.727642311000000e-03	 3.187101495900001e-01
0	 2.500000000000000e+00	 3.750000000000001e+01	-9.728487381250000e-03	 3.414268640625001e-01
0	 2.500000000000000e+00	 4.000000000000003e+01	-9.730530245999999e-03	 3.641563511400002e-01
0	 2.500000000000000e+00	 4.250000000000001e+01	-9.733770905249999e-03	 3.868986108225001e-01
0	 2.500000000000000e+00	 4.500000000000002e+01	-9.738209358999999e-03	 4.096536431100002e-01
0	 2.500000000000000e+00	 4.750000000000002e+01	-9.743845607250001e-03	 4.324214480025003e-01
0	 2.500000000000000e+00	 5.000000000000000e+01	-9.750679650000000e-03	 4.552020255000001e-01
0	 5.000000000000000e+00	 0.000000000000000e+00	-1.954394180000000e-02	 0.000000000000000e+00
0	 5.000000000000001e+00	 2.500000000000000e+00	-1.953854691700000e-02	 2.288281929000000e-02
0	 4.999999999999998e+00	 4.999999999999997e+00	-1.953282698799999e-02	 4.574503076000000e-02
0	 5.000000000000000e+00	 7.500000000000001e+00	-1.952678201300000e-02	 6.858663441000000e-02
0	 5.000000000000000e+00	 1.000000000000000e+01	-1.952041199200000e-02	 9.140763024000002e-02
0	 5.000000000000001e+00	 1.250000000000000e+01	-1.951371692500000e-02	 1.142080182500000e-01
0	 4.999999999999999e+00	 1.500000000000000e+01	-1.950669681200000e-02	 1.369877984400000e-01
0	 5.000000000000001e+00	 1.750000000000000e+01	-1.949935165300000e-02	 1.597469708100000e-01
0	 5.000000000000000e+00	 2.000000000000000e+01	-1.949168144800000e-02	 1.824855353600000e-01
0	 5.000000000000000e+00	 2.250000000000000e+01	-1.948368619700000e-02	 2.052034920899999e-01
0	 5.000000000000000e+00	 2.500000000000000e+01	-1.947536590000000e-02	 2.279008410000000e-01
0	 5.000000000000001e+00	 2.750000000000000e+01	-1.946797052900000e-02	 2.505921501100000e-01
0	 5.000000000000001e+00	 3.000000000000000e+01	-1.946275005600000e-02	 2.732919874400001e-01
0	 5.000000000000001e+00	 3.250000000000001e+01	-1.945970448100000e-02	 2.960003529900001e-01
0	 5.000000000000000e+00	 3.500000000000001e+01	-1.945883380400000e-02	 3.187172467600000e-01
0	 5.000000000000000e+00	 3.750000000000001e+01	-1.946013802500000e-02	 3.414426687500001e-01
0	 5.000000000000000e+00	 4.000000000000002e+01	-1.946361714400001e-02	 3.641766189600002e-01
0	 4.999999999999999e+00	 4.250000000000001e+01	-1.946927116100000e-02	 3.869190973900001e-01
0	 5.000000000000000e+00	 4.500000000000003e+01	-1.947710007600001e-02	 4.096701040400001e-01
0	 5.000000000000001e+00	 4.750000000000002e+01	-1.948710388900000e-02	 4.324296389100002e-01
0	 5.000000000000000e+00	 5.000000000000000e+01	-1.949928260000000e-02	 4.551977020000000e-01
0	 7.500000000000000e+00	 0.000000000000000e+00	-2.931236805000000e-02	 0.000000000000000e+00
0	 7.500000000000002e+00	 2.500000000000000e+00	-2.930495199825000e-02	 2.284932817750000e-02
0	 7.500000000000003e+00	 5.000000000000002e+00	-2.929707306300000e-02	 4.568408831000002e-02
0	 7.500000000000002e+00	 7.500000000000002e+00	-2.928873124425001e-02	 6.850428039750002e-02
0	 7.500000000000000e+00	 1.000000000000000e+01	-2.927992654200000e-02	 9.130990444000001e-02
0	 7.500000000000001e+00	 1.250000000000000e+01	-2.927065895625001e-02	 1.141009604375000e-01
0	 7.500000000000001e+00	 1.500000000000000e+01	-2.926092848700000e-02	 1.368774483900000e-01
0	 7.500000000000002e+00	 1.750000000000000e+01	-2.925073513425001e-02	 1.596393682975000e-01
0	 7.500000000000001e+00	 1.999999999999999e+01	-2.924007889799999e-02	 1.823867201600000e-01
0	 7.500000000000000e+00	 2.250000000000000e+01	-2.922895977825000e-02	 2.051195039775000e-01
0	 7.500000000000001e+00	 2.500000000000000e+01	-2.921737777500000e-02	 2.278377197500000e-01
0	 7.499999999999999e+00	 2.750000000000000e+01	-2.920702998525000e-02	 2.505511074225000e-01
0	 7.500000000000001e+00	 3.000000000000001e+01	-2.919961350600001e-02	 2.732694069400001e-01
0	 7.500000000000003e+00	 3.250000000000001e+01	-2.919512833725001e-02	 2.959926183025001e-01
0	 7.500000000000003e+00	 3.500000000000002e+01	-2.919357447900001e-02	 3.187207415100001e-01
0	 7.500000000000003e+00	 3.750000000000002e+01	-2.919495193125001e-02	 3.414537765625001e-01
0	 7.500000000000002e+00	 4.000000000000002e+01	-2.919926069400000e-02	 3.641917234600001e-01
0	 7.500000000000002e+00	 4.250000000000001e+01	-2.920650076725001e-02	 3.869345822025002e-01
0	 7.500000000000001e+00	 4.500000000000002e+01	-2.921667215100001e-02	 4.096823527900001e-01
0	 7.500000000000001e+00	 4.750000000000002e+01	-2.922977484525000e-02	 4.324350352225002e-01
0	 7.500000000000000e+00	 5.000000000000000e+01	-2.924580885000000e-02	 4.551926295000000e-01
0	 1.000000000000000e+01	 0.000000000000000e+00	-3.907843120000000e-02	 0.000000000000000e+00
0	 1.000000000000000e+01	 2.500000000000000e+00	-3.906944482800000e-02	 2.282070605999999e-02
0	 1.000000000000000e+01	 5.000000000000000e+00	-3.905987419200001e-02	 4.563195864000000e-02
0	 1.000000000000000e+01	 7.500000000000000e+00	-3.904971929200000e-02	 6.843375774000002e-02
0	 1.000000000000000e+01	 1.000000000000000e+01	-3.903898012799999e-02	 9.122610335999999e-02
0	 1.000000000000000e+01	 1.250000000000000e+01	-3.902765670000001e-02	 1.140089955000000e-01
0	 1.000000000000000e+01	 1.500000000000000e+01	-3.901574900800001e-02	 1.367824341600000e-01
0	 1.000000000000000e+01	 1.750000000000000e+01	-3.900325705200001e-02	 1.595464193400000e-01
0	 1.000000000000000e+01	 2.000000000000000e+01	-3.899018083200000e-02	 1.823009510400000e-01
0	 9.999999999999998e+00	 2.249999999999999e+01	-3.897652034800000e-02	 2.050460292599999e-01
0	 1.000000000000000e+01	 2.500000000000000e+01	-3.896227560000001e-02	 2.277816540000000e-01
0	 1.000000000000000e+01	 2.750000000000000e+01	-3.894947223600000e-02	 2.505135137400000e-01
0	 1.000000000000000e+01	 3.000000000000001e+01	-3.894013590400000e-02	 2.732472969600001e-01
0	 1.000000000000000e+01	 3.250000000000001e+01	-3.893426660400000e-02	 2.959830036600001e-01
0	 1.000000000000000e+01	 3.500000000000001e+01	-3.893186433600001e-02	 3.187206338400002e-01
0	 1.000000000000000e+01	 3.750000000000001e+01	-3.893292910000001e-02	 3.414601875000001e-01
0	 1.000000000000000e+01	 4.000000000000001e+01	-3.893746089600000e-02	 3.642016646400001e-01
0	 1.000000000000000e+01	 4.250000000000001e+01	-3.894545972400000e-02	 3.869450652600002e-01
0	 1.000000000000000e+01	 4.500000000000002e+01	-3.895692558400000e-02	 4.096903893600002e-01
0	 1.000000000000000e+01	 4.750000000000003e+01	-3.897185847600001e-02	 4.324376369400003e-01
0	 1.000000000000000e+01	 5.000000000000000e+01	-3.899025840000001e-02	 4.551868080000001e-01
0	 1.250000000000000e+01	 0.000000000000000e+00	-4.884213125000000e-02	 0.000000000000000e+00
0	 1.250000000000000e+01	 2.500000000000000e+00	-4.883202540625001e-02	 2.279695293750000e-02
0	 1.250000000000000e+01	 5.000000000000001e+00	-4.882123037500001e-02	 4.558864175000001e-02
0	 1.250000000000000e+01	 7.500000000000001e+00	-4.880974615625000e-02	 6.837506643750002e-02
0	 1.250000000000000e+01	 1.000000000000000e+01	-4.879757275000000e-02	 9.115622700000001e-02
0	 1.250000000000000e+01	 1.250000000000000e+01	-4.878471015624999e-02	 1.139321234375000e-01
0	 1.250000000000000e+01	 1.500000000000000e+01	-4.877115837500000e-02	 1.367027557500000e-01
0	 1.250000000000000e+01	 1.750000000000000e+01	-4.875691740625000e-02	 1.594681239375000e-01
0	 1.250000000000000e+01	 2.000000000000000e+01	-4.874198725000000e-02	 1.822282280000000e-01
0	 1.250000000000000e+01	 2.250000000000000e+01	-4.872636790625001e-02	 2.049830679375000e-01
0	 1.250000000000000e+01	 2.500000000000000e+01	-4.871005937500000e-02	 2.277326437500000e-01
0	 1.250000000000000e+01	 2.750000000000000e+01	-4.869529728125001e-02	 2.504793690625000e-01
0	 1.250000000000000e+01	 3.000000000000000e+01	-4.868431724999998e-02	 2.732256575000000e-01
0	 1.250000000000000e+01	 3.250000000000001e+01	-4.867711928124999e-02	 2.959715090625000e-01
0	 1.250000000000000e+01	 3.500000000000000e+01	-4.867370337499998e-02	 3.187169237500000e-01
0	 1.250000000000000e+01	 3.750000000000001e+01	-4.867406953125000e-02	 3.414619015625002e-01
0	 1.250000000000000e+01	 4.000000000000001e+01	-4.867821774999999e-02	 3.642064425000001e-01
0	 1.250000000000000e+01	 4.250000000000002e+01	-4.868614803125000e-02	 3.869505465625001e-01
0	 1.250000000000000e+01	 4.500000000000001e+01	-4.869786037500001e-02	 4.096942137500001e-01
0	 1.250000000000000e+01	 4.750000000000001e+01	-4.871335478125000e-02	 4.324374440625001e-01
0	 1.250000000000000e+01	 5.000000000000000e+01	-4.873263125000000e-02	 4.551802375000000e-01
0	 1.500000000000000e+01	 0.000000000000000e+00	-5.860346819999999e-02	 0.000000000000000e+00
0	 1.500000000000000e+01	 2.500000000000000e+00	-5.859269373300000e-02	 2.277806881000000e-02
0	 1.500000000000000e+01	 4.999999999999999e+00	-5.858114161200000e-02	 4.555413764000000e-02
0	 1.500000000000000e+01	 7.500000000000001e+00	-5.856881183699998e-02	 6.832820649000000e-02
0	 1.500000000000000e+01	 1.000000000000000e+01	-5.855570440800001e-02	 9.110027536000001e-02
0	 1.500000000000000e+01	 1.250000000000000e+01	-5.854181932499999e-02	 1.138703442500000e-01
0	 1.500000000000000e+01	 1.500000000000000e+01	-5.852715658799999e-02	 1.366384131600000e-01
0	 1.500000000000000e+01	 1.750000000000000e+01	-5.851171619699998e-02	 1.594044820900000e-01
0	 1.500000000000000e+01	 2.000000000000000e+01	-5.849549815199999e-02	 1.821685510400000e-01
0	 1.500000000000000e+01	 2.250000000000000e+01	-5.847850245299999e-02	 2.049306200100000e-01
0	 1.500000000000000e+01	 2.500000000000000e+01	-5.846072910000000e-02	 2.276906890000000e-01
0	 1.500000000000000e+01	 2.750000000000000e+01	-5.844450512099998e-02	 2.504486733900000e-01
0	 1.500000000000000e+01	 3.000000000000000e+01	-5.843215754400001e-02	 2.732044885600001e-01
0	 1.500000000000000e+01	 3.250000000000001e+01	-5.842368636900000e-02	 2.959581345100001e-01
0	 1.500000000000000e+01	 3.500000000000001e+01	-5.841909159599999e-02	 3.187096112400001e-01
0	 1.500000000000000e+01	 3.750000000000002e+01	-5.841837322500000e-02	 3.414589187500001e-01
0	 1.500000000000000e+01	 4.000000000000002e+01	-5.842153125600001e-02	 3.642060570400002e-01
0	 1.500000000000000e+01	 4.250000000000002e+01	-5.842856568900000e-02	 3.869510261100002e-01
0	 1.500000000000000e+01	 4.500000000000002e+01	-5.843947652400000e-02	 4.096938259600002e-01
0	 1.500000000000000e+01	 4.750000000000002e+01	-5.845426376100000e-02	 4.324344565900002e-01
0	 1.500000000000000e+01	 4.999999999999999e+01	-5.847292739999999e-02	 4.551729179999999e-01
0	 1.750000000000000e+01	 0.000000000000000e+00	-6.836244205000000e-02	 0.000000000000000e+00
0	 1.750000000000000e+01	 2.500000000000000e+00	-6.835144980824999e-02	 2.276405367749999e-02
0	 1.750000000000000e+01	 5.000000000000001e+00	-6.833960790299999e-02	 4.552844631000001e-02
0	 1.750000000000000e+01	 7.500000000000002e+00	-6.832691633425000e-02	 6.829317789750002e-02
0	 1.750000000000000e+01	 1.000000000000000e+01	-6.831337510200000e-02	 9.105824844000000e-02
0	 1.750000000000000e+01	 1.250000000000000e+01	-6.829898420625000e-02	 1.138236579375000e-01
0	 1.750000000000000e+01	 1.500000000000000e+01	-6.828374364699999e-02	 1.365894063900000e-01
0	 1.750000000000000e+01	 1.750000000000000e+01	-6.826765342424999e-02	 1.593554937975000e-01
0	 1.750000000000000e+01	 2.000000000000000e+01	-6.825071353800000e-02	 1.821219201600000e-01
0	 1.750000000000000e+01	 2.250000000000000e+01	-6.823292398824998e-02	 2.048886854775000e-01
0	 1.750000000000000e+01	 2.500000000000000e+01	-6.821428477499999e-02	 2.276557897500000e-01
0	 1.750000000000000e+01	 2.749999999999999e+01	-6.819709575524999e-02	 2.504214267225000e-01
0	 1.750000000000000e+01	 3.000000000000001e+01	-6.818365678600000e-02	 2.731837901400000e-01
0	 1.750000000000000e+01	 3.250000000000001e+01	-6.817396786725000e-02	 2.959428800025001e-01
0	 1.750000000000000e+01	 3.500000000000001e+01	-6.816802899900000e-02	 3.186986963100001e-01
0	 1.750000000000000e+01	 3.750000000000002e+01	-6.816584018124999e-02	 3.414512390625001e-01
0	 1.750000000000000e+01	 4.000000000000001e+01	-6.816740141399999e-02	 3.642005082600002e-01
0	 1.750000000000000e+01	 4.250000000000002e+01	-6.817271269725000e-02	 3.869465039025001e-01
0	 1.750000000000000e+01	 4.500000000000002e+01	-6.818177403099999e-02	 4.096892259900001e-01
0	 1.750000000000000e+01	 4.750000000000001e+01	-6.819458541524999e-02	 4.324286745225002e-01
0	 1.750000000000000e+01	 5.000000000000000e+01	-6.821114685000000e-02	 4.551648495000000e-01
0	 2.000000000000000e+01	 0.000000000000000e+00	-7.811905280000001e-02	 0.000000000000000e+00
0	 1.999999999999999e+01	 2.500000000000000e+00	-7.810829363199999e-02	 2.275490754000000e-02
0	 2.000000000000000e+01	 5.000000000000000e+00	-7.809662924799997e-02	 4.551156776000000e-02
0	 2.000000000000000e+01	 7.499999999999999e+00	-7.808405964799997e-02	 6.826998066000001e-02
0	 2.000000000000000e+01	 1.000000000000000e+01	-7.807058483200000e-02	 9.103014624000000e-02
0	 2.000000000000000e+01	 1.250000000000000e+01	-7.805620479999999e-02	 1.137920645000000e-01
0	 1.999999999999999e+01	 1.500000000000000e+01	-7.804091955199999e-02	 1.365557354400000e-01
0	 2.000000000000000e+01	 1.750000000000000e+01	-7.802472908799998e-02	 1.593211590600000e-01
0	 2.000000000000000e+01	 2.000000000000000e+01	-7.800763340799999e-02	 1.820883353600000e-01
0	 2.000000000000000e+01	 2.250000000000000e+01	-7.798963251199999e-02	 2.048572643400000e-01
0	 2.000000000000000e+01	 2.500000000000000e+01	-7.797072640000000e-02	 2.276279460000000e-01
0	 2.000000000000000e+01	 2.750000000000000e+01	-7.795306918400000e-02	 2.503976290600000e-01
0	 2.000000000000000e+01	 3.000000000000001e+01	-7.793881497600000e-02	 2.731635622400001e-01
0	 2.000000000000000e+01	 3.250000000000001e+01	-7.792796377600000e-02	 2.959257455400001e-01
0	 2.000000000000000e+01	 3.500000000000001e+01	-7.792051558400001e-02	 3.186841789600001e-01
0	 2.000000000000000e+01	 3.750000000000002e+01	-7.791647039999999e-02	 3.414388625000001e-01
0	 2.000000000000000e+01	 4.000000000000001e+01	-7.791582822399999e-02	 3.641897961600001e-01
0	 1.999999999999999e+01	 4.250000000000001e+01	-7.791858905599999e-02	 3.869369799400001e-01
0	 2.000000000000000e+01	 4.500000000000002e+01	-7.792475289600000e-02	 4.096804138400003e-01
0	 2.000000000000000e+01	 4.750000000000003e+01	-7.793431974400000e-02	 4.324200978600002e-01
0	 2.000000000000000e+01	 5.000000000000001e+01	-7.794728960000000e-02	 4.551560320000001e-01
0	 2.250000000000000e+01	 0.000000000000000e+00	-8.787330045000000e-02	 0.000000000000000e+00
0	 2.250000000000000e+01	 2.500000000000000e+00	-8.786322520425000e-02	 2.275063039750000e-02
0	 2.250000000000000e+01	 5.000000000000001e+00	-8.785220564700000e-02	 4.550350198999999e-02
0	 2.250000000000000e+01	 7.500000000000001e+00	-8.784024177824999e-02	 6.825861477750000e-02
0	 2.250000000000000e+01	 1.000000000000000e+01	-8.782733359799999e-02	 9.101596876000001e-02
0	 2.250000000000000e+01	 1.250000000000000e+01	-8.781348110624998e-02	 1.137755639375000e-01
0	 2.250000000000000e+01	 1.500000000000000e+01	-8.779868430300000e-02	 1.365374003100000e-01
0	 2.250000000000000e+01	 1.750000000000000e+01	-8.778294318825000e-02	 1.593014778775000e-01
0	 2.250000000000000e+01	 2.000000000000000e+01	-8.776625776199999e-02	 1.820677966400000e-01
0	 2.250000000000000e+01	 2.250000000000000e+01	-8.774862802424999e-02	 2.048363565975000e-01
0	 2.250000000000000e+01	 2.500000000000000e+01	-8.773005397500000e-02	 2.276071577500000e-01
0	 2.250000000000000e+01	 2.750000000000000e+01	-8.771242540724998e-02	 2.503772804025000e-01
0	 2.250000000000000e+01	 3.000000000000000e+01	-8.769763211399999e-02	 2.731438048600000e-01
0	 2.250000000000000e+01	 3.250000000000001e+01	-8.768567409524999e-02	 2.959067311225001e-01
0	 2.249999999999999e+01	 3.500000000000000e+01	-8.767655135099998e-02	 3.186660591900000e-01
0	 2.250000000000000e+01	 3.750000000000001e+01	-8.767026388124999e-02	 3.414217890625001e-01
0	 2.250000000000000e+01	 4.000000000000001e+01	-8.766681168600000e-02	 3.641739207400002e-01
0	 2.250000000000000e+01	 4.250000000000001e+01	-8.766619476525001e-02	 3.869224542225002e-01
0	 2.250000000000000e+01	 4.500000000000002e+01	-8.766841311899998e-02	 4.096673895100001e-01
0	 2.250000000000000e+01	 4.750000000000001e+01	-8.767346674724999e-02	 4.324087266025002e-01
0	 2.250000000000000e+01	 5.000000000000000e+01	-8.768135564999999e-02	 4.551464655000000e-01
0	 2.500000000000000e+01	 0.000000000000000e+00	-9.762518500000000e-02	 0.000000000000000e+00
0	 2.500000000000000e+01	 2.500000000000000e+00	-9.761624452500001e-02	 2.275122225000000e-02
0	 2.500000000000000e+01	 5.000000000000000e+00	-9.760633709999998e-02	 4.550424900000000e-02
0	 2.500000000000000e+01	 7.500000000000000e+00	-9.759546272500000e-02	 6.825908025000001e-02
0	 2.500000000000000e+01	 1.000000000000000e+01	-9.758362140000000e-02	 9.101571600000001e-02
0	 2.500000000000000e+01	 1.250000000000000e+01	-9.757081312500000e-02	 1.137741562500000e-01
0	 2.500000000000000e+01	 1.500000000000000e+01	-9.755703789999999e-02	 1.365344010000000e-01
0	 2.500000000000000e+01	 1.750000000000000e+01	-9.754229572500001e-02	 1.592964502500000e-01
0	 2.500000000000000e+01	 2.000000000000000e+01	-9.752658659999999e-02	 1.820603040000000e-01
0	 2.500000000000000e+01	 2.250000000000000e+01	-9.750991052499999e-02	 2.048259622500000e-01
0	 2.500000000000000e+01	 2.500000000000000e+01	-9.749226750000001e-02	 2.275934250000000e-01
0	 2.500000000000000e+01	 2.750000000000000e+01	-9.747516442500001e-02	 2.503603807500001e-01
0	 2.500000000000000e+01	 3.000000000000000e+01	-9.746010820000001e-02	 2.731245180000000e-01
0	 2.500000000000000e+01	 3.250000000000001e+01	-9.744709882500001e-02	 2.958858367500000e-01
0	 2.500000000000000e+01	 3.500000000000001e+01	-9.743613630000000e-02	 3.186443370000001e-01
0	 2.500000000000000e+01	 3.750000000000001e+01	-9.742722062499999e-02	 3.414000187500001e-01
0	 2.500000000000000e+01	 4.000000000000001e+01	-9.742035180000000e-02	 3.641528820000001e-01
0	 2.500000000000000e+01	 4.250000000000002e+01	-9.741552982500001e-02	 3.869029267500002e-01
0	 2.500000000000000e+01	 4.500000000000001e+01	-9.741275470000001e-02	 4.096501530000002e-01
0	 2.500000000000000e+01	 4.750000000000002e+01	-9.741202642499999e-02	 4.323945607500002e-01
0	 2.500000000000000e+01	 5.000000000000000e+01	-9.741334500000000e-02	 4.551361500000000e-01
0	 2.750000000000000e+01	 0.000000000000000e+00	-1.073758758500000e-01	 0.000000000000000e+00
0	 2.750000000000001e+01	 2.500000000000000e+00	-1.073681937952500e-01	 2.275385273750000e-02
0	 2.750000000000000e+01	 5.000000000000001e+00	-1.073595311710000e-01	 4.550869215000001e-02
0	 2.750000000000001e+01	 7.500000000000001e+00	-1.073498879772500e-01	 6.826451823750002e-02
0	 2.749999999999999e+01	 9.999999999999998e+00	-1.073392642140000e-01	 9.102133100000001e-02
0	 2.750000000000000e+01	 1.250000000000000e+01	-1.073276598812500e-01	 1.137791304375000e-01
0	 2.750000000000000e+01	 1.500000000000000e+01	-1.073150749790000e-01	 1.365379165500000e-01
0	 2.750000000000000e+01	 1.750000000000000e+01	-1.073015095072500e-01	 1.592976893375000e-01
0	 2.750000000000000e+01	 2.000000000000000e+01	-1.072869634660000e-01	 1.820584488000000e-01
0	 2.750000000000000e+01	 2.250000000000000e+01	-1.072714368552500e-01	 2.048201949375000e-01
0	 2.750000000000000e+01	 2.500000000000000e+01	-1.072549296750000e-01	 2.275829277500000e-01
0	 2.750000000000000e+01	 2.750000000000000e+01	-1.072385402842500e-01	 2.503452477225000e-01
0	 2.750000000000001e+01	 3.000000000000001e+01	-1.072233670420000e-01	 2.731057553400001e-01
0	 2.750000000000000e+01	 3.250000000000001e+01	-1.072094099482500e-01	 2.958644506025001e-01
0	 2.750000000000000e+01	 3.500000000000001e+01	-1.071966690030000e-01	 3.186213335100002e-01
0	 2.750000000000000e+01	 3.750000000000001e+01	-1.071851442062500e-01	 3.413764040625001e-01
0	 2.750000000000000e+01	 4.000000000000001e+01	-1.071748355580000e-01	 3.641296622600002e-01
0	 2.750000000000000e+01	 4.250000000000001e+01	-1.071657430582500e-01	 3.868811081025002e-01
0	 2.750000000000000e+01	 4.500000000000001e+01	-1.071578667070000e-01	 4.096307415900002e-01
0	 2.750000000000000e+01	 4.750000000000002e+01	-1.071512065042500e-01	 4.323785627225002e-01
0	 2.750000000000000e+01	 5.000000000000000e+01	-1.071457624500000e-01	 4.551245715000000e-01
0	 3.000000000000000e+01	 0.000000000000000e+00	-1.171265424000000e-01	 0.000000000000000e+00
0	 3.000000000000001e+01	 2.500000000000000e+00	-1.171199152160000e-01	 2.275569150000000e-02
0	 3.000000000000000e+01	 5.000000000000000e+00	-1.171122954240000e-01	 4.551171480000000e-02
0	 3.000000000000000e+01	 7.500000000000000e+00	-1.171036830240000e-01	 6.826806989999999e-02
0	 3.000000000000000e+01	 1.000000000000000e+01	-1.170940780160000e-01	 9.102475680000000e-02
0	 3.000000000000001e+01	 1.250000000000000e+01	-1.170834804000000e-01	 1.137817755000000e-01
0	 3.000000000000000e+01	 1.500000000000000e+01	-1.170718901760000e-01	 1.365391260000000e-01
0	 3.000000000000000e+01	 1.750000000000000e+01	-1.170593073440000e-01	 1.592968083000000e-01
0	 3.000000000000000e+01	 2.000000000000000e+01	-1.170457319040000e-01	 1.820548224000000e-01
0	 3.000000000000000e+01	 2.250000000000000e+01	-1.170311638560000e-01	 2.048131683000000e-01
0	 3.000000000000000e+01	 2.500000000000000e+01	-1.170156032000000e-01	 2.275718460000000e-01
0	 3.000000000000001e+01	 2.750000000000000e+01	-1.169998070320000e-01	 2.503301989400000e-01
0	 3.000000000000001e+01	 3.000000000000001e+01	-1.169845324480000e-01	 2.730875705600000e-01
0	 3.000000000000000e+01	 3.250000000000001e+01	-1.169697794480000e-01	 2.958439608600001e-01
0	 3.000000000000001e+01	 3.500000000000001e+01	-1.169555480320000e-01	 3.185993698400000e-01
0	 3.000000000000000e+01	 3.750000000000001e+01	-1.169418382000000e-01	 3.413537975000001e-01
0	 3.000000000000001e+01	 4.000000000000002e+01	-1.169286499520000e-01	 3.641072438400002e-01
0	 3.000000000000000e+01	 4.250000000000001e+01	-1.169159832880000e-01	 3.868597088600002e-01
0	 3.000000000000000e+01	 4.500000000000001e+01	-1.169038382080000e-01	 4.096111925600002e-01
0	 3.000000000000001e+01	 4.750000000000001e+01	-1.168922147120000e-01	 4.323616949400002e-01
0	 3.000000000000000e+01	 5.000000000000000e+01	-1.168811128000000e-01	 4.551112160000000e-01
0	 3.250000000000001e+01	 0.000000000000000e+00	-1.268771846500000e-01	 0.000000000000000e+00
0	 3.250000000000000e+01	 2.500000000000000e+00	-1.268714087872500e-01	 2.275673853749999e-02
0	 3.250000000000001e+01	 5.000000000000001e+00	-1.268646298590000e-01	 4.551331695000001e-02
0	 3.250000000000000e+01	 7.500000000000001e+00	-1.268568478652500e-01	 6.826973523750000e-02
0	 3.250000000000001e+01	 1.000000000000000e+01	-1.268480628060000e-01	 9.102599339999999e-02
0	 3.250000000000001e+01	 1.250000000000000e+01	-1.268382746812500e-01	 1.137820914375000e-01
0	 3.250000000000001e+01	 1.500000000000000e+01	-1.268274834910000e-01	 1.365380293500000e-01
0	 3.250000000000001e+01	 1.750000000000000e+01	-1.268156892352500e-01	 1.592938071375000e-01
0	 3.250000000000001e+01	 2.000000000000000e+01	-1.268028919140000e-01	 1.820494248000000e-01
0	 3.250000000000001e+01	 2.250000000000000e+01	-1.267890915272500e-01	 2.048048823375000e-01
0	 3.250000000000001e+01	 2.500000000000000e+01	-1.267742880750000e-01	 2.275601797500000e-01
0	 3.250000000000001e+01	 2.750000000000000e+01	-1.267589646682500e-01	 2.503152344025000e-01
0	 3.250000000000001e+01	 3.000000000000000e+01	-1.267436044180000e-01	 2.730699636600000e-01
0	 3.250000000000001e+01	 3.250000000000001e+01	-1.267282073242501e-01	 2.958243675225001e-01
0	 3.250000000000001e+01	 3.500000000000001e+01	-1.267127733870000e-01	 3.185784459900001e-01
0	 3.250000000000001e+01	 3.750000000000001e+01	-1.266973026062500e-01	 3.413321990625000e-01
0	 3.250000000000001e+01	 4.000000000000001e+01	-1.266817949820000e-01	 3.640856267400001e-01
0	 3.250000000000001e+01	 4.250000000000001e+01	-1.266662505142501e-01	 3.868387290225002e-01
0	 3.250000000000001e+01	 4.500000000000001e+01	-1.266506692030000e-01	 4.095915059100002e-01
0	 3.250000000000001e+01	 4.750000000000001e+01	-1.266350510482500e-01	 4.323439574025002e-01
0	 3.250000000000001e+01	 4.999999999999999e+01	-1.266193960500001e-01	 4.550960835000000e-01
0	 3.500000000000001e+01	 0.000000000000000e+00	-1.366278026000000e-01	 0.000000000000000e+00
0	 3.500000000000001e+01	 2.500000000000000e+00	-1.366226745090000e-01	 2.275699385000000e-02
0	 3.500000000000001e+01	 5.000000000000000e+00	-1.366165344760001e-01	 4.551349860000000e-02
0	 3.500000000000000e+01	 7.500000000000000e+00	-1.366093825010000e-01	 6.826951424999998e-02
0	 3.500000000000002e+01	 1.000000000000000e+01	-1.366012185840000e-01	 9.102504080000001e-02
0	 3.500000000000001e+01	 1.250000000000000e+01	-1.365920427250001e-01	 1.137800782500000e-01
0	 3.500000000000001e+01	 1.500000000000000e+01	-1.365818549240000e-01	 1.365346266000000e-01
0	 3.500000000000001e+01	 1.750000000000000e+01	-1.365706551810000e-01	 1.592886858500000e-01
0	 3.500000000000001e+01	 2.000000000000000e+01	-1.365584434960001e-01	 1.820422560000000e-01
0	 3.500000000000001e+01	 2.250000000000000e+01	-1.365452198690001e-01	 2.047953370500000e-01
0	 3.500000000000001e+01	 2.500000000000000e+01	-1.365309843000000e-01	 2.275479290000000e-01
0	 3.500000000000001e+01	 2.750000000000001e+01	-1.365160131930000e-01	 2.503003541100001e-01
0	 3.500000000000001e+01	 3.000000000000000e+01	-1.365005829520000e-01	 2.730529346400000e-01
0	 3.500000000000001e+01	 3.250000000000001e+01	-1.364846935770000e-01	 2.958056705900001e-01
0	 3.500000000000001e+01	 3.500000000000001e+01	-1.364683450680001e-01	 3.185585619600002e-01
0	 3.500000000000001e+01	 3.750000000000002e+01	-1.364515374250000e-01	 3.413116087500001e-01
0	 3.500000000000001e+01	 4.000000000000001e+01	-1.364342706480001e-01	 3.640648109600001e-01
0	 3.500000000000001e+01	 4.250000000000002e+01	-1.364165447370001e-01	 3.868181685900002e-01
0	 3.500000000000001e+01	 4.500000000000002e+01	-1.363983596920001e-01	 4.095716816400002e-01
0	 3.500000000000001e+01	 4.750000000000001e+01	-1.363797155130000e-01	 4.323253501100002e-01
0	 3.500000000000001e+01	 5.000000000000000e+01	-1.363606122000000e-01	 4.550791740000000e-01
0	 3.750000000000001e+01	 0.000000000000000e+00	-1.463783962500000e-01	 0.000000000000000e+00
0	 3.750000000000001e+01	 2.500000000000000e+00	-1.463737123812500e-01	 2.275645743750000e-02
0	 3.750000000000001e+01	 5.000000000000000e+00	-1.463680092750000e-01	 4.551225975000001e-02
0	 3.750000000000002e+01	 7.500000000000002e+00	-1.463612869312501e-01	 6.826740693750001e-02
0	 3.750000000000001e+01	 1.000000000000000e+01	-1.463535453500001e-01	 9.102189900000002e-02
0	 3.750000000000001e+01	 1.250000000000000e+01	-1.463447845312500e-01	 1.137757359375000e-01
0	 3.750000000000001e+01	 1.500000000000000e+01	-1.463350044750001e-01	 1.365289177500000e-01
0	 3.750000000000001e+01	 1.750000000000000e+01	-1.463242051812501e-01	 1.592814444375000e-01
0	 3.750000000000001e+01	 2.000000000000000e+01	-1.463123866500000e-01	 1.820333160000000e-01
0	 3.750000000000001e+01	 2.250000000000000e+01	-1.462995488812500e-01	 2.047845324375000e-01
0	 3.750000000000001e+01	 2.500000000000000e+01	-1.462856918750000e-01	 2.275350937500000e-01
0	 3.750000000000001e+01	 2.750000000000000e+01	-1.462709526062501e-01	 2.502855580625000e-01
0	 3.750000000000001e+01	 3.000000000000001e+01	-1.462554680500000e-01	 2.730364835000000e-01
0	 3.750000000000001e+01	 3.250000000000001e+01	-1.462392382062501e-01	 2.957878700625000e-01
0	 3.750000000000001e+01	 3.500000000000001e+01	-1.462222630750001e-01	 3.185397177500001e-01
0	 3.750000000000001e+01	 3.750000000000001e+01	-1.462045426562500e-01	 3.412920265625001e-01
0	 3.750000000000001e+01	 4.000000000000001e+01	-1.461860769500001e-01	 3.640447965000001e-01
0	 3.750000000000001e+01	 4.250000000000001e+01	-1.461668659562501e-01	 3.867980275625001e-01
0	 3.750000000000001e+01	 4.500000000000003e+01	-1.461469096750000e-01	 4.095517197500003e-01
0	 3.750000000000001e+01	 4.750000000000001e+01	-1.461262081062500e-01	 4.323058730625002e-01
0	 3.750000000000001e+01	 5.000000000000000e+01	-1.461047612500000e-01	 4.550604875000000e-01
0	 4.000000000000001e+01	 0.000000000000000e+00	-1.561289656000001e-01	 0.000000000000000e+00
0	 4.000000000000002e+01	 2.500000000000000e+00	-1.561245224040001e-01	 2.275512930000000e-02
0	 4.000000000000000e+01	 5.000000000000000e+00	-1.561190542560001e-01	 4.550960039999999e-02
0	 4.000000000000001e+01	 7.500000000000002e+00	-1.561125611560001e-01	 6.826341330000001e-02
0	 4.000000000000001e+01	 1.000000000000000e+01	-1.561050431040000e-01	 9.101656799999999e-02
0	 4.000000000000002e+01	 1.250000000000000e+01	-1.560965001000001e-01	 1.137690645000000e-01
0	 4.000000000000002e+01	 1.500000000000000e+01	-1.560869321440001e-01	 1.365209028000000e-01
0	 4.000000000000001e+01	 1.750000000000000e+01	-1.560763392360001e-01	 1.592720829000000e-01
0	 4.000000000000001e+01	 2.000000000000000e+01	-1.560647213760001e-01	 1.820226048000000e-01
0	 4.000000000000001e+01	 2.250000000000000e+01	-1.560520785640001e-01	 2.047724685000000e-01
0	 4.000000000000001e+01	 2.499999999999999e+01	-1.560384108000000e-01	 2.275216740000000e-01
0	 4.000000000000001e+01	 2.750000000000000e+01	-1.560237829080000e-01	 2.502708462600000e-01
0	 4.000000000000002e+01	 3.000000000000001e+01	-1.560082597120001e-01	 2.730206102400001e-01
0	 4.000000000000001e+01	 3.250000000000001e+01	-1.559918412120000e-01	 2.957709659400000e-01
0	 4.000000000000001e+01	 3.500000000000001e+01	-1.559745274080001e-01	 3.185219133600001e-01
0	 4.000000000000001e+01	 3.750000000000000e+01	-1.559563183000000e-01	 3.412734525000001e-01
0	 4.000000000000002e+01	 4.000000000000002e+01	-1.559372138880001e-01	 3.640255833600001e-01
0	 4.000000000000001e+01	 4.250000000000001e+01	-1.559172141720001e-01	 3.867783059400001e-01
0	 4.000000000000001e+01	 4.500000000000001e+01	-1.558963191520001e-01	 4.095316202400002e-01
0	 4.000000000000001e+01	 4.750000000000001e+01	-1.558745288280001e-01	 4.322855262600002e-01
0	 4.000000000000001e+01	 5.000000000000000e+01	-1.558518432000001e-01	 4.550400240000000e-01
0	 4.250000000000001e+01	 0.000000000000000e+00	-1.658795106500001e-01	 0.000000000000000e+00
0	 4.250000000000001e+01	 2.500000000000000e+00	-1.658751045772500e-01	 2.275300943750000e-02
0	 4.250000000000001e+01	 5.000000000000000e+00	-1.658696694190001e-01	 4.550552055000000e-02
0	 4.250000000000001e+01	 7.500000000000001e+00	-1.658632051752501e-01	 6.825753333750001e-02
0	 4.250000000000002e+01	 1.000000000000000e+01	-1.658557118460001e-01	 9.100904780000002e-02
0	 4.250000000000002e+01	 1.250000000000000e+01	-1.658471894312501e-01	 1.137600639375000e-01
0	 4.250000000000002e+01	 1.500000000000000e+01	-1.658376379310001e-01	 1.365105817500000e-01
0	 4.250000000000001e+01	 1.750000000000000e+01	-1.658270573452501e-01	 1.592606012375000e-01
0	 4.250000000000001e+01	 2.000000000000000e+01	-1.658154476740001e-01	 1.820101224000000e-01
0	 4.250000000000001e+01	 2.250000000000000e+01	-1.658028089172501e-01	 2.047591452375000e-01
0	 4.250000000000001e+01	 2.500000000000000e+01	-1.657891410750000e-01	 2.275076697500000e-01
0	 4.250000000000000e+01	 2.750000000000000e+01	-1.657745040982500e-01	 2.502562187025000e-01
0	 4.250000000000001e+01	 3.000000000000000e+01	-1.657589579380001e-01	 2.730053148600001e-01
0	 4.250000000000001e+01	 3.250000000000001e+01	-1.657425025942501e-01	 2.957549582225001e-01
0	 4.250000000000001e+01	 3.500000000000001e+01	-1.657251380670001e-01	 3.185051487900001e-01
0	 4.250000000000001e+01	 3.750000000000001e+01	-1.657068643562501e-01	 3.412558865625001e-01
0	 4.250000000000001e+01	 4.000000000000001e+01	-1.656876814620001e-01	 3.640071715400001e-01
0	 4.250000000000002e+01	 4.250000000000001e+01	-1.656675893842501e-01	 3.867590037225002e-01
0	 4.250000000000001e+01	 4.500000000000001e+01	-1.656465881230000e-01	 4.095113831100002e-01
0	 4.250000000000001e+01	 4.750000000000001e+01	-1.656246776782501e-01	 4.322643097025002e-01
0	 4.250000000000001e+01	 5.000000000000000e+01	-1.656018580500001e-01	 4.550177835000000e-01
0	 4.500000000000001e+01	 0.000000000000000e+00	-1.756300314000001e-01	 0.000000000000000e+00
0	 4.500000000000002e+01	 2.500000000000000e+00	-1.756254589010001e-01	 2.275009785000000e-02
0	 4.500000000000002e+01	 5.000000000000001e+00	-1.756198547640001e-01	 4.550002020000000e-02
0	 4.500000000000003e+01	 7.500000000000001e+00	-1.756132189890001e-01	 6.824976705000002e-02
0	 4.500000000000001e+01	 1.000000000000000e+01	-1.756055515760001e-01	 9.099933840000000e-02
0	 4.500000000000002e+01	 1.250000000000000e+01	-1.755968525250000e-01	 1.137487342500000e-01
0	 4.500000000000001e+01	 1.500000000000000e+01	-1.755871218360000e-01	 1.364979546000000e-01
0	 4.500000000000001e+01	 1.750000000000000e+01	-1.755763595090001e-01	 1.592469994500000e-01
0	 4.500000000000002e+01	 2.000000000000000e+01	-1.755645655440001e-01	 1.819958688000000e-01
0	 4.500000000000001e+01	 2.250000000000000e+01	-1.755517399410001e-01	 2.047445626500000e-01
0	 4.500000000000001e+01	 2.500000000000000e+01	-1.755378827000001e-01	 2.274930810000000e-01
0	 4.500000000000002e+01	 2.750000000000000e+01	-1.755231161770001e-01	 2.502416753900000e-01
0	 4.500000000000001e+01	 3.000000000000000e+01	-1.755075627280001e-01	 2.729905973600000e-01
0	 4.500000000000001e+01	 3.250000000000001e+01	-1.754912223530001e-01	 2.957398469100000e-01
0	 4.500000000000001e+01	 3.500000000000001e+01	-1.754740950520000e-01	 3.184894240400001e-01
0	 4.500000000000002e+01	 3.750000000000001e+01	-1.754561808250001e-01	 3.412393287500001e-01
0	 4.500000000000003e+01	 4.000000000000001e+01	-1.754374796720001e-01	 3.639895610400002e-01
0	 4.500000000000001e+01	 4.250000000000001e+01	-1.754179915930001e-01	 3.867401209100002e-01
0	 4.500000000000001e+01	 4.500000000000001e+01	-1.753977165880001e-01	 4.094910083600002e-01
0	 4.500000000000001e+01	 4.750000000000001e+01	-1.753766546570001e-01	 4.322422233900002e-01
0	 4.500000000000001e+01	 5.000000000000000e+01	-1.753548058000001e-01	 4.549937660000001e-01
0	 4.750000000000002e+01	 0.000000000000000e+00	-1.853805278500001e-01	 0.000000000000000e+00
0	 4.750000000000003e+01	 2.500000000000000e+00	-1.853755853752501e-01	 2.274639453750000e-02
0	 4.750000000000001e+01	 5.000000000000000e+00	-1.853696102910001e-01	 4.549309935000000e-02
0	 4.750000000000001e+01	 7.500000000000000e+00	-1.853626025972501e-01	 6.824011443750000e-02
0	 4.750000000000003e+01	 1.000000000000000e+01	-1.853545622940001e-01	 9.098743980000003e-02
0	 4.750000000000002e+01	 1.250000000000000e+01	-1.853454893812501e-01	 1.137350754375000e-01
0	 4.750000000000002e+01	 1.500000000000000e+01	-1.853353838590001e-01	 1.364830213500000e-01
0	 4.750000000000001e+01	 1.750000000000000e+01	-1.853242457272501e-01	 1.592312775375000e-01
0	 4.750000000000002e+01	 2.000000000000000e+01	-1.853120749860001e-01	 1.819798440000000e-01
0	 4.750000000000002e+01	 2.250000000000000e+01	-1.852988716352501e-01	 2.047287207375000e-01
0	 4.750000000000001e+01	 2.500000000000000e+01	-1.852846356750001e-01	 2.274779077500000e-01
0	 4.750000000000003e+01	 2.750000000000000e+01	-1.852696191442501e-01	 2.502272163225001e-01
0	 4.750000000000002e+01	 3.000000000000001e+01	-1.852540740820001e-01	 2.729764577400001e-01
0	 4.750000000000001e+01	 3.250000000000000e+01	-1.852380004882501e-01	 2.957256320025001e-01
0	 4.750000000000001e+01	 3.500000000000000e+01	-1.852213983630001e-01	 3.184747391100000e-01
0	 4.750000000000002e+01	 3.750000000000001e+01	-1.852042677062501e-01	 3.412237790625001e-01
0	 4.750000000000001e+01	 4.000000000000001e+01	-1.851866085180001e-01	 3.639727518600001e-01
0	 4.750000000000001e+01	 4.250000000000001e+01	-1.851684207982501e-01	 3.867216575025001e-01
0	 4.750000000000002e+01	 4.500000000000002e+01	-1.851497045470001e-01	 4.094704959900002e-01
0	 4.750000000000002e+01	 4.750000000000002e+01	-1.851304597642501e-01	 4.322192673225002e-01
0	 4.750000000000002e+01	 5.000000000000000e+01	-1.851106864500001e-01	 4.549679715000000e-01
0	 5.000000000000000e+01	 0.000000000000000e+00	-1.951310000000000e-01	 0.000000000000000e+00
0	 5.000000000000000e+01	 2.500000000000000e+00	-1.951254840000000e-01	 2.274189950000000e-02
0	 5.000000000000000e+01	 5.000000000000000e+00	-1.951189360000000e-01	 4.548475800000001e-02
0	 5.000000000000000e+01	 7.500000000000000e+00	-1.951113560000000e-01	 6.822857550000001e-02
0	 5.000000000000000e+01	 1.000000000000000e+01	-1.951027440000000e-01	 9.097335200000001e-02
0	 5.000000000000000e+01	 1.250000000000000e+01	-1.950931000000000e-01	 1.137190875000000e-01
0	 4.999999999999999e+01	 1.500000000000000e+01	-1.950824240000000e-01	 1.364657820000000e-01
0	 5.000000000000000e+01	 1.750000000000000e+01	-1.950707160000000e-01	 1.592134355000000e-01
0	 5.000000000000001e+01	 2.000000000000000e+01	-1.950579760000000e-01	 1.819620480000000e-01
0	 5.000000000000000e+01	 2.250000000000000e+01	-1.950442040000000e-01	 2.047116195000000e-01
0	 5.000000000000000e+01	 2.500000000000000e+01	-1.950294000000000e-01	 2.274621500000000e-01
0	 5.000000000000000e+01	 2.750000000000000e+01	-1.950140130000000e-01	 2.502128415000001e-01
0	 5.000000000000000e+01	 3.000000000000000e+01	-1.949984920000000e-01	 2.729628960000001e-01
0	 4.999999999999999e+01	 3.250000000000001e+01	-1.949828370000000e-01	 2.957123135000001e-01
0	 5.000000000000000e+01	 3.500000000000001e+01	-1.949670480000000e-01	 3.184610940000001e-01
0	 5.000000000000000e+01	 3.750000000000001e+01	-1.949511250000000e-01	 3.412092375000001e-01
0	 5.000000000000000e+01	 4.000000000000001e+01	-1.949350680000000e-01	 3.639567440000001e-01
0	 5.000000000000000e+01	 4.250000000000001e+01	-1.949188770000000e-01	 3.867036135000002e-01
0	 5.000000000000000e+01	 4.500000000000001e+01	-1.949025520000000e-01	 4.094498460000002e-01
0	 5.000000000000000e+01	 4.750000000000002e+01	-1.948860930000000e-01	 4.321954415000002e-01
0	 5.000000000000000e+01	 5.000000000000000e+01	-1.948695000000000e-01	 4.549404000000000e-01
1	 1.000000000000000e+00	 0.000000000000000e+00	-1.066035000000000e-03	 0.000000000000000e+00
1	 9.974284469061117e-01	 7.166933307459909e-02	-1.054520077212768e-03	 6.140958329365618e-04
1	 9.894434504821962e-01	 1.449194890321757e-01	-1.044417115287564e-03	 1.227166941268176e-03
1	 9.756838834622871e-01	 2.191824800466296e-01	-1.035936020539503e-03	 1.833308868820861e-03
1	 9.558632461088633e-01	 2.938119377266979e-01	-1.029276957871486e-03	 2.426140891348258e-03
1	 9.297883010654997e-01	 3.680947095788114e-01	-1.024622562733188e-03	 2.998957197713230e-03
1	 8.973756499999386e-01	 4.412674277705018e-01	-1.022129938813684e-03	 3.544915563094500e-03
1	 8.586647592151359e-01	 5.125376389217220e-01	-1.021922976404896e-03	 4.057255889725708e-03
1	 8.138260360595577e-01	 5.811085811322338e-01	-1.024085583281648e-03	 4.529536893267826e-03
1	 7.631628410951806e-01	 6.462062194133431e-01	-1.028656413515557e-03	 4.955875866282666e-03
1	 7.071067811999999e-01	 7.071067811999999e-01	-1.035625600000000e-03	 5.331174500000000e-03
1	 6.462062194133431e-01	 7.631628410951806e-01	-1.030838117402855e-03	 5.665271842160439e-03
1	 5.811085811322337e-01	 8.138260360595578e-01	-1.000379345573785e-03	 5.968849441379445e-03
1	 5.125376389217218e-01	 8.586647592151362e-01	-9.449484470188371e-04	 6.239293785863836e-03
1	 4.412674277705015e-01	 8.973756499999388e-01	-8.657263116068371e-04	 6.474725137875505e-03
1	 3.680947095788111e-01	 9.297883010654998e-01	-7.643168884621400e-04	 6.674029203772028e-03
1	 2.938119377266974e-01	 9.558632461088634e-01	-6.426714218722670e-04	 6.836849854821790e-03
1	 2.191824800466292e-01	 9.756838834622874e-01	-5.030019532291120e-04	 6.963546403206690e-03
1	 1.449194890321752e-01	 9.894434504821961e-01	-3.476907508370782e-04	 7.055121659503513e-03
1	 7.166933307459851e-02	 9.974284469061118e-01	-1.792018701150714e-04	 7.113128712398422e-03
1	 0.000000000000000e+00	 1.000000000000000e+00	 0.000000000000000e+00	 7.139565000000000e-03
1	 1.050000000000000e+00	 0.000000000000000e+00	-1.178135596500000e-03	 0.000000000000000e+00
1	 1.047299869251417e+00	 7.525279972832902e-02	-1.136595730053093e-03	 4.987454267158544e-04
1	 1.038915623006306e+00	 1.521654634837845e-01	-1.093889941038060e-03	 1.004520582023877e-03
1	 1.024468077635402e+00	 2.301416040489612e-01	-1.050329656142622e-03	 1.513090021373264e-03
1	 1.003656408414306e+00	 3.085025346130328e-01	-1.006275079002127e-03	 2.019726091363385e-03
1	 9.762777161187748e-01	 3.864994450577520e-01	-9.621293567798874e-04	 2.519303752636429e-03
1	 9.422444324999355e-01	 4.633307991590269e-01	-9.183297771645843e-04	 3.006428611325959e-03
1	 9.015979971758928e-01	 5.381645208678082e-01	-8.753361638937218e-04	 3.475594179385359e-03
1	 8.545173378625356e-01	 6.101640101888454e-01	-8.336169337457665e-04	 3.921360943903308e-03
1	 8.013209831499400e-01	 6.785165303840103e-01	-7.936335656806508e-04	 4.338546716979848e-03
1	 7.424621202600000e-01	 7.424621202600000e-01	-7.558244678000000e-04	 4.722415497800000e-03
1	 6.785165303840103e-01	 8.013209831499398e-01	-7.141147105765195e-04	 5.075191888914057e-03
1	 6.101640101888454e-01	 8.545173378625355e-01	-6.625091267618281e-04	 5.399736282784195e-03
1	 5.381645208678080e-01	 9.015979971758930e-01	-6.016813682127186e-04	 5.693187820685201e-03
1	 4.633307991590265e-01	 9.422444324999355e-01	-5.324718879593448e-04	 5.953385139773646e-03
1	 3.864994450577515e-01	 9.762777161187746e-01	-4.558534261944320e-04	 6.178908719338473e-03
1	 3.085025346130323e-01	 1.003656408414306e+00	-3.728920910874202e-04	 6.369084800924065e-03
1	 2.301416040489606e-01	 1.024468077635402e+00	-2.847069630944674e-04	 6.523953601728934e-03
1	 1.521654634837840e-01	 1.038915623006306e+00	-1.924309894936997e-04	 6.644207362906861e-03
1	 7.525279972832843e-02	 1.047299869251417e+00	-9.717549361526463e-05	 6.731105651220260e-03
1	 0.000000000000000e+00	 1.050000000000000e+00	 0.000000000000000e+00	 6.786376155000000e-03
1	 1.100000000000000e+00	 0.000000000000000e+00	-1.264597786000000e-03	 0.000000000000000e+00
1	 1.097171291596723e+00	 7.883626638205897e-02	-1.197378379542850e-03	 3.943434177501016e-04
1	 1.088387795530416e+00	 1.594114379353933e-01	-1.126738852913763e-03	 8.027137031098962e-04
1	 1.073252271808516e+00	 2.411007280512926e-01	-1.053073942058994e-03	 1.222365154610131e-03
1	 1.051449570719750e+00	 3.231931314993677e-01	-9.768778713893542e-04	 1.650049360025766e-03
1	 1.022767131172050e+00	 4.049041805366925e-01	-8.987403677928402e-04	 2.082060051627595e-03
1	 9.871132149999328e-01	 4.853941705475520e-01	-8.193373311786260e-04	 2.514307190321353e-03
1	 9.445312351366494e-01	 5.637914028138941e-01	-7.394160020193276e-04	 2.942419515456168e-03
1	 8.952086396655135e-01	 6.392194392454570e-01	-6.597749653898251e-04	 3.361871955869097e-03
1	 8.394791252046989e-01	 7.108268413546777e-01	-5.812398727839163e-04	 3.768131419245007e-03
1	 7.778174593199999e-01	 7.778174593199999e-01	-5.046362712000001e-04	 4.156811999199999e-03
1	 7.108268413546777e-01	 8.394791252046987e-01	-4.310188674083409e-04	 4.523440478562729e-03
1	 6.392194392454570e-01	 8.952086396655136e-01	-3.613813051843949e-04	 4.863994570541423e-03
1	 5.637914028138938e-01	 9.445312351366496e-01	-2.963690377730231e-04	 5.175418302616368e-03
1	 4.853941705475517e-01	 9.871132149999329e-01	-2.365175884019151e-04	 5.455321085465864e-03
1	 4.049041805366921e-01	 1.022767131172050e+00	-1.822394511459727e-04	 5.702029004535321e-03
1	 3.231931314993673e-01	 1.051449570719750e+00	-1.338177179652144e-04	 5.914598385154989e-03
1	 2.411007280512920e-01	 1.073252271808516e+00	-9.140633392013999e-05	 6.092793655224511e-03
1	 1.594114379353928e-01	 1.088387795530416e+00	-5.503631843415978e-05	 6.237034420137589e-03
1	 7.883626638205836e-02	 1.097171291596723e+00	-2.462686698651467e-05	 6.348318669523509e-03
1	 0.000000000000000e+00	 1.100000000000000e+00	 0.000000000000000e+00	 6.428130019999999e-03
1	 1.150000000000000e+00	 0.000000000000000e+00	-1.325421568500000e-03	 0.000000000000000e+00
1	 1.147042713942029e+00	 8.241973303578898e-02	-1.236868025682041e-03	 3.008898060393033e-04
1	 1.137859968054525e+00	 1.666574123870021e-01	-1.142963850914673e-03	 6.217463045262355e-04
1	 1.122036465981631e+00	 2.520598520536241e-01	-1.044168878288621e-03	 9.611342685314621e-04
1	 1.099242733025193e+00	 3.378837283857026e-01	-9.410853350331673e-04	 1.317110697335399e-03
1	 1.069256546225325e+00	 4.233089160156331e-01	-8.344555957720464e-04	 1.687226094686729e-03
1	 1.031981997499930e+00	 5.074575419360771e-01	-7.251526008558094e-04	 2.068551300080680e-03
1	 9.874644730974065e-01	 5.894182847599803e-01	-6.141624907817140e-04	 2.457731897938140e-03
1	 9.358999414684912e-01	 6.682748683020687e-01	-5.025596782138235e-04	 2.851069929165190e-03
1	 8.776372672594579e-01	 7.431371523253446e-01	-3.914753348253542e-04	 3.244629973078142e-03
1	 8.131727983800001e-01	 8.131727983800001e-01	-2.820610102000000e-04	 3.634364004200001e-03
1	 7.431371523253445e-01	 8.776372672594577e-01	-1.815505878983192e-04	 4.010017611106450e-03
1	 6.682748683020688e-01	 9.358999414684913e-01	-9.699588084148569e-05	 4.361624304651133e-03
1	 5.894182847599800e-01	 9.874644730974066e-01	-2.901145569975046e-05	 4.685985231657336e-03
1	 5.074575419360768e-01	 1.031981997499930e+00	 2.213658706545280e-05	 4.980532974952156e-03
1	 4.233089160156328e-01	 1.069256546225325e+00	 5.652503668323809e-05	 5.243390059362566e-03
1	 3.378837283857022e-01	 1.099242733025193e+00	 7.455169749435104e-05	 5.473390607514559e-03
1	 2.520598520536236e-01	 1.122036465981630e+00	 7.689993429387008e-05	 5.670066563693425e-03
1	 1.666574123870015e-01	 1.137859968054526e+00	 6.449326234154156e-05	 5.833602831195698e-03
1	 8.241973303578828e-02	 1.147042713942028e+00	 3.844400977117857e-05	 5.964767767308159e-03
1	 0.000000000000000e+00	 1.150000000000000e+00	 0.000000000000000e+00	 6.064826595000000e-03
1	 1.200000000000000e+00	 0.000000000000000e+00	-1.360606944000000e-03	 0.000000000000000e+00
1	 1.196914136287334e+00	 8.600319968951889e-02	-1.255064668470663e-03	 2.183845915834595e-04
1	 1.187332140578636e+00	 1.739033868386109e-01	-1.142564935040790e-03	 4.616183862728943e-04
1	 1.170820660154745e+00	 2.630189760559555e-01	-1.023614464831501e-03	 7.293973631372565e-04
1	 1.147035895330636e+00	 3.525743252720376e-01	-8.988974699335663e-04	 1.020910103292286e-03
1	 1.115745961278600e+00	 4.417136514945736e-01	-7.692750407175064e-04	 1.334801881813832e-03
1	 1.076850779999926e+00	 5.295209133246022e-01	-6.357755861961346e-04	 1.669160940603942e-03
1	 1.030397711058163e+00	 6.150451667060663e-01	-4.995756301808808e-04	 2.021531326831271e-03
1	 9.765912432714694e-01	 6.973302973586805e-01	-3.619710722177623e-04	 2.388954863791590e-03
1	 9.157954093142165e-01	 7.754474632960119e-01	-2.243399518049641e-04	 2.768042378479254e-03
1	 8.485281374399999e-01	 8.485281374400000e-01	-8.809868479999993e-05	 3.155071512800000e-03
1	 7.754474632960119e-01	 9.157954093142165e-01	 3.429012795354516e-05	 3.534923286545226e-03
1	 6.973302973586805e-01	 9.765912432714694e-01	 1.306471462668998e-04	 3.892625485113322e-03
1	 6.150451667060661e-01	 1.030397711058163e+00	 2.003913780070992e-04	 4.224888607808109e-03
1	 5.295209133246019e-01	 1.076850779999927e+00	 2.434906384427582e-04	 4.529020808232522e-03
1	 4.417136514945732e-01	 1.115745961278600e+00	 2.604400372932002e-04	 4.802991883820208e-03
1	 3.525743252720369e-01	 1.147035895330636e+00	 2.522161552912754e-04	 5.045461468002777e-03
1	 2.630189760559550e-01	 1.170820660154745e+00	 2.202118415475626e-04	 5.255772327135674e-03
1	 1.739033868386103e-01	 1.187332140578635e+00	 1.661577528334043e-04	 5.433912596081190e-03
1	 8.600319968951822e-02	 1.196914136287334e+00	 9.203713665781510e-05	 5.580452944574219e-03
1	 0.000000000000000e+00	 1.200000000000000e+00	 0.000000000000000e+00	 5.696465880000000e-03
1	 1.250000000000000e+00	 0.000000000000000e+00	-1.370153912500000e-03	 0.000000000000000e+00
1	 1.246785558632640e+00	 8.958666634324886e-02	-1.251968307908718e-03	 1.468277743825704e-04
1	 1.236804313102745e+00	 1.811493612902196e-01	-1.125542105292114e-03	 3.223299483498727e-04
1	 1.219604854327859e+00	 2.739781000582870e-01	-9.914107016876356e-04	 5.271544384275148e-04
1	 1.194829057636079e+00	 3.672649221583723e-01	-8.503142760905512e-04	 7.614475778964247e-04
1	 1.162235376331875e+00	 4.601183869735143e-01	-7.031987026292200e-04	 1.024787413008902e-03
1	 1.121719562499923e+00	 5.515842847131273e-01	-5.512062871996015e-04	 1.316136111891139e-03
1	 1.073330949018920e+00	 6.406720486521524e-01	-3.956554202168279e-04	 1.633817802135564e-03
1	 1.017282545074447e+00	 7.263857264152922e-01	-2.380091474016411e-04	 1.975526759748295e-03
1	 9.539535513689759e-01	 8.077577742666791e-01	-7.983372372274663e-05	 2.338368635448344e-03
1	 8.838834765000001e-01	 8.838834765000001e-01	 7.725070500000000e-05	 2.718934525000000e-03
1	 8.077577742666791e-01	 9.539535513689759e-01	 2.165032801472526e-04	 3.098157504879057e-03
1	 7.263857264152920e-01	 1.017282545074447e+00	 3.215477761407614e-04	 3.456998111927990e-03
1	 6.406720486521522e-01	 1.073330949018920e+00	 3.918394633475257e-04	 3.792128431068683e-03
1	 5.515842847131269e-01	 1.121719562499923e+00	 4.275445657300015e-04	 4.100784585306966e-03
1	 4.601183869735139e-01	 1.162235376331875e+00	 4.295055506839138e-04	 4.380834477908250e-03
1	 3.672649221583719e-01	 1.194829057636079e+00	 3.991756554255591e-04	 4.630810966619646e-03
1	 2.739781000582865e-01	 1.219604854327859e+00	 3.385293878409379e-04	 4.849910945551258e-03
1	 1.811493612902190e-01	 1.236804313102745e+00	 2.499571530414284e-04	 5.037963714794060e-03
1	 8.958666634324813e-02	 1.246785558632639e+00	 1.361525136733948e-04	 5.195374201321682e-03
1	 0.000000000000000e+00	 1.250000000000000e+00	 0.000000000000000e+00	 5.323047875000000e-03
1	 1.300000000000000e+00	 0.000000000000000e+00	-1.354062474000000e-03	 0.000000000000000e+00
1	 1.296656980977945e+00	 9.317013299697879e-02	-1.227578943996206e-03	 8.621935443663584e-05
1	 1.286276485626855e+00	 1.883953357418285e-01	-1.091895361668646e-03	 2.038809907571707e-04
1	 1.268389048500973e+00	 2.849372240606185e-01	-9.475575888570241e-04	 3.544054944022369e-04
1	 1.242622219941523e+00	 3.819555190447073e-01	-7.953357535041224e-04	 5.387231211478173e-04
1	 1.208724791385150e+00	 4.785231224524548e-01	-6.362265815071875e-04	 7.571826882719413e-04
1	 1.166588344999920e+00	 5.736476561016522e-01	-4.714447038662100e-04	 1.009476813942270e-03
1	 1.116264186979677e+00	 6.662989305982384e-01	-3.024018608895552e-04	 1.294591323851018e-03
1	 1.057973846877425e+00	 7.554411554719040e-01	-1.306739037654599e-04	 1.610785617035306e-03
1	 9.921116934237348e-01	 8.400680852373460e-01	 4.204334942129891e-05	 1.955608743985409e-03
1	 9.192388155600000e-01	 9.192388155600000e-01	 2.139871591999999e-04	 2.325953040800000e-03
1	 8.400680852373460e-01	 9.921116934237345e-01	 3.650888686828029e-04	 2.699720266107939e-03
1	 7.554411554719038e-01	 1.057973846877425e+00	 4.757060087800992e-04	 3.054742185095138e-03
1	 6.662989305982382e-01	 1.116264186979677e+00	 5.453328003215294e-04	 3.387704701439058e-03
1	 5.736476561016520e-01	 1.166588344999921e+00	 5.742983689271826e-04	 3.695824306175486e-03
1	 4.785231224524545e-01	 1.208724791385150e+00	 5.637215768553787e-04	 3.976917841626688e-03
1	 3.819555190447068e-01	 1.242622219941523e+00	 5.154301978972019e-04	 4.229439103365163e-03
1	 2.849372240606178e-01	 1.268389048500973e+00	 4.318525731739957e-04	 4.452482418940177e-03
1	 1.883953357418278e-01	 1.286276485626855e+00	 3.158914629656141e-04	 4.645756187334315e-03
1	 9.317013299697806e-02	 1.296656980977945e+00	 1.707901408179178e-04	 4.809531537550552e-03
1	 0.000000000000000e+00	 1.300000000000000e+00	 0.000000000000000e+00	 4.944572580000000e-03
1	 1.350000000000000e+00	 0.000000000000000e+00	-1.312332628500000e-03	 0.000000000000000e+00
1	 1.346528403323251e+00	 9.675359965070877e-02	-1.181896576733127e-03	 3.655933174565579e-05
1	 1.335748658150965e+00	 1.956413101934372e-01	-1.041624704170383e-03	 1.062715134947880e-04
1	 1.317173242674088e+00	 2.958963480629500e-01	-8.920551263396664e-04	 2.111505310614225e-04
1	 1.290415382246966e+00	 3.966461159310422e-01	-7.339619021742795e-04	 3.527367330464624e-04
1	 1.255214206438424e+00	 4.969278579313953e-01	-5.683586773514084e-04	 5.319877076029476e-04
1	 1.211457127499917e+00	 5.957110274901773e-01	-3.964908361959602e-04	 7.491830467573363e-04
1	 1.159197424940433e+00	 6.919258125443246e-01	-2.198149521990630e-04	 1.003851891977632e-03
1	 1.098665148680403e+00	 7.844965845285155e-01	-3.996534130921884e-05	 1.294731435652621e-03
1	 1.030269835478494e+00	 8.723783962080134e-01	 1.412912676271722e-04	 1.619762704090453e-03
1	 9.545941546199999e-01	 9.545941546199999e-01	 3.221106777999999e-04	 1.976127060200000e-03
1	 8.723783962080134e-01	 1.030269835478494e+00	 4.800468935601965e-04	 2.339611570231875e-03
1	 7.844965845285155e-01	 1.098665148680403e+00	 5.931218441849133e-04	 2.685857704614764e-03
1	 6.919258125443244e-01	 1.159197424940434e+00	 6.608713889291101e-04	 3.011617418919235e-03
1	 5.957110274901771e-01	 1.211457127499917e+00	 6.837520480343018e-04	 3.314139970838080e-03
1	 4.969278579313949e-01	 1.255214206438425e+00	 6.630881158075951e-04	 3.591241974975526e-03
1	 3.966461159310416e-01	 1.290415382246966e+00	 6.009797827062043e-04	 3.841345878239327e-03
1	 2.958963480629493e-01	 1.317173242674088e+00	 5.001813975467362e-04	 4.063486747302428e-03
1	 1.956413101934365e-01	 1.335748658150965e+00	 3.639606826059612e-04	 4.257290013701950e-03
1	 9.675359965070797e-02	 1.346528403323251e+00	 1.959500180913841e-04	 4.422924953260830e-03
1	 0.000000000000000e+00	 1.350000000000000e+00	 0.000000000000000e+00	 4.561039995000000e-03
1	 1.400000000000000e+00	 0.000000000000000e+00	-1.244964376000000e-03	 0.000000000000000e+00
1	 1.396399825668556e+00	 1.003370663044387e-01	-1.114921206119479e-03	-2.152293690369699e-06
1	 1.385220830675074e+00	 2.028872846450460e-01	-9.747301327973280e-04	 2.950151656272503e-05
1	 1.365957436847202e+00	 3.068554720652816e-01	-8.249033141355625e-04	 9.738954840507185e-05
1	 1.338208544552408e+00	 4.113367128173769e-01	-6.661927221010227e-04	 2.034884135923605e-04
1	 1.301703621491700e+00	 5.153325934103359e-01	-4.995949901618828e-04	 3.492024710019224e-04
1	 1.256325909999914e+00	 6.177743988787024e-01	-3.263446841888522e-04	 5.352548103363369e-04
1	 1.202130662901190e+00	 7.175526944904107e-01	-1.478946941453511e-04	 7.615995065154072e-04
1	 1.139356450483381e+00	 8.135520135851273e-01	 3.411653996708215e-05	 1.027364215600243e-03
1	 1.068427977533253e+00	 9.046887071786804e-01	 2.179100308948732e-04	 1.330830515763472e-03
1	 9.899494936799998e-01	 9.899494936799998e-01	 4.016212608000000e-04	 1.669456583200000e-03
1	 9.046887071786804e-01	 1.068427977533253e+00	 5.613773547794331e-04	 2.017831417250865e-03
1	 8.135520135851272e-01	 1.139356450483381e+00	 6.737952823552037e-04	 2.350344670486872e-03
1	 7.175526944904106e-01	 1.202130662901191e+00	 7.384552291702679e-04	 2.663866583509214e-03
1	 6.177743988787022e-01	 1.256325909999914e+00	 7.559056030513587e-04	 2.955731579294751e-03
1	 5.153325934103354e-01	 1.301703621491700e+00	 7.276051675405630e-04	 3.223806877954761e-03
1	 4.113367128173764e-01	 1.338208544552409e+00	 6.558244098525656e-04	 3.466531291242139e-03
1	 3.068554720652807e-01	 1.365957436847202e+00	 5.435158609591595e-04	 3.682923930638016e-03
1	 2.028872846450453e-01	 1.385220830675075e+00	 3.941648119624697e-04	 3.872565193896965e-03
1	 1.003370663044379e-01	 1.396399825668556e+00	 2.116321454937936e-04	 4.035554448452513e-03
1	 0.000000000000000e+00	 1.400000000000000e+00	 0.000000000000000e+00	 4.172450120000001e-03
1	 1.450000000000000e+00	 0.000000000000000e+00	-1.151957716500000e-03	 0.000000000000000e+00
1	 1.446271248013862e+00	 1.039205329581687e-01	-1.026652832155265e-03	-2.991552187144062e-05
1	 1.434693003199184e+00	 2.101332590966548e-01	-8.912116475494798e-04	-2.642900003901855e-05
1	 1.414741631020316e+00	 3.178145960676129e-01	-7.461021522447122e-04	 1.312254643318485e-05
1	 1.386001706857852e+00	 4.260273097037119e-01	-5.920282132843514e-04	 9.097816278551152e-05
1	 1.348193036544975e+00	 5.337373288892765e-01	-4.299355199386108e-04	 2.088269784688650e-04
1	 1.301194692499911e+00	 6.398377702672277e-01	-2.610062478448860e-04	 3.676921046792717e-04
1	 1.245063900861947e+00	 7.431795764364967e-01	-8.664108672841973e-05	 5.678341674643429e-04
1	 1.180047752286359e+00	 8.426074426417389e-01	 9.157174006344317e-05	 8.086839568781701e-04
1	 1.106586119588012e+00	 9.369990181493476e-01	 2.718996392244021e-04	 1.088812179004469e-03
1	 1.025304832740000e+00	 1.025304832740000e+00	 4.525189082000000e-04	 1.405941609800001e-03
1	 9.369990181493476e-01	 1.106586119588012e+00	 6.090802523405127e-04	 1.734379807164907e-03
1	 8.426074426417389e-01	 1.180047752286359e+00	 7.177263232909702e-04	 2.048203082711459e-03
1	 7.431795764364966e-01	 1.245063900861947e+00	 7.780843210450027e-04	 2.344452195208994e-03
1	 6.398377702672271e-01	 1.301194692499911e+00	 7.907590339783533e-04	 2.620599131545498e-03
1	 5.337373288892761e-01	 1.348193036544975e+00	 7.572727320542823e-04	 2.874612550564395e-03
1	 4.260273097037113e-01	 1.386001706857852e+00	 6.799640793362863e-04	 3.104995342373600e-03
1	 3.178145960676123e-01	 1.414741631020317e+00	 5.618559634112654e-04	 3.310793968946939e-03
1	 2.101332590966540e-01	 1.434693003199184e+00	 4.065038510351396e-04	 3.491581727919361e-03
1	 1.039205329581678e-01	 1.446271248013862e+00	 2.178365230251463e-04	 3.647420023125602e-03
1	 0.000000000000000e+00	 1.450000000000000e+00	 0.000000000000000e+00	 3.778802955000000e-03
1	 1.500000000000000e+00	 0.000000000000000e+00	-1.033312650000000e-03	 0.000000000000000e+00
1	 1.496142670359167e+00	 1.075039996118986e-01	-9.170914548404825e-04	-4.673035279755702e-05
1	 1.484165175723294e+00	 2.173792335482636e-01	-7.910692484268378e-04	-6.152003631044258e-05
1	 1.463525825193431e+00	 3.287737200699445e-01	-6.556516406671161e-04	-4.165047485423857e-05
1	 1.433794869163295e+00	 4.407179065900469e-01	-5.114683757242666e-04	 1.520598062591545e-05
1	 1.394682451598249e+00	 5.521420643682171e-01	-3.593802666815925e-04	 1.108612300037755e-04
1	 1.346063474999908e+00	 6.619011416557526e-01	-2.004755271640614e-04	 2.464949297861410e-04
1	 1.287997138822704e+00	 7.688064583825828e-01	-3.605412994826859e-05	 4.225558748244394e-04
1	 1.220739054089337e+00	 8.716628716983507e-01	 1.324002589798640e-04	 6.386906594864024e-04
1	 1.144744261642771e+00	 9.693093291200147e-01	 3.032600926157586e-04	 8.937076938134420e-04
1	 1.060660171800000e+00	 1.060660171800000e+00	 4.748036200000000e-04	 1.185582140000000e-03
1	 9.693093291200148e-01	 1.144744261642771e+00	 6.231555862434350e-04	 1.489256739974002e-03
1	 8.716628716983505e-01	 1.220739054089337e+00	 7.249149669922130e-04	 1.779432941288524e-03
1	 7.688064583825827e-01	 1.287997138822704e+00	 7.797586645533145e-04	 2.053374254018576e-03
1	 6.619011416557522e-01	 1.346063474999908e+00	 7.883123408152860e-04	 2.308742627590319e-03
1	 5.521420643682166e-01	 1.394682451598250e+00	 7.520908093487529e-04	 2.543658992804426e-03
1	 4.407179065900462e-01	 1.433794869163295e+00	 6.733987911573663e-04	 2.756738031633709e-03
1	 3.287737200699437e-01	 1.463525825193431e+00	 5.552017049030540e-04	 2.947096862229196e-03
1	 2.173792335482628e-01	 1.484165175723294e+00	 4.009777998239709e-04	 3.114339615769140e-03
1	 1.075039996118978e-01	 1.496142670359168e+00	 2.145631506854423e-04	 3.258521677280096e-03
1	 0.000000000000000e+00	 1.500000000000000e+00	 0.000000000000000e+00	 3.380098500000000e-03
1	 1.550000000000000e+00	 0.000000000000000e+00	-9.046616805000000e-04	 0.000000000000000e+00
1	 1.546014092704469e+00	 1.110874662654662e-01	-7.997334492010185e-04	-5.646961833835662e-05
1	 1.533637348247386e+00	 2.246252079995661e-01	-6.855496354885353e-04	-8.310900244297603e-05
1	 1.512310019366504e+00	 3.397328440718470e-01	-5.624474564815725e-04	-7.725739795636855e-05
1	 1.481588031468662e+00	 4.554085034758543e-01	-4.309719402284111e-04	-3.660891223271634e-05
1	 1.441171866651405e+00	 5.705467998465584e-01	-2.918836337182743e-04	 4.066782891574282e-05
1	 1.390932257499730e+00	 6.839645130436354e-01	-1.461565953280924e-04	 1.558170119282327e-04
1	 1.330930376783220e+00	 7.944333403280142e-01	 5.034679666798930e-06	 3.093990235853041e-04
1	 1.261430355891996e+00	 9.007183007543268e-01	 1.603399168838712e-04	 5.012189178375850e-04
1	 1.182902403697125e+00	 1.001619640090098e+00	 3.182687800196445e-04	 7.302878134089730e-04
1	 1.096015510859500e+00	 1.096015510859500e+00	 4.772360033999999e-04	 9.948227723999997e-04
1	 1.001619640090098e+00	 1.182902403697125e+00	 6.144594272474603e-04	 1.271001256405222e-03
1	 9.007183007543265e-01	 1.261430355891997e+00	 7.076015178978735e-04	 1.534762635453614e-03
1	 7.944333403280139e-01	 1.330930376783220e+00	 7.563883503003718e-04	 1.783621765606426e-03
1	 6.839645130436350e-01	 1.390932257499730e+00	 7.614421377198445e-04	 2.015458522462090e-03
1	 5.705467998465579e-01	 1.441171866651405e+00	 7.242239015716273e-04	 2.228572547226090e-03
1	 4.554085034758538e-01	 1.481588031468663e+00	 6.469388129365764e-04	 2.421714458809362e-03
1	 3.397328440718463e-01	 1.512310019366504e+00	 5.324133927644903e-04	 2.594093282298936e-03
1	 2.246252079995652e-01	 1.533637348247386e+00	 3.839552851079521e-04	 2.745361927898570e-03
1	 1.110874662654652e-01	 1.546014092704469e+00	 2.052064966308787e-04	 2.875584185012973e-03
1	 0.000000000000000e+00	 1.550000000000000e+00	 0.000000000000000e+00	 2.985187725000000e-03
1	 1.600000000000000e+00	 0.000000000000000e+00	-7.816373119999998e-04	 0.000000000000000e+00
1	 1.595885515049761e+00	 1.146709329187088e-01	-6.880751902627577e-04	-6.300615036347728e-05
1	 1.583109520771441e+00	 2.318711824502557e-01	-5.858995087937032e-04	-9.853330862804771e-05
1	 1.561094213539494e+00	 3.506919680728917e-01	-4.753852767668804e-04	-1.040261053723754e-04
1	 1.529381193773880e+00	 4.700991003606070e-01	-3.569976376044288e-04	-7.724729513667252e-05
1	 1.487661281704320e+00	 5.889515353237011e-01	-2.314000243761024e-04	-1.639062148614429e-05
1	 1.435801039999201e+00	 7.060278844302333e-01	-9.945352551869286e-05	 7.981207737683413e-05
1	 1.373863614743253e+00	 8.200602222721357e-01	 3.779384558847967e-05	 2.119980087365449e-04
1	 1.302121657694021e+00	 9.297737298090317e-01	 1.791285339429908e-04	 3.801033263443624e-04
1	 1.221060545750672e+00	 1.033929951059013e+00	 3.232030903867612e-04	 5.833232910096432e-04
1	 1.131370849918000e+00	 1.131370849918000e+00	 4.685766655999999e-04	 8.201081055999996e-04
1	 1.033929951059013e+00	 1.221060545750672e+00	 5.938478461118479e-04	 1.068152397185637e-03
1	 9.297737298090314e-01	 1.302121657694021e+00	 6.780262804468937e-04	 1.304920554442272e-03
1	 8.200602222721353e-01	 1.373863614743253e+00	 7.208834688913424e-04	 1.528183735641006e-03
1	 7.060278844302330e-01	 1.435801039999201e+00	 7.230250388497168e-04	 1.736043271193682e-03
1	 5.889515353237006e-01	 1.487661281704320e+00	 6.858365108705570e-04	 1.926979556380618e-03
1	 4.700991003606063e-01	 1.529381193773880e+00	 6.113944122946868e-04	 2.099879723687454e-03
1	 3.506919680728909e-01	 1.561094213539494e+00	 5.023513343255394e-04	 2.254043900970306e-03
1	 2.318711824502549e-01	 1.583109520771442e+00	 3.618049336660713e-04	 2.389171734759924e-03
1	 1.146709329187079e-01	 1.595885515049761e+00	 1.931610290176527e-04	 2.505332320421208e-03
1	 0.000000000000000e+00	 1.600000000000000e+00	 0.000000000000000e+00	 2.602921599999999e-03
1	 1.650000000000000e+00	 0.000000000000000e+00	-6.642395444999996e-04	 0.000000000000000e+00
1	 1.645756937395045e+00	 1.182543995716267e-01	-5.821166780257005e-04	-6.633994887291897e-05
1	 1.632581693295462e+00	 2.391171569003328e-01	-4.921188683423422e-04	-1.077929548656577e-04
1	 1.609878407712400e+00	 3.616510920730785e-01	-3.944651015230398e-04	-1.219565971022592e-04
1	 1.577174356078946e+00	 4.847896972443047e-01	-2.895454678523194e-04	-1.067091680859531e-04
1	 1.534150696756996e+00	 6.073562707996453e-01	-1.779294386550769e-04	-6.031412120188570e-05
1	 1.480669822498322e+00	 7.280912558155466e-01	-6.036631773586293e-05	 1.848012613194545e-05
1	 1.416796852702803e+00	 8.456871042149473e-01	 6.222336781677356e-05	 1.303528302781614e-04
1	 1.342812959495410e+00	 9.588291588624651e-01	 1.887661101572230e-04	 2.753438850067349e-04
1	 1.259218687803409e+00	 1.066240262026760e+00	 3.180630237171085e-04	 4.528141266154518e-04
1	 1.166726188975500e+00	 1.166726188975500e+00	 4.488256065999999e-04	 6.614381395999997e-04
1	 1.066240262026760e+00	 1.259218687803409e+00	 5.613208428365981e-04	 8.807101623152473e-04
1	 9.588291588624649e-01	 1.342812959495410e+00	 6.361892546392732e-04	 1.089906698254499e-03
1	 8.456871042149471e-01	 1.416796852702803e+00	 6.732440203262270e-04	 1.287060164122319e-03
1	 7.280912558155463e-01	 1.480669822498323e+00	 6.730610442049034e-04	 1.470496873785097e-03
1	 6.073562707996446e-01	 1.534150696756996e+00	 6.369286372455425e-04	 1.638880020268013e-03
1	 4.847896972443040e-01	 1.577174356078946e+00	 5.667655892316982e-04	 1.791233826267985e-03
1	 3.616510920730777e-01	 1.609878407712401e+00	 4.650155295862017e-04	 1.926948718243309e-03
1	 2.391171569003319e-01	 1.632581693295462e+00	 3.345267454983288e-04	 2.045769036353201e-03
1	 1.182543995716257e-01	 1.645756937395045e+00	 1.784267478457644e-04	 2.147766083504802e-03
1	 0.000000000000000e+00	 1.650000000000000e+00	 0.000000000000000e+00	 2.233300124999999e-03
1	 1.700000000000000e+00	 0.000000000000000e+00	-5.524683779999995e-04	 0.000000000000000e+00
1	 1.695628359740320e+00	 1.218378662242196e-01	-4.818579124898471e-04	-6.647101386668168e-05
1	 1.682053865819445e+00	 2.463631313497970e-01	-4.042077141344521e-04	-1.108879411558060e-04
1	 1.658662601885224e+00	 3.726102160724075e-01	-3.196869307500509e-04	-1.310488731460200e-04
1	 1.624967518383863e+00	 4.994802941269478e-01	-2.286154309720832e-04	-1.249945310805580e-04
1	 1.580640111809432e+00	 6.257610062743908e-01	-1.314718765551980e-04	-9.110267023148161e-05
1	 1.525538604997093e+00	 7.501546271995752e-01	-2.889497197960251e-05	-2.817884180643339e-05
1	 1.459730090661871e+00	 8.713139861564491e-01	 7.832324635168055e-05	 6.446348821015372e-05
1	 1.383504261296163e+00	 9.878845879146271e-01	 1.892526455265677e-04	 1.869405938247023e-04
1	 1.297376829855338e+00	 1.098550572993339e+00	 3.028485800106864e-04	 3.387603202263994e-04
1	 1.202081528032000e+00	 1.202081528032000e+00	 4.179828264000000e-04	 5.188128743999997e-04
1	 1.098550572993339e+00	 1.297376829855338e+00	 5.168784174217107e-04	 7.086745517940538e-04
1	 9.878845879146270e-01	 1.383504261296163e+00	 5.820904404750126e-04	 8.897210668902937e-04
1	 8.713139861564487e-01	 1.459730090661871e+00	 6.134700046050248e-04	 1.060251051050363e-03
1	 7.501546271995749e-01	 1.525538604997093e+00	 6.115501537854038e-04	 1.218819330236332e-03
1	 6.257610062743901e-01	 1.580640111809432e+00	 5.775002806965836e-04	 1.364273938888272e-03
1	 4.994802941269471e-01	 1.624967518383862e+00	 5.130523437476105e-04	 1.495776766550955e-03
1	 3.726102160724066e-01	 1.658662601885224e+00	 4.204059785464768e-04	 1.612807734117942e-03
1	 2.463631313497961e-01	 1.682053865819445e+00	 3.021207206047244e-04	 1.715153832678402e-03
1	 1.218378662242187e-01	 1.695628359740320e+00	 1.610036531152137e-04	 1.802885474263755e-03
1	 0.000000000000000e+00	 1.700000000000000e+00	 0.000000000000000e+00	 1.876323299999999e-03
1	 1.750000000000000e+00	 0.000000000000000e+00	-4.463238124999996e-04	 0.000000000000000e+00
1	 1.745499782085586e+00	 1.254213328764877e-01	-3.872988936551969e-04	-6.339934534476545e-05
1	 1.731526038343393e+00	 2.536091057986486e-01	-3.221660461700328e-04	-1.078182674984926e-04
1	 1.707446796057965e+00	 3.835693400708785e-01	-2.510507644479134e-04	-1.313029335036576e-04
1	 1.672760680688627e+00	 5.141708910085359e-01	-1.742075269637200e-04	-1.321033841204873e-04
1	 1.627129526861628e+00	 6.441657417479376e-01	-9.202733807646551e-05	-1.087562685749319e-04
1	 1.570407387495513e+00	 7.722179985823191e-01	-5.039488249911627e-06	-6.016482643830240e-05
1	 1.502663328620456e+00	 8.969408680966412e-01	 8.609348119320084e-05	 1.432998253252195e-05
1	 1.424195563096281e+00	 1.016940016965519e+00	 1.805881400510250e-04	 1.148934527982647e-04
1	 1.335534971906459e+00	 1.130860883958751e+00	 2.775597592674952e-04	 2.411618718424858e-04
1	 1.237436867087500e+00	 1.237436867087500e+00	 3.760483249999997e-04	 3.922323099999995e-04
1	 1.130860883958751e+00	 1.335534971906459e+00	 4.605205698671858e-04	 5.520455656220557e-04
1	 1.016940016965518e+00	 1.424195563096281e+00	 5.157298379541114e-04	 7.043636603496572e-04
1	 8.969408680966411e-01	 1.502663328620456e+00	 5.415614217277365e-04	 8.477563964251400e-04
1	 7.722179985823187e-01	 1.570407387495514e+00	 5.384923675912180e-04	 9.810106405473890e-04
1	 6.441657417479372e-01	 1.627129526861629e+00	 5.075514412236805e-04	 1.103161312241396e-03
1	 5.141708910085352e-01	 1.672760680688627e+00	 4.502546758424233e-04	 1.213508544536364e-03
1	 3.835693400708777e-01	 1.707446796057966e+00	 3.685226812063648e-04	 1.311620948594207e-03
1	 2.536091057986476e-01	 1.731526038343393e+00	 2.645868589852581e-04	 1.397326123735526e-03
1	 1.254213328764867e-01	 1.745499782085586e+00	 1.408917448260007e-04	 1.470690492698065e-03
1	 0.000000000000000e+00	 1.750000000000000e+00	 0.000000000000000e+00	 1.531991124999999e-03
1	 1.800000000000000e+00	 0.000000000000000e+00	-3.458058479999995e-04	 0.000000000000000e+00
1	 1.795371204430843e+00	 1.290047995284310e-01	-2.984396215217504e-04	-5.712494330717025e-05
1	 1.780998210867304e+00	 2.608550802468874e-01	-2.459938644490844e-04	-9.858393389371738e-05
1	 1.756230990230623e+00	 3.945284640684916e-01	-1.885566026166276e-04	-1.227187781751722e-04
1	 1.720553842993241e+00	 5.288614878890689e-01	-1.263217558272298e-04	-1.280357272057409e-04
1	 1.673618941913585e+00	 6.625704772202859e-01	-5.959582321887951e-05	-1.132749162322366e-04
1	 1.615276169993583e+00	 7.942813699637783e-01	 1.120013345320976e-05	-7.747782776366152e-05
1	 1.545596566578559e+00	 9.225677500355237e-01	 8.553407234133426e-05	-2.004768675473408e-05
1	 1.464886864895762e+00	 1.045995446015138e+00	 1.627725937305948e-04	 5.920246192742182e-05
1	 1.373693113956770e+00	 1.163171194922994e+00	 2.421965614875346e-04	 1.600187814637109e-04
1	 1.272792206142000e+00	 1.272792206142000e+00	 3.230221023999997e-04	 2.816964463999995e-04
1	 1.163171194922994e+00	 1.373693113956771e+00	 3.922473001730236e-04	 4.108232037992533e-04
1	 1.045995446015138e+00	 1.464886864895763e+00	 4.371074470765699e-04	 5.338344786325888e-04
1	 9.225677500355236e-01	 1.545596566578560e+00	 4.575182716943619e-04	 6.495762002466483e-04
1	 7.942813699637779e-01	 1.615276169993583e+00	 4.538876856223463e-04	 7.570708047182678e-04
1	 6.625704772202855e-01	 1.673618941913585e+00	 4.270821188268329e-04	 8.555421403273861e-04
1	 5.288614878890684e-01	 1.720553842993242e+00	 3.783725855161370e-04	 9.444291602242128e-04
1	 3.945284640684907e-01	 1.756230990230623e+00	 3.093656375658658e-04	 1.023388361672102e-03
1	 2.608550802468865e-01	 1.780998210867305e+00	 2.219251606399302e-04	 1.092285909524573e-03
1	 1.290047995284300e-01	 1.795371204430843e+00	 1.180910229781252e-04	 1.151181138807735e-03
1	 0.000000000000000e+00	 1.800000000000000e+00	 0.000000000000000e+00	 1.200303599999998e-03
1	 1.850000000000000e+00	 0.000000000000000e+00	-2.509144844999994e-04	 0.000000000000000e+00
1	 1.845242626776092e+00	 1.325882661800494e-01	-2.152800960895074e-04	-4.764780775389608e-05
1	 1.830470383391180e+00	 2.681010546945135e-01	-1.756911689716068e-04	-8.318494034148053e-05
1	 1.805015184403198e+00	 4.054875880652470e-01	-1.322044452561933e-04	-1.052964071605637e-04
1	 1.768347005297705e+00	 5.435520847685474e-01	-8.495811756261273e-05	-1.127915603363190e-04
1	 1.720108356965302e+00	 6.809752126914358e-01	-3.417733198243993e-05	-1.046586132033957e-04
1	 1.660144952491302e+00	 8.163447413439524e-01	 1.982389312976155e-05	-8.011784578251079e-05
1	 1.588529804536179e+00	 9.481946319730963e-01	 7.664501979608084e-05	-3.866951965161422e-05
1	 1.505578166694609e+00	 1.075050875063487e+00	 1.358060065652772e-04	 1.986762121217405e-05
1	 1.411851256006274e+00	 1.195481505886069e+00	 1.967589866708046e-04	 9.533104909007493e-05
1	 1.308147545195500e+00	 1.308147545195500e+00	 2.589041585999996e-04	 1.872052835999995e-04
1	 1.195481505886069e+00	 1.411851256006273e+00	 3.120586083392237e-04	 2.850074663256464e-04
1	 1.075050875063486e+00	 1.505578166694609e+00	 3.462232678423877e-04	 3.781335217390888e-04
1	 9.481946319730961e-01	 1.588529804536179e+00	 3.613405545049006e-04	 4.657104625148880e-04
1	 8.163447413439521e-01	 1.660144952491303e+00	 3.577361078787884e-04	 5.469998227489680e-04
1	 6.809752126914352e-01	 1.720108356965302e+00	 3.360923135060409e-04	 6.214164231462412e-04
1	 5.435520847685467e-01	 1.768347005297705e+00	 2.974060727687513e-04	 6.885386136145004e-04
1	 4.054875880652460e-01	 1.805015184403198e+00	 2.429348476249798e-04	 7.481099733516296e-04
1	 2.681010546945126e-01	 1.830470383391180e+00	 1.741356255687402e-04	 8.000331900455443e-04
1	 1.325882661800484e-01	 1.845242626776092e+00	 9.260148757158738e-05	 8.443574125927627e-04
1	 0.000000000000000e+00	 1.850000000000000e+00	 0.000000000000000e+00	 8.812607249999980e-04
1	 1.900000000000000e+00	 0.000000000000000e+00	-1.616497219999994e-04	 0.000000000000000e+00
1	 1.895114049121331e+00	 1.361717328313430e-01	-1.378203173584679e-04	-3.496793868494296e-05
1	 1.879942555915019e+00	 2.753470291415269e-01	-1.112579597376002e-04	-6.162128684178196e-05
1	 1.853799378575689e+00	 4.164467120611443e-01	-8.199429236661058e-05	-7.903582045983202e-05
1	 1.816140167602018e+00	 5.582426816469710e-01	-5.011661216986870e-05	-8.637088351222147e-05
1	 1.766597772016778e+00	 6.993799481613869e-01	-1.577186436714683e-05	-8.290735948840923e-05
1	 1.705013734988672e+00	 8.384081127228422e-01	 2.083179077974385e-05	-6.808488049485026e-05
1	 1.631463042493317e+00	 9.738215139093591e-01	 5.942632355744061e-05	-4.153551615811856e-05
1	 1.546269468492820e+00	 1.104106304110563e+00	 9.968837855507207e-05	-3.111069347478860e-06
1	 1.450009398054968e+00	 1.227791816847976e+00	 1.412470348173055e-04	 4.709867472157774e-05
1	 1.343502884248000e+00	 1.343502884248000e+00	 1.836944935999994e-04	 1.087588215999995e-04
1	 1.227791816847976e+00	 1.450009398054968e+00	 2.199544943657863e-04	 1.745983532012351e-04
1	 1.104106304110563e+00	 1.546269468492820e+00	 2.430773002515652e-04	 2.372607896691572e-04
1	 9.738215139093589e-01	 1.631463042493317e+00	 2.530282701593530e-04	 2.961591832298599e-04
1	 8.384081127228418e-01	 1.705013734988672e+00	 2.500376343605446e-04	 3.507976946394899e-04
1	 6.993799481613864e-01	 1.766597772016779e+00	 2.345820252613045e-04	 4.007841606979616e-04
1	 5.582426816469702e-01	 1.816140167602018e+00	 2.073551376002665e-04	 4.458369047072271e-04
1	 4.164467120611434e-01	 1.853799378575690e+00	 1.692303113837066e-04	 4.857857836327879e-04
1	 2.753470291415259e-01	 1.879942555915020e+00	 1.212182537716884e-04	 5.205679652984386e-04
1	 1.361717328313419e-01	 1.895114049121332e+00	 6.442313860638721e-05	 5.502193140531493e-04
1	 0.000000000000000e+00	 1.900000000000000e+00	 0.000000000000000e+00	 5.748624999999979e-04
1	 1.950000000000000e+00	 0.000000000000000e+00	-7.801156049999936e-05	 0.000000000000000e+00
1	 1.944985471466562e+00	 1.397551994823117e-01	-6.606028532863188e-05	-1.908533610031087e-05
1	 1.929414728438823e+00	 2.825930035879277e-01	-5.269423674706446e-05	-3.389297339462167e-05
1	 1.902583572748098e+00	 4.274058360561839e-01	-3.792614394787936e-05	-4.393701807297735e-05
1	 1.863933329906181e+00	 5.729332785243398e-01	-2.179723964899774e-05	-4.877369673344832e-05
1	 1.813087187068016e+00	 7.177846836301395e-01	-4.379420373000176e-06	-4.802115508727717e-05
1	 1.749882517485690e+00	 8.604714841004470e-01	 1.422382640315661e-05	-4.137893190067985e-05
1	 1.674396280449972e+00	 9.994483958443122e-01	 3.387798362541355e-05	-2.864567627424702e-05
1	 1.586960770290395e+00	 1.133161733156369e+00	 5.441970969997949e-05	-9.733609751536820e-06
1	 1.488167540102854e+00	 1.260102127808716e+00	 7.566070592703703e-05	 1.532165835821945e-05
1	 1.378858223299500e+00	 1.378858223299500e+00	 9.739310739999926e-05	 4.635706039999957e-05
1	 1.260102127808716e+00	 1.488167540102854e+00	 1.159349582527113e-04	 7.959586442601945e-05
1	 1.133161733156369e+00	 1.586960770290395e+00	 1.276695443041022e-04	 1.112162824227939e-04
1	 9.994483958443119e-01	 1.674396280449972e+00	 1.325814186577191e-04	 1.409223623915634e-04
1	 8.604714841004467e-01	 1.749882517485690e+00	 1.307922650676147e-04	 1.684644203898335e-04
1	 7.177846836301389e-01	 1.813087187068016e+00	 1.225512540926239e-04	 1.936453529825473e-04
1	 5.729332785243391e-01	 1.863933329906181e+00	 1.082197800106824e-04	 2.163240335023931e-04
1	 4.274058360561829e-01	 1.902583572748098e+00	 8.825202884204644e-05	 2.364157925155772e-04
1	 2.825930035879267e-01	 1.929414728438823e+00	 6.317304524877487e-05	 2.538902352832565e-04
1	 1.397551994823105e-01	 1.944985471466563e+00	 3.355597608252463e-05	 2.687668431888942e-04
1	 0.000000000000000e+00	 1.950000000000000e+00	 0.000000000000000e+00	 2.811089249999977e-04
1	 2.000000000000000e+00	 0.000000000000000e+00	 0.000000000000000e+00	 0.000000000000000e+00
1	 1.994856893811784e+00	 1.433386661329555e-01	 0.000000000000000e+00	 0.000000000000000e+00
1	 1.978886900962590e+00	 2.898389780337155e-01	 0.000000000000000e+00	 0.000000000000000e+00
1	 1.951367766920423e+00	 4.383649600503655e-01	 0.000000000000000e+00	 0.000000000000000e+00
1	 1.911726492210192e+00	 5.876238754006535e-01	 0.000000000000000e+00	 0.000000000000000e+00
1	 1.859576602119013e+00	 7.361894190976933e-01	 0.000000000000000e+00	 0.000000000000000e+00
1	 1.794751299982358e+00	 8.825348554767669e-01	 0.000000000000000e+00	 0.000000000000000e+00
1	 1.717329518406145e+00	 1.025075277777955e+00	 0.000000000000000e+00	 0.000000000000000e+00
1	 1.627652072087334e+00	 1.162217162200904e+00	 0.000000000000000e+00	 0.000000000000000e+00
1	 1.526325682149930e+00	 1.292412438768286e+00	 0.000000000000000e+00	 0.000000000000000e+00
1	 1.414213562350000e+00	 1.414213562350000e+00	 0.000000000000000e+00	 0.000000000000000e+00
1	 1.292412438768286e+00	 1.526325682149930e+00	 0.000000000000000e+00	 0.000000000000000e+00
1	 1.162217162200904e+00	 1.627652072087334e+00	 0.000000000000000e+00	 0.000000000000000e+00
1	 1.025075277777955e+00	 1.717329518406145e+00	 0.000000000000000e+00	 0.000000000000000e+00
1	 8.825348554767665e-01	 1.794751299982359e+00	 0.000000000000000e+00	 0.000000000000000e+00
1	 7.361894190976928e-01	 1.859576602119014e+00	 0.000000000000000e+00	 0.000000000000000e+00
1	 5.876238754006528e-01	 1.911726492210192e+00	 0.000000000000000e+00	 0.000000000000000e+00
1	 4.383649600503645e-01	 1.951367766920424e+00	 0.000000000000000e+00	 0.000000000000000e+00
1	 2.898389780337144e-01	 1.978886900962590e+00	 0.000000000000000e+00	 0.000000000000000e+00
1	 1.433386661329543e-01	 1.994856893811784e+00	 0.000000000000000e+00	 0.000000000000000e+00
1	 0.000000000000000e+00	 2.000000000000000e+00	 0.000000000000000e+00	 0.000000000000000e+00
