1000.000	0.300000

2

32

2	2
2	2

7	7
7	7

4	4
4	4

0	1	2	3	4	5	6	7	8	9	10	11	12	13	14	15	
16	17	18	19	20	21	22	23	24	25	26	27	28	29	30	31	

22	0	1

0.00000	0.00000	0.00000	0.50000	1.00000	1.00000	1.00000	
0.00000	0.00000	0.00000	0.50000	1.00000	1.00000	1.00000	
0.00000	0.00000	0.00000	0.50000	1.00000	1.00000	1.00000	
0.00000	0.00000	0.00000	0.50000	1.00000	1.00000	1.00000	

0	0.0000000000	0.0000000000	1.0000000000	
1	12.5000000000	0.0000000000	1.0000000000	
2	37.5000000000	0.0000000000	1.0000000000	
3	50.0000000000	0.0000000000	1.0000000000	
4	0.0000000000	12.5000000000	1.0000000000	
5	12.5000000000	12.5000000000	1.0000000000	
6	37.5000000000	12.5000000000	1.0000000000	
7	50.0000000000	12.5000000000	1.0000000000	
8	0.0000000000	37.5000000000	1.0000000000	
9	12.5000000000	37.5000000000	1.0000000000	
10	37.5000000000	37.5000000000	1.0000000000	
11	50.0000000000	37.5000000000	1.0000000000	
12	0.0000000000	50.0000000000	1.0000000000	
13	12.5000000000	50.0000000000	1.0000000000	
14	37.5000000000	50.0000000000	1.0000000000	
15	50.0000000000	50.0000000000	1.0000000000	
16	1.0000000000	0.0000000000	1.0000000000	
17	1.2500000000	0.0000000000	1.0000000000	
18	1.7500000000	0.0000000000	1.0000000000	
19	2.0000000000	0.0000000000	1.0000000000	
20	1.0000000000	0.4142135624	0.8535533906	
21	1.2500000000	0.5177669530	0.8535533906	
22	1.7500000000	0.7248737342	0.8535533906	
23	2.0000000000	0.8284271247	0.8535533906	
24	0.4142135624	1.0000000000	0.8535533906	
25	0.5177669530	1.2500000000	0.8535533906	
26	0.7248737342	1.7500000000	0.8535533906	
27	0.8284271247	2.0000000000	0.8535533906	
28	0.0000000000	1.0000000000	1.0000000000	
29	0.0000000000	1.2500000000	1.0000000000	
30	0.0000000000	1.7500000000	1.0000000000	
31	0.0000000000	2.0000000000	1.0000000000	

0	1	0.0000000000
1	1	0.0000000000
2	1	0.0000000000
3	1	0.0000000000
0	0	0.0000000000
4	0	0.0000000000
8	0	0.0000000000
12	0	0.0000000000
16	1	0.0000000000
17	1	0.0000000000
18	1	0.0000000000
19	1	0.0000000000
23	1	0.0000000000
27	1	0.0000000000
31	1	0.0000000000
19	0	0.0000000000
23	0	0.0000000000
27	0	0.0000000000
28	0	0.0000000000
29	0	0.0000000000
30	0	0.0000000000
31	0	0.0000000000


1	0	0	1.0000000000	0.0000000000	1.0000000000	10.0000000000	0.0000000000	0.0000000000
