1000.000	0.300000

1

16

2	2

7	7

4	4

0	1	2	3	4	5	6	7	8	9	10	11	12	13	14	15	

14	0	0

0.00000	0.00000	0.00000	0.50000	1.00000	1.00000	1.00000	
0.00000	0.00000	0.00000	0.50000	1.00000	1.00000	1.00000	

0	1.0000000000	0.0000000000	1.0000000000	
1	1.2500000000	0.0000000000	1.0000000000	
2	1.7500000000	0.0000000000	1.0000000000	
3	2.0000000000	0.0000000000	1.0000000000	
4	1.0000000000	0.4142135624	0.8535533906	
5	1.2500000000	0.5177669530	0.8535533906	
6	1.7500000000	0.7248737342	0.8535533906	
7	2.0000000000	0.8284271247	0.8535533906	
8	0.4142135624	1.0000000000	0.8535533906	
9	0.5177669530	1.2500000000	0.8535533906	
10	0.7248737342	1.7500000000	0.8535533906	
11	0.8284271247	2.0000000000	0.8535533906	
12	0.0000000000	1.0000000000	1.0000000000	
13	0.0000000000	1.2500000000	1.0000000000	
14	0.0000000000	1.7500000000	1.0000000000	
15	0.0000000000	2.0000000000	1.0000000000	

0	1	0.0000000000
1	1	0.0000000000
2	1	0.0000000000
3	1	0.0000000000
7	1	0.0000000000
11	1	0.0000000000
15	1	0.0000000000
3	0	0.0000000000
7	0	0.0000000000
11	0	0.0000000000
12	0	0.0000000000
13	0	0.0000000000
14	0	0.0000000000
15	0	0.0000000000


