patch connectivity
0   1   2   3   4   5   6   7   8   9   10   11   12   13   14   15   16   17   18   19   20   21   22   23   24   25   26   27   28   29   30   31   32   33   34   35   36   37   38   39   40   41   42   43   44   45   46   47   48   49   50   51   52   53   54   55   56   57   58   59   60   61   62   63   64   65   66   67   68   69   70   71   72   73   74   75   76   77   78   79   80   81   82   83   84   85   86   87   88   89   90   91   92   93   94   95   96   97   98   99   100   101   102   103   104   105   106   107   108   109   110   111   112   113   114   115   116   117   118   119   120   121   122   123   124   125   126   127   128   129   130   131   132   133   134   135   136   137   138   139   140   141   142   143   144   145   146   147   148   149   150   151   152   153   154   155   156   157   158   159   160   161   162   163   164   165   166   167   168   169   170   171   172   173   174   175   176   177   178   179   180   181   182   183   184   185   186   187   188   189   190   191   192   193   194   195   196   197   198   199   200   201   202   203   204   205   206   207   208   209   210   211   212   213   214   215   216   217   218   219   220   221   222   223   224   225   226   227   228   229   230   231   232   233   234   235   236   237   238   239   240   241   242   243   244   245   246   247   248   249   250   251   252   253   254   255   256   257   258   259   260   261   262   263   264   265   266   267   268   269   270   271   272   273   274   275   276   277   278   279   280   281   282   283   284   285   286   287   288   289   290   291   292   293   294   295   296   297   298   299   300   301   302   303   304   305   306   307   308   309   310   311   312   313   314   315   316   317   318   319   320   321   322   323

control point infomation
0      1.000000000000000000000e+00      0.000000000000000000000e+00      1.000000000000000000000e+00
1      1.031250000000000000000e+00      0.000000000000000000000e+00      1.000000000000000000000e+00
2      1.093750000000000000000e+00      0.000000000000000000000e+00      1.000000000000000000000e+00
3      1.156250000000000000000e+00      0.000000000000000000000e+00      1.000000000000000000000e+00
4      1.218750000000000000000e+00      0.000000000000000000000e+00      1.000000000000000000000e+00
5      1.281250000000000000000e+00      0.000000000000000000000e+00      1.000000000000000000000e+00
6      1.343750000000000000000e+00      0.000000000000000000000e+00      1.000000000000000000000e+00
7      1.406250000000000000000e+00      0.000000000000000000000e+00      1.000000000000000000000e+00
8      1.468750000000000000000e+00      0.000000000000000000000e+00      1.000000000000000000000e+00
9      1.531250000000000000000e+00      0.000000000000000000000e+00      1.000000000000000000000e+00
10      1.593750000000000000000e+00      0.000000000000000000000e+00      1.000000000000000000000e+00
11      1.656250000000000000000e+00      0.000000000000000000000e+00      1.000000000000000000000e+00
12      1.718750000000000000000e+00      0.000000000000000000000e+00      1.000000000000000000000e+00
13      1.781250000000000000000e+00      0.000000000000000000000e+00      1.000000000000000000000e+00
14      1.843750000000000000000e+00      0.000000000000000000000e+00      1.000000000000000000000e+00
15      1.906250000000000000000e+00      0.000000000000000000000e+00      1.000000000000000000000e+00
16      1.968750000000000000000e+00      0.000000000000000000000e+00      1.000000000000000000000e+00
17      2.000000000000000000000e+00      0.000000000000000000000e+00      1.000000000000000000000e+00
18      1.000000000000000000000e+00      4.501827045789850295643e-02      9.816941738241592441128e-01
19      1.031250000000000222045e+00      4.642509140970782488544e-02      9.816941738241592441128e-01
20      1.093750000000000000000e+00      4.923873331332649649905e-02      9.816941738241592441128e-01
21      1.156250000000000000000e+00      5.205237521694513341819e-02      9.816941738241592441128e-01
22      1.218750000000000000000e+00      5.486601712056379809290e-02      9.816941738241592441128e-01
23      1.281250000000000000000e+00      5.767965902418245582872e-02      9.816941738241592441128e-01
24      1.343750000000000000000e+00      6.049330092780109968675e-02      9.816941738241592441128e-01
25      1.406250000000000000000e+00      6.330694283141977130036e-02      9.816941738241592441128e-01
26      1.468750000000000000000e+00      6.612058473503842903618e-02      9.816941738241592441128e-01
27      1.531249999999999777955e+00      6.893422663865707289421e-02      9.816941738241592441128e-01
28      1.593749999999999777955e+00      7.174786854227573063003e-02      9.816941738241592441128e-01
29      1.656249999999999777955e+00      7.456151044589438836585e-02      9.816941738241592441128e-01
30      1.718750000000000000000e+00      7.737515234951304610167e-02      9.816941738241592441128e-01
31      1.781250000000000000000e+00      8.018879425313170383749e-02      9.816941738241592441128e-01
32      1.843750000000000000000e+00      8.300243615675036157331e-02      9.816941738241592441128e-01
33      1.906250000000000000000e+00      8.581607806036899155355e-02      9.816941738241592441128e-01
34      1.968750000000000000000e+00      8.862971996398767704495e-02      9.816941738241592441128e-01
35      2.000000000000000000000e+00      9.003654091579700591286e-02      9.816941738241592441128e-01
36      9.917733626692836201855e-01      1.362030802747793978291e-01      9.496589780164379490657e-01
37      1.022766280252698667397e+00      1.404594265333662383988e-01      9.496589780164379490657e-01
38      1.084752115419528761819e+00      1.489721190505400028048e-01      9.496589780164379490657e-01
39      1.146737950586359078287e+00      1.574848115677136284329e-01      9.496589780164379490657e-01
40      1.208723785753189172709e+00      1.659975040848874205945e-01      9.496589780164379490657e-01
41      1.270709620920019711221e+00      1.745101966020611294894e-01      9.496589780164379490657e-01
42      1.332695456086849805644e+00      1.830228891192347828731e-01      9.496589780164379490657e-01
43      1.394681291253680122111e+00      1.915355816364085750347e-01      9.496589780164379490657e-01
44      1.456667126420509994489e+00      2.000482741535822561740e-01      9.496589780164379490657e-01
45      1.518652961587340533001e+00      2.085609666707559650689e-01      9.496589780164379490657e-01
46      1.580638796754170627423e+00      2.170736591879296462082e-01      9.496589780164379490657e-01
47      1.642624631921001165935e+00      2.255863517051033828587e-01      9.496589780164379490657e-01
48      1.704610467087831038313e+00      2.340990442222770917535e-01      9.496589780164379490657e-01
49      1.766596302254661354780e+00      2.426117367394508284040e-01      9.496589780164379490657e-01
50      1.828582137421491671248e+00      2.511244292566245372988e-01      9.496589780164379490657e-01
51      1.890567972588321765670e+00      2.596371217737981629270e-01      9.496589780164379490657e-01
52      1.952553807755151860093e+00      2.681498142909718995774e-01      9.496589780164379490657e-01
53      1.983546725338567240371e+00      2.724061605495587956582e-01      9.496589780164379490657e-01
54      9.745852375491678154518e-01      2.290855389914238648963e-01      9.222002387526766487014e-01
55      1.005041026222579514382e+00      2.362444620849057930201e-01      9.222002387526766487014e-01
56      1.065952603569402468153e+00      2.505623082718698713123e-01      9.222002387526766487014e-01
57      1.126864180916225199880e+00      2.648801544588337830710e-01      9.222002387526766487014e-01
58      1.187775758263048375696e+00      2.791980006457979168744e-01      9.222002387526766487014e-01
59      1.248687335609871551512e+00      2.935158468327618841442e-01      9.222002387526766487014e-01
60      1.309598912956694283238e+00      3.078336930197258514141e-01      9.222002387526766487014e-01
61      1.370510490303517459054e+00      3.221515392066898741952e-01      9.222002387526766487014e-01
62      1.431422067650340412825e+00      3.364693853936537859539e-01      9.222002387526766487014e-01
63      1.492333644997163144552e+00      3.507872315806178087350e-01      9.222002387526766487014e-01
64      1.553245222343986320368e+00      3.651050777675817204937e-01      9.222002387526766487014e-01
65      1.614156799690809496184e+00      3.794229239545457987859e-01      9.222002387526766487014e-01
66      1.675068377037632449955e+00      3.937407701415097105446e-01      9.222002387526766487014e-01
67      1.735979954384455403726e+00      4.080586163284737888368e-01      9.222002387526766487014e-01
68      1.796891531731278357498e+00      4.223764625154378116179e-01      9.222002387526766487014e-01
69      1.857803109078101311269e+00      4.366943087024016678654e-01      9.222002387526766487014e-01
70      1.918714686424924265040e+00      4.510121548893657461576e-01      9.222002387526766487014e-01
71      1.949170475098335630904e+00      4.581710779828477297926e-01      9.222002387526766487014e-01
72      9.478771665954744962690e-01      3.224031657411680629188e-01      8.993179560328756760867e-01
73      9.774983280515830985635e-01      3.324782646705795596809e-01      8.993179560328756760867e-01
74      1.036740650963800192130e+00      3.526284625294026642273e-01      8.993179560328756760867e-01
75      1.095982973876017396719e+00      3.727786603882254912179e-01      8.993179560328756760867e-01
76      1.155225296788234379264e+00      3.929288582470486512754e-01      8.993179560328756760867e-01
77      1.214467619700451805898e+00      4.130790561058716447995e-01      8.993179560328756760867e-01
78      1.273709942612669010487e+00      4.332292539646946383236e-01      8.993179560328756760867e-01
79      1.332952265524885993031e+00      4.533794518235176873588e-01      8.993179560328756760867e-01
80      1.392194588437103197620e+00      4.735296496823405698606e-01      8.993179560328756760867e-01
81      1.451436911349320402209e+00      4.936798475411636744070e-01      8.993179560328756760867e-01
82      1.510679234261537606798e+00      5.138300453999865569088e-01      8.993179560328756760867e-01
83      1.569921557173754589343e+00      5.339802432588096614552e-01      8.993179560328756760867e-01
84      1.629163880085972015976e+00      5.541304411176326549793e-01      8.993179560328756760867e-01
85      1.688406202998189220565e+00      5.742806389764556485034e-01      8.993179560328756760867e-01
86      1.747648525910406203110e+00      5.944308368352786420274e-01      8.993179560328756760867e-01
87      1.806890848822623407699e+00      6.145810346941014135069e-01      8.993179560328756760867e-01
88      1.866133171734840390243e+00      6.347312325529247400979e-01      8.993179560328756760867e-01
89      1.895754333190948992538e+00      6.448063314823361258377e-01      8.993179560328756760867e-01
90      9.113235818754531480934e-01      4.147356403779908218254e-01      8.810121298570349201995e-01
91      9.398024438090609722352e-01      4.276961291398029274546e-01      8.810121298570349201995e-01
92      9.967601676762768425633e-01      4.536171066634275272911e-01      8.810121298570349201995e-01
93      1.053717891543492601869e+00      4.795380841870518495718e-01      8.810121298570349201995e-01
94      1.110675615410708250153e+00      5.054590617106763383859e-01      8.810121298570349201995e-01
95      1.167633339277924342525e+00      5.313800392343007716889e-01      8.810121298570349201995e-01
96      1.224591063145140212853e+00      5.573010167579250939696e-01      8.810121298570349201995e-01
97      1.281548787012356083181e+00      5.832219942815496382948e-01      8.810121298570349201995e-01
98      1.338506510879571953510e+00      6.091429718051740715978e-01      8.810121298570349201995e-01
99      1.395464234746787823838e+00      6.350639493287985049008e-01      8.810121298570349201995e-01
100      1.452421958614003694166e+00      6.609849268524228271815e-01      8.810121298570349201995e-01
101      1.509379682481219342449e+00      6.869059043760472604845e-01      8.810121298570349201995e-01
102      1.566337406348435212777e+00      7.128268818996716937875e-01      8.810121298570349201995e-01
103      1.623295130215651305150e+00      7.387478594232960160682e-01      8.810121298570349201995e-01
104      1.680252854082866509344e+00      7.646688369469205603934e-01      8.810121298570349201995e-01
105      1.737210577950082379672e+00      7.905898144705447716518e-01      8.810121298570349201995e-01
106      1.794168301817298472045e+00      8.165107919941694269994e-01      8.810121298570349201995e-01
107      1.822647163750906296187e+00      8.294712807559816436509e-01      8.810121298570349201995e-01
108      8.648797077788366038931e-01      5.045589285224011399933e-01      8.672827602251542700174e-01
109      8.919071986469253587870e-01      5.203263950387261305153e-01      8.672827602251542700174e-01
110      9.459621803831026465303e-01      5.518613280713763336038e-01      8.672827602251542700174e-01
111      1.000017162119279934274e+00      5.833962611040262036255e-01      8.672827602251542700174e-01
112      1.054072143855457222017e+00      6.149311941366762956918e-01      8.672827602251542700174e-01
113      1.108127125591634509760e+00      6.464661271693264987803e-01      8.672827602251542700174e-01
114      1.162182107327812019548e+00      6.780010602019765908466e-01      8.672827602251542700174e-01
115      1.216237089063989307292e+00      7.095359932346266829128e-01      8.672827602251542700174e-01
116      1.270292070800166372990e+00      7.410709262672766639568e-01      8.672827602251542700174e-01
117      1.324347052536343660734e+00      7.726058592999267560231e-01      8.672827602251542700174e-01
118      1.378402034272521170521e+00      8.041407923325767370670e-01      8.672827602251542700174e-01
119      1.432457016008698236220e+00      8.356757253652269401556e-01      8.672827602251542700174e-01
120      1.486511997744875746008e+00      8.672106583978769211996e-01      8.672827602251542700174e-01
121      1.540566979481053033751e+00      8.987455914305270132658e-01      8.672827602251542700174e-01
122      1.594621961217230099450e+00      9.302805244631771053321e-01      8.672827602251542700174e-01
123      1.648676942953407387193e+00      9.618154574958269753537e-01      8.672827602251542700174e-01
124      1.702731924689584896981e+00      9.933503905284774004869e-01      8.672827602251542700174e-01
125      1.729759415557673207786e+00      1.009117857044802279987e+00      8.672827602251542700174e-01
126      8.088138985640448419545e-01      5.903154969229530424357e-01      8.581298471372338365626e-01
127      8.340893328941713091851e-01      6.087628562017953770535e-01      8.581298471372338365626e-01
128      8.846402015544242436462e-01      6.456575747594801573115e-01      8.581298471372338365626e-01
129      9.351910702146768450405e-01      6.825522933171644934802e-01      8.581298471372338365626e-01
130      9.857419388749295574570e-01      7.194470118748491627159e-01      8.581298471372338365626e-01
131      1.036292807535182713963e+00      7.563417304325338319515e-01      8.581298471372338365626e-01
132      1.086843676195435426379e+00      7.932364489902181681202e-01      8.581298471372338365626e-01
133      1.137394544855688138796e+00      8.301311675479029483782e-01      8.581298471372338365626e-01
134      1.187945413515941073257e+00      8.670258861055873955692e-01      8.581298471372338365626e-01
135      1.238496282176193563629e+00      9.039206046632719537826e-01      8.581298471372338365626e-01
136      1.289047150836446720135e+00      9.408153232209565119959e-01      8.581298471372338365626e-01
137      1.339598019496699210507e+00      9.777100417786409591869e-01      8.581298471372338365626e-01
138      1.390148888156951922923e+00      1.014604760336325739445e+00      8.581298471372338365626e-01
139      1.440699756817205079429e+00      1.051499478894010186636e+00      8.581298471372338365626e-01
140      1.491250625477457791845e+00      1.088394197451694855872e+00      8.581298471372338365626e-01
141      1.541801494137710282217e+00      1.125288916009379081018e+00      8.581298471372338365626e-01
142      1.592352362797963216678e+00      1.162183634567063972298e+00      8.581298471372338365626e-01
143      1.617627797128089683909e+00      1.180630993845906084871e+00      8.581298471372338365626e-01
144      7.437184335382290845118e-01      6.704951288348659499405e-01      8.535533905932737308575e-01
145      7.669596345862986774833e-01      6.914481016109554900595e-01      8.535533905932737308575e-01
146      8.134420366824381964932e-01      7.333540471631347923420e-01      8.535533905932737308575e-01
147      8.599244387785773824362e-01      7.752599927153137615576e-01      8.535533905932737308575e-01
148      9.064068408747166794015e-01      8.171659382674929528179e-01      8.535533905932737308575e-01
149      9.528892429708561984114e-01      8.590718838196721440781e-01      8.535533905932737308575e-01
150      9.993716450669954953767e-01      9.009778293718512243160e-01      8.535533905932737308575e-01
151      1.045854047163134792342e+00      9.428837749240304155762e-01      8.535533905932737308575e-01
152      1.092336449259274200330e+00      9.847897204762094958141e-01      8.535533905932737308575e-01
153      1.138818851355413164228e+00      1.026695666028388576052e+00      8.535533905932737308575e-01
154      1.185301253451552794260e+00      1.068601611580567656290e+00      8.535533905932737308575e-01
155      1.231783655547691980203e+00      1.110507557132746958573e+00      8.535533905932737308575e-01
156      1.278266057643831388191e+00      1.152413502684926038810e+00      8.535533905932737308575e-01
157      1.324748459739970796178e+00      1.194319448237105341093e+00      8.535533905932737308575e-01
158      1.371230861836109760077e+00      1.236225393789284199286e+00      8.535533905932737308575e-01
159      1.417713263932249168064e+00      1.278131339341463057480e+00      8.535533905932737308575e-01
160      1.464195666028388576052e+00      1.320037284893642581807e+00      8.535533905932737308575e-01
161      1.487436867076458169024e+00      1.340990257669731899881e+00      8.535533905932737308575e-01
162      6.704951288348659499405e-01      7.437184335382290845118e-01      8.535533905932737308575e-01
163      6.914481016109554900595e-01      7.669596345862986774833e-01      8.535533905932737308575e-01
164      7.333540471631347923420e-01      8.134420366824381964932e-01      8.535533905932737308575e-01
165      7.752599927153137615576e-01      8.599244387785773824362e-01      8.535533905932737308575e-01
166      8.171659382674929528179e-01      9.064068408747166794015e-01      8.535533905932737308575e-01
167      8.590718838196721440781e-01      9.528892429708561984114e-01      8.535533905932737308575e-01
168      9.009778293718512243160e-01      9.993716450669954953767e-01      8.535533905932737308575e-01
169      9.428837749240304155762e-01      1.045854047163134792342e+00      8.535533905932737308575e-01
170      9.847897204762094958141e-01      1.092336449259274200330e+00      8.535533905932737308575e-01
171      1.026695666028388576052e+00      1.138818851355413164228e+00      8.535533905932737308575e-01
172      1.068601611580567656290e+00      1.185301253451552794260e+00      8.535533905932737308575e-01
173      1.110507557132746958573e+00      1.231783655547691980203e+00      8.535533905932737308575e-01
174      1.152413502684926038810e+00      1.278266057643831388191e+00      8.535533905932737308575e-01
175      1.194319448237105341093e+00      1.324748459739970796178e+00      8.535533905932737308575e-01
176      1.236225393789284199286e+00      1.371230861836109760077e+00      8.535533905932737308575e-01
177      1.278131339341463057480e+00      1.417713263932249168064e+00      8.535533905932737308575e-01
178      1.320037284893642581807e+00      1.464195666028388576052e+00      8.535533905932737308575e-01
179      1.340990257669731899881e+00      1.487436867076458169024e+00      8.535533905932737308575e-01
180      5.903154969229530424357e-01      8.088138985640448419545e-01      8.581298471372338365626e-01
181      6.087628562017953770535e-01      8.340893328941713091851e-01      8.581298471372338365626e-01
182      6.456575747594801573115e-01      8.846402015544242436462e-01      8.581298471372338365626e-01
183      6.825522933171644934802e-01      9.351910702146768450405e-01      8.581298471372338365626e-01
184      7.194470118748491627159e-01      9.857419388749295574570e-01      8.581298471372338365626e-01
185      7.563417304325338319515e-01      1.036292807535182713963e+00      8.581298471372338365626e-01
186      7.932364489902181681202e-01      1.086843676195435426379e+00      8.581298471372338365626e-01
187      8.301311675479029483782e-01      1.137394544855688138796e+00      8.581298471372338365626e-01
188      8.670258861055873955692e-01      1.187945413515941073257e+00      8.581298471372338365626e-01
189      9.039206046632719537826e-01      1.238496282176193563629e+00      8.581298471372338365626e-01
190      9.408153232209565119959e-01      1.289047150836446720135e+00      8.581298471372338365626e-01
191      9.777100417786409591869e-01      1.339598019496699210507e+00      8.581298471372338365626e-01
192      1.014604760336325739445e+00      1.390148888156951922923e+00      8.581298471372338365626e-01
193      1.051499478894010186636e+00      1.440699756817205079429e+00      8.581298471372338365626e-01
194      1.088394197451694855872e+00      1.491250625477457791845e+00      8.581298471372338365626e-01
195      1.125288916009379081018e+00      1.541801494137710282217e+00      8.581298471372338365626e-01
196      1.162183634567063972298e+00      1.592352362797963216678e+00      8.581298471372338365626e-01
197      1.180630993845906084871e+00      1.617627797128089683909e+00      8.581298471372338365626e-01
198      5.045589285224011399933e-01      8.648797077788366038931e-01      8.672827602251542700174e-01
199      5.203263950387261305153e-01      8.919071986469253587870e-01      8.672827602251542700174e-01
200      5.518613280713763336038e-01      9.459621803831026465303e-01      8.672827602251542700174e-01
201      5.833962611040262036255e-01      1.000017162119279934274e+00      8.672827602251542700174e-01
202      6.149311941366762956918e-01      1.054072143855457222017e+00      8.672827602251542700174e-01
203      6.464661271693264987803e-01      1.108127125591634509760e+00      8.672827602251542700174e-01
204      6.780010602019765908466e-01      1.162182107327812019548e+00      8.672827602251542700174e-01
205      7.095359932346266829128e-01      1.216237089063989307292e+00      8.672827602251542700174e-01
206      7.410709262672766639568e-01      1.270292070800166372990e+00      8.672827602251542700174e-01
207      7.726058592999267560231e-01      1.324347052536343660734e+00      8.672827602251542700174e-01
208      8.041407923325767370670e-01      1.378402034272521170521e+00      8.672827602251542700174e-01
209      8.356757253652269401556e-01      1.432457016008698236220e+00      8.672827602251542700174e-01
210      8.672106583978769211996e-01      1.486511997744875746008e+00      8.672827602251542700174e-01
211      8.987455914305270132658e-01      1.540566979481053033751e+00      8.672827602251542700174e-01
212      9.302805244631771053321e-01      1.594621961217230099450e+00      8.672827602251542700174e-01
213      9.618154574958269753537e-01      1.648676942953407387193e+00      8.672827602251542700174e-01
214      9.933503905284774004869e-01      1.702731924689584896981e+00      8.672827602251542700174e-01
215      1.009117857044802279987e+00      1.729759415557673207786e+00      8.672827602251542700174e-01
216      4.147356403779908218254e-01      9.113235818754531480934e-01      8.810121298570349201995e-01
217      4.276961291398029274546e-01      9.398024438090609722352e-01      8.810121298570349201995e-01
218      4.536171066634275272911e-01      9.967601676762768425633e-01      8.810121298570349201995e-01
219      4.795380841870518495718e-01      1.053717891543492601869e+00      8.810121298570349201995e-01
220      5.054590617106763383859e-01      1.110675615410708250153e+00      8.810121298570349201995e-01
221      5.313800392343007716889e-01      1.167633339277924342525e+00      8.810121298570349201995e-01
222      5.573010167579250939696e-01      1.224591063145140212853e+00      8.810121298570349201995e-01
223      5.832219942815496382948e-01      1.281548787012356083181e+00      8.810121298570349201995e-01
224      6.091429718051740715978e-01      1.338506510879571953510e+00      8.810121298570349201995e-01
225      6.350639493287985049008e-01      1.395464234746787823838e+00      8.810121298570349201995e-01
226      6.609849268524228271815e-01      1.452421958614003694166e+00      8.810121298570349201995e-01
227      6.869059043760472604845e-01      1.509379682481219342449e+00      8.810121298570349201995e-01
228      7.128268818996716937875e-01      1.566337406348435212777e+00      8.810121298570349201995e-01
229      7.387478594232960160682e-01      1.623295130215651305150e+00      8.810121298570349201995e-01
230      7.646688369469205603934e-01      1.680252854082866509344e+00      8.810121298570349201995e-01
231      7.905898144705447716518e-01      1.737210577950082379672e+00      8.810121298570349201995e-01
232      8.165107919941694269994e-01      1.794168301817298472045e+00      8.810121298570349201995e-01
233      8.294712807559816436509e-01      1.822647163750906296187e+00      8.810121298570349201995e-01
234      3.224031657411680629188e-01      9.478771665954744962690e-01      8.993179560328756760867e-01
235      3.324782646705795596809e-01      9.774983280515830985635e-01      8.993179560328756760867e-01
236      3.526284625294026642273e-01      1.036740650963800192130e+00      8.993179560328756760867e-01
237      3.727786603882254912179e-01      1.095982973876017396719e+00      8.993179560328756760867e-01
238      3.929288582470486512754e-01      1.155225296788234379264e+00      8.993179560328756760867e-01
239      4.130790561058716447995e-01      1.214467619700451805898e+00      8.993179560328756760867e-01
240      4.332292539646946383236e-01      1.273709942612669010487e+00      8.993179560328756760867e-01
241      4.533794518235176873588e-01      1.332952265524885993031e+00      8.993179560328756760867e-01
242      4.735296496823405698606e-01      1.392194588437103197620e+00      8.993179560328756760867e-01
243      4.936798475411636744070e-01      1.451436911349320402209e+00      8.993179560328756760867e-01
244      5.138300453999865569088e-01      1.510679234261537606798e+00      8.993179560328756760867e-01
245      5.339802432588096614552e-01      1.569921557173754589343e+00      8.993179560328756760867e-01
246      5.541304411176326549793e-01      1.629163880085972015976e+00      8.993179560328756760867e-01
247      5.742806389764556485034e-01      1.688406202998189220565e+00      8.993179560328756760867e-01
248      5.944308368352786420274e-01      1.747648525910406203110e+00      8.993179560328756760867e-01
249      6.145810346941014135069e-01      1.806890848822623407699e+00      8.993179560328756760867e-01
250      6.347312325529247400979e-01      1.866133171734840390243e+00      8.993179560328756760867e-01
251      6.448063314823361258377e-01      1.895754333190948992538e+00      8.993179560328756760867e-01
252      2.290855389914238648963e-01      9.745852375491678154518e-01      9.222002387526766487014e-01
253      2.362444620849057930201e-01      1.005041026222579514382e+00      9.222002387526766487014e-01
254      2.505623082718698713123e-01      1.065952603569402468153e+00      9.222002387526766487014e-01
255      2.648801544588337830710e-01      1.126864180916225199880e+00      9.222002387526766487014e-01
256      2.791980006457979168744e-01      1.187775758263048375696e+00      9.222002387526766487014e-01
257      2.935158468327618841442e-01      1.248687335609871551512e+00      9.222002387526766487014e-01
258      3.078336930197258514141e-01      1.309598912956694283238e+00      9.222002387526766487014e-01
259      3.221515392066898741952e-01      1.370510490303517459054e+00      9.222002387526766487014e-01
260      3.364693853936537859539e-01      1.431422067650340412825e+00      9.222002387526766487014e-01
261      3.507872315806178087350e-01      1.492333644997163144552e+00      9.222002387526766487014e-01
262      3.651050777675817204937e-01      1.553245222343986320368e+00      9.222002387526766487014e-01
263      3.794229239545457987859e-01      1.614156799690809496184e+00      9.222002387526766487014e-01
264      3.937407701415097105446e-01      1.675068377037632449955e+00      9.222002387526766487014e-01
265      4.080586163284737888368e-01      1.735979954384455403726e+00      9.222002387526766487014e-01
266      4.223764625154378116179e-01      1.796891531731278357498e+00      9.222002387526766487014e-01
267      4.366943087024016678654e-01      1.857803109078101311269e+00      9.222002387526766487014e-01
268      4.510121548893657461576e-01      1.918714686424924265040e+00      9.222002387526766487014e-01
269      4.581710779828477297926e-01      1.949170475098335630904e+00      9.222002387526766487014e-01
270      1.362030802747793978291e-01      9.917733626692836201855e-01      9.496589780164379490657e-01
271      1.404594265333662383988e-01      1.022766280252698667397e+00      9.496589780164379490657e-01
272      1.489721190505400028048e-01      1.084752115419528761819e+00      9.496589780164379490657e-01
273      1.574848115677136284329e-01      1.146737950586359078287e+00      9.496589780164379490657e-01
274      1.659975040848874205945e-01      1.208723785753189172709e+00      9.496589780164379490657e-01
275      1.745101966020611294894e-01      1.270709620920019711221e+00      9.496589780164379490657e-01
276      1.830228891192347828731e-01      1.332695456086849805644e+00      9.496589780164379490657e-01
277      1.915355816364085750347e-01      1.394681291253680122111e+00      9.496589780164379490657e-01
278      2.000482741535822561740e-01      1.456667126420509994489e+00      9.496589780164379490657e-01
279      2.085609666707559650689e-01      1.518652961587340533001e+00      9.496589780164379490657e-01
280      2.170736591879296462082e-01      1.580638796754170627423e+00      9.496589780164379490657e-01
281      2.255863517051033828587e-01      1.642624631921001165935e+00      9.496589780164379490657e-01
282      2.340990442222770917535e-01      1.704610467087831038313e+00      9.496589780164379490657e-01
283      2.426117367394508284040e-01      1.766596302254661354780e+00      9.496589780164379490657e-01
284      2.511244292566245372988e-01      1.828582137421491671248e+00      9.496589780164379490657e-01
285      2.596371217737981629270e-01      1.890567972588321765670e+00      9.496589780164379490657e-01
286      2.681498142909718995774e-01      1.952553807755151860093e+00      9.496589780164379490657e-01
287      2.724061605495587956582e-01      1.983546725338567240371e+00      9.496589780164379490657e-01
288      4.501827045789850295643e-02      1.000000000000000000000e+00      9.816941738241592441128e-01
289      4.642509140970782488544e-02      1.031250000000000222045e+00      9.816941738241592441128e-01
290      4.923873331332649649905e-02      1.093750000000000000000e+00      9.816941738241592441128e-01
291      5.205237521694513341819e-02      1.156250000000000000000e+00      9.816941738241592441128e-01
292      5.486601712056379809290e-02      1.218750000000000000000e+00      9.816941738241592441128e-01
293      5.767965902418245582872e-02      1.281250000000000000000e+00      9.816941738241592441128e-01
294      6.049330092780109968675e-02      1.343750000000000000000e+00      9.816941738241592441128e-01
295      6.330694283141977130036e-02      1.406250000000000000000e+00      9.816941738241592441128e-01
296      6.612058473503842903618e-02      1.468750000000000000000e+00      9.816941738241592441128e-01
297      6.893422663865707289421e-02      1.531249999999999777955e+00      9.816941738241592441128e-01
298      7.174786854227573063003e-02      1.593749999999999777955e+00      9.816941738241592441128e-01
299      7.456151044589438836585e-02      1.656249999999999777955e+00      9.816941738241592441128e-01
300      7.737515234951304610167e-02      1.718750000000000000000e+00      9.816941738241592441128e-01
301      8.018879425313170383749e-02      1.781250000000000000000e+00      9.816941738241592441128e-01
302      8.300243615675036157331e-02      1.843750000000000000000e+00      9.816941738241592441128e-01
303      8.581607806036899155355e-02      1.906250000000000000000e+00      9.816941738241592441128e-01
304      8.862971996398767704495e-02      1.968750000000000000000e+00      9.816941738241592441128e-01
305      9.003654091579700591286e-02      2.000000000000000000000e+00      9.816941738241592441128e-01
306      0.000000000000000000000e+00      1.000000000000000000000e+00      1.000000000000000000000e+00
307      0.000000000000000000000e+00      1.031250000000000000000e+00      1.000000000000000000000e+00
308      0.000000000000000000000e+00      1.093750000000000000000e+00      1.000000000000000000000e+00
309      0.000000000000000000000e+00      1.156250000000000000000e+00      1.000000000000000000000e+00
310      0.000000000000000000000e+00      1.218750000000000000000e+00      1.000000000000000000000e+00
311      0.000000000000000000000e+00      1.281250000000000000000e+00      1.000000000000000000000e+00
312      0.000000000000000000000e+00      1.343750000000000000000e+00      1.000000000000000000000e+00
313      0.000000000000000000000e+00      1.406250000000000000000e+00      1.000000000000000000000e+00
314      0.000000000000000000000e+00      1.468750000000000000000e+00      1.000000000000000000000e+00
315      0.000000000000000000000e+00      1.531250000000000000000e+00      1.000000000000000000000e+00
316      0.000000000000000000000e+00      1.593750000000000000000e+00      1.000000000000000000000e+00
317      0.000000000000000000000e+00      1.656250000000000000000e+00      1.000000000000000000000e+00
318      0.000000000000000000000e+00      1.718750000000000000000e+00      1.000000000000000000000e+00
319      0.000000000000000000000e+00      1.781250000000000000000e+00      1.000000000000000000000e+00
320      0.000000000000000000000e+00      1.843750000000000000000e+00      1.000000000000000000000e+00
321      0.000000000000000000000e+00      1.906250000000000000000e+00      1.000000000000000000000e+00
322      0.000000000000000000000e+00      1.968750000000000000000e+00      1.000000000000000000000e+00
323      0.000000000000000000000e+00      2.000000000000000000000e+00      1.000000000000000000000e+00

boundary 0
0
1
2
3
4
5
6
7
8
9
10
11
12
13
14
15
16
17
35
53
71
89
107
125
143
161
179
197
215
233
251
269
287
305
323

boundary 1
17
35
53
71
89
107
125
143
161
179
197
215
233
251
269
287
305
306
307
308
309
310
311
312
313
314
315
316
317
318
319
320
321
322
323

