patch connectivity
0   1   2   3   4   5   6   7   8   9   10   11   12   13   14   15   16   17   18   19   20   21   22   23   24   25   26   27   28   29   30   31   32   33   34   35   36   37   38   39   40   41   42   43   44   45   46   47   48   49   50   51   52   53   54   55   56   57   58   59   60   61   62   63   64   65   66   67   68   69   70   71   72   73   74   75   76   77   78   79   80   81   82   83   84   85   86   87   88   89   90   91   92   93   94   95   96   97   98   99   100   101   102   103   104   105   106   107   108   109   110   111   112   113   114   115   116   117   118   119   120   121   122   123   124   125   126   127   128   129   130   131   132   133   134   135   136   137   138   139   140   141   142   143   144   145   146   147   148   149   150   151   152   153   154   155   156   157   158   159   160   161   162   163   164   165   166   167   168   169   170   171   172   173   174   175   176   177   178   179   180   181   182   183   184   185   186   187   188   189   190   191   192   193   194   195   196   197   198   199   200   201   202   203   204   205   206   207   208   209   210   211   212   213   214   215   216   217   218   219   220   221   222   223   224   225   226   227   228   229   230   231   232   233   234   235   236   237   238   239   240   241   242   243   244   245   246   247   248   249   250   251   252   253   254   255   256   257   258   259   260   261   262   263   264   265   266   267   268   269   270   271   272   273   274   275   276   277   278   279   280   281   282   283   284   285   286   287   288   289   290   291   292   293   294   295   296   297   298   299   300   301   302   303   304   305   306   307   308   309   310   311   312   313   314   315   316   317   318   319   320   321   322   323

control point infomation
0      1.000000000000000000000e+00      0.000000000000000000000e+00      1.000000000000000000000e+00
1      1.022222222222222143273e+00      0.000000000000000000000e+00      1.000000000000000000000e+00
2      1.066666666666666873908e+00      0.000000000000000000000e+00      9.999999999999998889777e-01
3      1.133333333333333081683e+00      0.000000000000000000000e+00      1.000000000000000222045e+00
4      1.199999999999999955591e+00      0.000000000000000000000e+00      1.000000000000000000000e+00
5      1.266666666666666607455e+00      0.000000000000000000000e+00      1.000000000000000222045e+00
6      1.333333333333333481363e+00      0.000000000000000000000e+00      1.000000000000000000000e+00
7      1.400000000000000133227e+00      0.000000000000000000000e+00      1.000000000000000000000e+00
8      1.466666666666666785090e+00      0.000000000000000000000e+00      1.000000000000000000000e+00
9      1.533333333333333214910e+00      0.000000000000000000000e+00      1.000000000000000000000e+00
10      1.600000000000000088818e+00      0.000000000000000000000e+00      1.000000000000000000000e+00
11      1.666666666666666518637e+00      0.000000000000000000000e+00      1.000000000000000000000e+00
12      1.733333333333333392545e+00      0.000000000000000000000e+00      1.000000000000000000000e+00
13      1.800000000000000044409e+00      0.000000000000000000000e+00      1.000000000000000000000e+00
14      1.866666666666666696273e+00      0.000000000000000000000e+00      1.000000000000000000000e+00
15      1.933333333333333126092e+00      0.000000000000000000000e+00      1.000000000000000000000e+00
16      1.977777777777777856727e+00      0.000000000000000000000e+00      1.000000000000000000000e+00
17      2.000000000000000000000e+00      0.000000000000000000000e+00      1.000000000000000000000e+00
18      1.000000000000000000000e+00      3.184146355281164408879e-02      9.869825236082909736268e-01
19      1.022222222222222143273e+00      3.254905163176300547656e-02      9.869825236082909736268e-01
20      1.066666666666666873908e+00      3.396422778966575600768e-02      9.869825236082908626045e-01
21      1.133333333333333081683e+00      3.608699202651985404877e-02      9.869825236082911956714e-01
22      1.199999999999999955591e+00      3.820975626337397290655e-02      9.869825236082909736268e-01
23      1.266666666666666385410e+00      4.033252050022807094765e-02      9.869825236082913066937e-01
24      1.333333333333333703408e+00      4.245528473708220368321e-02      9.869825236082909736268e-01
25      1.400000000000000133227e+00      4.457804897393630172431e-02      9.869825236082909736268e-01
26      1.466666666666666785090e+00      4.670081321079041364319e-02      9.869825236082909736268e-01
27      1.533333333333333214910e+00      4.882357744764451168429e-02      9.869825236082909736268e-01
28      1.600000000000000088818e+00      5.094634168449861666428e-02      9.869825236082909736268e-01
29      1.666666666666666518637e+00      5.306910592135272164427e-02      9.869825236082909736268e-01
30      1.733333333333333392545e+00      5.519187015820684744094e-02      9.869825236082909736268e-01
31      1.800000000000000266454e+00      5.731463439506095935982e-02      9.869825236082909736268e-01
32      1.866666666666666918317e+00      5.943739863191506433981e-02      9.869825236082909736268e-01
33      1.933333333333333126092e+00      6.156016286876916931980e-02      9.869825236082909736268e-01
34      1.977777777777777856727e+00      6.297533902667191985092e-02      9.869825236082909736268e-01
35      2.000000000000000000000e+00      6.368292710562328817758e-02      9.869825236082909736268e-01
36      9.969221828559392539759e-01      9.666066821821177323937e-02      9.626832343437675687525e-01
37      1.019076009141626881771e+00      9.880868306750537066740e-02      9.626832343437675687525e-01
38      1.063383661713002137361e+00      1.031047127660925794013e-01      9.626832343437674577302e-01
39      1.129845140570064243590e+00      1.095487573139733300520e-01      9.626832343437679018194e-01
40      1.196306619427127015953e+00      1.159928018618541362139e-01      9.626832343437676797748e-01
41      1.262768098284189788316e+00      1.224368464097349007424e-01      9.626832343437679018194e-01
42      1.329229577141252560679e+00      1.288808909576157346599e-01      9.626832343437676797748e-01
43      1.395691055998315110998e+00      1.353249355054964853107e-01      9.626832343437676797748e-01
44      1.462152534855377883360e+00      1.417689800533772914726e-01      9.626832343437675687525e-01
45      1.528614013712440433679e+00      1.482130246012580421233e-01      9.626832343437675687525e-01
46      1.595075492569503206042e+00      1.546570691491388205296e-01      9.626832343437675687525e-01
47      1.661536971426565312271e+00      1.611011136970195711804e-01      9.626832343437676797748e-01
48      1.727998450283628084634e+00      1.675451582449004050979e-01      9.626832343437675687525e-01
49      1.794459929140690856997e+00      1.739892027927811835042e-01      9.626832343437675687525e-01
50      1.860921407997753629360e+00      1.804332473406620174217e-01      9.626832343437675687525e-01
51      1.927382886854815957633e+00      1.868772918885427680724e-01      9.626832343437675687525e-01
52      1.971690539426191435268e+00      1.911733215871299629285e-01      9.626832343437675687525e-01
53      1.993844365711878507952e+00      1.933213364364235464787e-01      9.626832343437675687525e-01
54      9.825042152911899195900e-01      1.951939033947344970255e-01      9.314412910036660164792e-01
55      1.004337642297660870838e+00      1.995315456923952290857e-01      9.314412910036660164792e-01
56      1.048004496310602551290e+00      2.082068302877167764731e-01      9.314412910036660164792e-01
57      1.113504777330015294012e+00      2.212197571806990281651e-01      9.314412910036662385238e-01
58      1.179005058349427814690e+00      2.342326840736813908794e-01      9.314412910036661275015e-01
59      1.244505339368840779457e+00      2.472456109666636703270e-01      9.314412910036662385238e-01
60      1.310005620388253300135e+00      2.602585378596459775302e-01      9.314412910036661275015e-01
61      1.375505901407666042857e+00      2.732714647526282569778e-01      9.314412910036661275015e-01
62      1.441006182427078563535e+00      2.862843916456105919366e-01      9.314412910036660164792e-01
63      1.506506463446491084213e+00      2.992973185385928158730e-01      9.314412910036660164792e-01
64      1.572006744465903826935e+00      3.123102454315751508318e-01      9.314412910036660164792e-01
65      1.637507025485316347613e+00      3.253231723245573192571e-01      9.314412910036661275015e-01
66      1.703007306504729312380e+00      3.383360992175397652382e-01      9.314412910036660164792e-01
67      1.768507587524142055102e+00      3.513490261105221001969e-01      9.314412910036660164792e-01
68      1.834007868543554797824e+00      3.643619530035043796445e-01      9.314412910036660164792e-01
69      1.899508149562966874413e+00      3.773748798964866590921e-01      9.314412910036660164792e-01
70      1.943175003575908998954e+00      3.860501644918081787239e-01      9.314412910036660164792e-01
71      1.965008430582379839180e+00      3.903878067894689940509e-01      9.314412910036660164792e-01
72      9.574572024818888138498e-01      2.947713180651566622359e-01      9.054063382202479637328e-01
73      9.787340292037085554000e-01      3.013217917999378991922e-01      9.054063382202479637328e-01
74      1.021287682647348038500e+00      3.144227392695004286161e-01      9.054063382202479637328e-01
75      1.085118162812807263151e+00      3.340741604738441394851e-01      9.054063382202481857775e-01
76      1.148948642978266709846e+00      3.537255816781880168875e-01      9.054063382202479637328e-01
77      1.212779123143725712453e+00      3.733770028825316722454e-01      9.054063382202481857775e-01
78      1.276609603309185381192e+00      3.930284240868756051590e-01      9.054063382202479637328e-01
79      1.340440083474644383799e+00      4.126798452912193160280e-01      9.054063382202479637328e-01
80      1.404270563640103830494e+00      4.323312664955630824082e-01      9.054063382202479637328e-01
81      1.468101043805562833100e+00      4.519826876999067377660e-01      9.054063382202479637328e-01
82      1.531931523971022057751e+00      4.716341089042505596574e-01      9.054063382202479637328e-01
83      1.595762004136481504446e+00      4.912855301085942705264e-01      9.054063382202479637328e-01
84      1.659592484301940729097e+00      5.109369513129381479288e-01      9.054063382202479637328e-01
85      1.723422964467400175792e+00      5.305883725172818587978e-01      9.054063382202479637328e-01
86      1.787253444632859178398e+00      5.502397937216257917115e-01      9.054063382202479637328e-01
87      1.851083924798318181004e+00      5.698912149259693915582e-01      9.054063382202479637328e-01
88      1.893637578241958330239e+00      5.829921623955319764931e-01      9.054063382202479637328e-01
89      1.914914404963777627700e+00      5.895426361303133244718e-01      9.054063382202479637328e-01
90      9.212849516568555330309e-01      3.937266489315257023129e-01      8.845783759935138546027e-01
91      9.417579505825633967575e-01      4.024761300188928747623e-01      8.845783759935138546027e-01
92      9.827039484339793462553e-01      4.199750921936274972168e-01      8.845783759935136325581e-01
93      1.044122945211102715390e+00      4.462235354557289590538e-01      8.845783759935140766473e-01
94      1.105541941988226639637e+00      4.724719787178308649800e-01      8.845783759935138546027e-01
95      1.166960938765350119795e+00      4.987204219799325488616e-01      8.845783759935140766473e-01
96      1.228379935542474044041e+00      5.249688652420343437655e-01      8.845783759935138546027e-01
97      1.289798932319597968288e+00      5.512173085041359721359e-01      8.845783759935138546027e-01
98      1.351217929096721448445e+00      5.774657517662376005063e-01      8.845783759935138546027e-01
99      1.412636925873845150647e+00      6.037141950283392288767e-01      8.845783759935138546027e-01
100      1.474055922650968852849e+00      6.299626382904410792918e-01      8.845783759935138546027e-01
101      1.535474919428092110962e+00      6.562110815525427076622e-01      8.845783759935138546027e-01
102      1.596893916205216257254e+00      6.824595248146445580772e-01      8.845783759935138546027e-01
103      1.658312912982339959456e+00      7.087079680767461864477e-01      8.845783759935138546027e-01
104      1.719731909759463439613e+00      7.349564113388480368627e-01      8.845783759935138546027e-01
105      1.781150906536587585904e+00      7.612048546009497762554e-01      8.845783759935136325581e-01
106      1.822096904388003313358e+00      7.787038167756841211542e-01      8.845783759935138546027e-01
107      1.842569903313711066062e+00      7.874532978630514046259e-01      8.845783759935138546027e-01
108      8.738377403953614397381e-01      4.902362753812575246748e-01      8.689574043234629119326e-01
109      8.932563568485915039830e-01      5.011304148341743092132e-01      8.689574043234629119326e-01
110      9.320935897550521875843e-01      5.229186937400081003346e-01      8.689574043234628009102e-01
111      9.903494391147426023636e-01      5.556011120987583984387e-01      8.689574043234631339772e-01
112      1.048605288474433683277e+00      5.882835304575090296098e-01      8.689574043234629119326e-01
113      1.106861137834124209078e+00      6.209659488162594387362e-01      8.689574043234632449995e-01
114      1.165116987193815401014e+00      6.536483671750101809295e-01      8.689574043234629119326e-01
115      1.223372836553506148860e+00      6.863307855337607010782e-01      8.689574043234629119326e-01
116      1.281628685913196896706e+00      7.190132038925109991823e-01      8.689574043234629119326e-01
117      1.339884535272887644552e+00      7.516956222512616303533e-01      8.689574043234629119326e-01
118      1.398140384632577948310e+00      7.843780406100119284574e-01      8.689574043234629119326e-01
119      1.456396233992269140245e+00      8.170604589687623375838e-01      8.689574043234629119326e-01
120      1.514652083351959888091e+00      8.497428773275129687548e-01      8.689574043234629119326e-01
121      1.572907932711650635937e+00      8.824252956862635999258e-01      8.689574043234629119326e-01
122      1.631163782071341383784e+00      9.151077140450141200745e-01      8.689574043234629119326e-01
123      1.689419631431031687541e+00      9.477901324037646402232e-01      8.689574043234628009102e-01
124      1.728256864337492482164e+00      9.695784113095980982777e-01      8.689574043234629119326e-01
125      1.747675480790722879476e+00      9.804725507625150493496e-01      8.689574043234629119326e-01
126      8.153634234063347197008e-01      5.824107333115232654208e-01      8.585434232100954687894e-01
127      8.334826105931422146611e-01      5.953531940517793330514e-01      8.585434232100954687894e-01
128      8.697209849667569825371e-01      6.212381155322914683126e-01      8.585434232100954687894e-01
129      9.240785465271789123065e-01      6.600654977530593381374e-01      8.585434232100959128786e-01
130      9.784361080876015082097e-01      6.988928799738278740961e-01      8.585434232100956908340e-01
131      1.032793669648023549001e+00      7.377202621945957439209e-01      8.585434232100959128786e-01
132      1.087151231208446144905e+00      7.765476444153643909019e-01      8.585434232100956908340e-01
133      1.141508792768868518763e+00      8.153750266361324827713e-01      8.585434232100956908340e-01
134      1.195866354329291114666e+00      8.542024088569007966854e-01      8.585434232100954687894e-01
135      1.250223915889713266480e+00      8.930297910776688885548e-01      8.585434232100954687894e-01
136      1.304581477450135640339e+00      9.318571732984370914465e-01      8.585434232100954687894e-01
137      1.358939039010557792153e+00      9.706845555192050722937e-01      8.585434232100956908340e-01
138      1.413296600570980166012e+00      1.009511937739973497230e+00      8.585434232100954687894e-01
139      1.467654162131402317826e+00      1.048339319960741811144e+00      8.585434232100954687894e-01
140      1.522011723691824913729e+00      1.087166702181509903014e+00      8.585434232100954687894e-01
141      1.576369285252247065543e+00      1.125994084402277994883e+00      8.585434232100954687894e-01
142      1.612607659625862277508e+00      1.151879005882790352189e+00      8.585434232100954687894e-01
143      1.630726846812669439402e+00      1.164821466623046530842e+00      8.585434232100954687894e-01
144      7.465286983895291772484e-01      6.684039821397265157543e-01      8.533364326534118582401e-01
145      7.631182250204074923872e-01      6.832574039650537445212e-01      8.533364326534118582401e-01
146      7.962972782821643447093e-01      7.129642476157082020549e-01      8.533364326534118582401e-01
147      8.460658581747994011479e-01      7.575245130916896663109e-01      8.533364326534121913070e-01
148      8.958344380674347906535e-01      8.020847785676716856784e-01      8.533364326534120802847e-01
149      9.456030179600698470921e-01      8.466450440436532609567e-01      8.533364326534123023293e-01
150      9.953715978527055696645e-01      8.912053095196353913465e-01      8.533364326534120802847e-01
151      1.045140177745340626103e+00      9.357655749956169666248e-01      8.533364326534120802847e-01
152      1.094908757637975904586e+00      9.803258404715988749700e-01      8.533364326534118582401e-01
153      1.144677337530611405114e+00      1.024886105947580450248e+00      8.533364326534118582401e-01
154      1.194445917423246461553e+00      1.069446371423562469616e+00      8.533364326534118582401e-01
155      1.244214497315881517991e+00      1.114006636899543822850e+00      8.533364326534120802847e-01
156      1.293983077208517684653e+00      1.158566902375525842217e+00      8.533364326534118582401e-01
157      1.343751657101152519047e+00      1.203127167851507861585e+00      8.533364326534118582401e-01
158      1.393520236993788019575e+00      1.247687433327489658907e+00      8.533364326534118582401e-01
159      1.443288816886422631924e+00      1.292247698803471012141e+00      8.533364326534118582401e-01
160      1.476467870148179928336e+00      1.321954542454125691719e+00      8.533364326534118582401e-01
161      1.493057396779058354497e+00      1.336807964279453031509e+00      8.533364326534118582401e-01
162      6.684039821397264047320e-01      7.465286983895290662261e-01      8.533364326534119692624e-01
163      6.832574039650536334989e-01      7.631182250204073813649e-01      8.533364326534119692624e-01
164      7.129642476157080910326e-01      7.962972782821642336870e-01      8.533364326534119692624e-01
165      7.575245130916897773332e-01      8.460658581747995121702e-01      8.533364326534121913070e-01
166      8.020847785676716856784e-01      8.958344380674349016758e-01      8.533364326534120802847e-01
167      8.466450440436532609567e-01      9.456030179600699581144e-01      8.533364326534123023293e-01
168      8.912053095196352803242e-01      9.953715978527055696645e-01      8.533364326534120802847e-01
169      9.357655749956169666248e-01      1.045140177745340626103e+00      8.533364326534120802847e-01
170      9.803258404715987639477e-01      1.094908757637975904586e+00      8.533364326534119692624e-01
171      1.024886105947580450248e+00      1.144677337530611183070e+00      8.533364326534119692624e-01
172      1.069446371423562247571e+00      1.194445917423246683597e+00      8.533364326534119692624e-01
173      1.114006636899543822850e+00      1.244214497315881517991e+00      8.533364326534120802847e-01
174      1.158566902375525842217e+00      1.293983077208517240564e+00      8.533364326534119692624e-01
175      1.203127167851507639540e+00      1.343751657101152297002e+00      8.533364326534119692624e-01
176      1.247687433327489436863e+00      1.393520236993787797530e+00      8.533364326534119692624e-01
177      1.292247698803471012141e+00      1.443288816886423076014e+00      8.533364326534118582401e-01
178      1.321954542454125469675e+00      1.476467870148179706291e+00      8.533364326534119692624e-01
179      1.336807964279452809464e+00      1.493057396779058132452e+00      8.533364326534119692624e-01
180      5.824107333115229323539e-01      8.153634234063343866339e-01      8.585434232100956908340e-01
181      5.953531940517789999845e-01      8.334826105931418815942e-01      8.585434232100956908340e-01
182      6.212381155322913572903e-01      8.697209849667568715148e-01      8.585434232100954687894e-01
183      6.600654977530593381374e-01      9.240785465271790233288e-01      8.585434232100956908340e-01
184      6.988928799738275410292e-01      9.784361080876012861651e-01      8.585434232100956908340e-01
185      7.377202621945958549432e-01      1.032793669648023771046e+00      8.585434232100958018563e-01
186      7.765476444153641688573e-01      1.087151231208446144905e+00      8.585434232100956908340e-01
187      8.153750266361322607267e-01      1.141508792768868296719e+00      8.585434232100956908340e-01
188      8.542024088569004636184e-01      1.195866354329290448533e+00      8.585434232100956908340e-01
189      8.930297910776686665102e-01      1.250223915889712822391e+00      8.585434232100956908340e-01
190      9.318571732984367583796e-01      1.304581477450134974205e+00      8.585434232100956908340e-01
191      9.706845555192048502491e-01      1.358939039010557126019e+00      8.585434232100956908340e-01
192      1.009511937739973275185e+00      1.413296600570979943967e+00      8.585434232100956908340e-01
193      1.048339319960741145010e+00      1.467654162131402095781e+00      8.585434232100956908340e-01
194      1.087166702181509680969e+00      1.522011723691824469640e+00      8.585434232100956908340e-01
195      1.125994084402277772838e+00      1.576369285252246621454e+00      8.585434232100954687894e-01
196      1.151879005882789908100e+00      1.612607659625861167285e+00      8.585434232100956908340e-01
197      1.164821466623045864708e+00      1.630726846812668773268e+00      8.585434232100956908340e-01
198      4.902362753812575801859e-01      8.738377403953615507604e-01      8.689574043234626898879e-01
199      5.011304148341744202355e-01      8.932563568485916150053e-01      8.689574043234626898879e-01
200      5.229186937400081003346e-01      9.320935897550522986066e-01      8.689574043234626898879e-01
201      5.556011120987585094610e-01      9.903494391147426023636e-01      8.689574043234630229549e-01
202      5.882835304575091406321e-01      1.048605288474433905321e+00      8.689574043234626898879e-01
203      6.209659488162595497585e-01      1.106861137834124209078e+00      8.689574043234630229549e-01
204      6.536483671750102919518e-01      1.165116987193815401014e+00      8.689574043234626898879e-01
205      6.863307855337607010782e-01      1.223372836553506148860e+00      8.689574043234626898879e-01
206      7.190132038925111102046e-01      1.281628685913196896706e+00      8.689574043234626898879e-01
207      7.516956222512616303533e-01      1.339884535272887422508e+00      8.689574043234626898879e-01
208      7.843780406100122615243e-01      1.398140384632578392399e+00      8.689574043234626898879e-01
209      8.170604589687625596284e-01      1.456396233992268918200e+00      8.689574043234626898879e-01
210      8.497428773275131907994e-01      1.514652083351959888091e+00      8.689574043234626898879e-01
211      8.824252956862637109481e-01      1.572907932711650635937e+00      8.689574043234626898879e-01
212      9.151077140450142310968e-01      1.631163782071341383784e+00      8.689574043234626898879e-01
213      9.477901324037644181786e-01      1.689419631431031909585e+00      8.689574043234626898879e-01
214      9.695784113095983203223e-01      1.728256864337492704209e+00      8.689574043234626898879e-01
215      9.804725507625151603719e-01      1.747675480790723101521e+00      8.689574043234626898879e-01
216      3.937266489315257023129e-01      9.212849516568555330309e-01      8.845783759935135215358e-01
217      4.024761300188929302735e-01      9.417579505825635077798e-01      8.845783759935135215358e-01
218      4.199750921936274417057e-01      9.827039484339792352330e-01      8.845783759935135215358e-01
219      4.462235354557291255873e-01      1.044122945211102715390e+00      8.845783759935137435804e-01
220      4.724719787178308649800e-01      1.105541941988226639637e+00      8.845783759935136325581e-01
221      4.987204219799325488616e-01      1.166960938765350119795e+00      8.845783759935138546027e-01
222      5.249688652420343437655e-01      1.228379935542474266086e+00      8.845783759935136325581e-01
223      5.512173085041360831582e-01      1.289798932319597968288e+00      8.845783759935136325581e-01
224      5.774657517662378225509e-01      1.351217929096721670490e+00      8.845783759935135215358e-01
225      6.037141950283394509214e-01      1.412636925873845150647e+00      8.845783759935135215358e-01
226      6.299626382904413013364e-01      1.474055922650969074894e+00      8.845783759935135215358e-01
227      6.562110815525428186845e-01      1.535474919428092333007e+00      8.845783759935136325581e-01
228      6.824595248146446690996e-01      1.596893916205216257254e+00      8.845783759935135215358e-01
229      7.087079680767464084923e-01      1.658312912982340181500e+00      8.845783759935135215358e-01
230      7.349564113388480368627e-01      1.719731909759463883702e+00      8.845783759935135215358e-01
231      7.612048546009496652331e-01      1.781150906536587363860e+00      8.845783759935135215358e-01
232      7.787038167756843431988e-01      1.822096904388003313358e+00      8.845783759935135215358e-01
233      7.874532978630514046259e-01      1.842569903313711066062e+00      8.845783759935135215358e-01
234      2.947713180651565512136e-01      9.574572024818888138498e-01      9.054063382202479637328e-01
235      3.013217917999378436811e-01      9.787340292037084443777e-01      9.054063382202479637328e-01
236      3.144227392695003175938e-01      1.021287682647348038500e+00      9.054063382202478527105e-01
237      3.340741604738440284628e-01      1.085118162812807041107e+00      9.054063382202481857775e-01
238      3.537255816781879058652e-01      1.148948642978266487802e+00      9.054063382202479637328e-01
239      3.733770028825316167342e-01      1.212779123143725712453e+00      9.054063382202481857775e-01
240      3.930284240868754386256e-01      1.276609603309185381192e+00      9.054063382202479637328e-01
241      4.126798452912192050057e-01      1.340440083474644605843e+00      9.054063382202479637328e-01
242      4.323312664955629158747e-01      1.404270563640103830494e+00      9.054063382202479637328e-01
243      4.519826876999066822549e-01      1.468101043805562833100e+00      9.054063382202479637328e-01
244      4.716341089042504486351e-01      1.531931523971022057751e+00      9.054063382202479637328e-01
245      4.912855301085942150152e-01      1.595762004136481282401e+00      9.054063382202479637328e-01
246      5.109369513129380369065e-01      1.659592484301940507052e+00      9.054063382202479637328e-01
247      5.305883725172818587978e-01      1.723422964467399953747e+00      9.054063382202479637328e-01
248      5.502397937216255696669e-01      1.787253444632859178398e+00      9.054063382202479637328e-01
249      5.698912149259691695136e-01      1.851083924798318181004e+00      9.054063382202479637328e-01
250      5.829921623955318654708e-01      1.893637578241958108194e+00      9.054063382202479637328e-01
251      5.895426361303131024272e-01      1.914914404963777627700e+00      9.054063382202479637328e-01
252      1.951939033947344137587e-01      9.825042152911899195900e-01      9.314412910036660164792e-01
253      1.995315456923952013302e-01      1.004337642297660648794e+00      9.314412910036660164792e-01
254      2.082068302877167209619e-01      1.048004496310602551290e+00      9.314412910036659054569e-01
255      2.212197571806990004095e-01      1.113504777330015071968e+00      9.314412910036662385238e-01
256      2.342326840736813353683e-01      1.179005058349427814690e+00      9.314412910036660164792e-01
257      2.472456109666635593047e-01      1.244505339368840557412e+00      9.314412910036662385238e-01
258      2.602585378596459220191e-01      1.310005620388253300135e+00      9.314412910036660164792e-01
259      2.732714647526282014667e-01      1.375505901407665820813e+00      9.314412910036660164792e-01
260      2.862843916456104809143e-01      1.441006182427078563535e+00      9.314412910036660164792e-01
261      2.992973185385928158730e-01      1.506506463446491084213e+00      9.314412910036660164792e-01
262      3.123102454315750398095e-01      1.572006744465903826935e+00      9.314412910036660164792e-01
263      3.253231723245573192571e-01      1.637507025485316347613e+00      9.314412910036660164792e-01
264      3.383360992175397097270e-01      1.703007306504729312380e+00      9.314412910036660164792e-01
265      3.513490261105219891746e-01      1.768507587524142055102e+00      9.314412910036660164792e-01
266      3.643619530035042686222e-01      1.834007868543554575780e+00      9.314412910036660164792e-01
267      3.773748798964864370475e-01      1.899508149562966874413e+00      9.314412910036660164792e-01
268      3.860501644918080677016e-01      1.943175003575908776909e+00      9.314412910036660164792e-01
269      3.903878067894688275175e-01      1.965008430582379839180e+00      9.314412910036660164792e-01
270      9.666066821821173160600e-02      9.969221828559393649982e-01      9.626832343437674577302e-01
271      9.880868306750532903404e-02      1.019076009141626881771e+00      9.626832343437674577302e-01
272      1.031047127660925377679e-01      1.063383661713002137361e+00      9.626832343437673467079e-01
273      1.095487573139732884187e-01      1.129845140570064465635e+00      9.626832343437677907971e-01
274      1.159928018618540945806e-01      1.196306619427127237998e+00      9.626832343437674577302e-01
275      1.224368464097348591091e-01      1.262768098284189566272e+00      9.626832343437677907971e-01
276      1.288808909576156791488e-01      1.329229577141252782724e+00      9.626832343437674577302e-01
277      1.353249355054964575551e-01      1.395691055998315333042e+00      9.626832343437674577302e-01
278      1.417689800533772082058e-01      1.462152534855378105405e+00      9.626832343437674577302e-01
279      1.482130246012580143677e-01      1.528614013712440211634e+00      9.626832343437674577302e-01
280      1.546570691491387927741e-01      1.595075492569503206042e+00      9.626832343437674577302e-01
281      1.611011136970195434248e-01      1.661536971426565756360e+00      9.626832343437674577302e-01
282      1.675451582449003773423e-01      1.727998450283628306678e+00      9.626832343437674577302e-01
283      1.739892027927811002375e-01      1.794459929140690856997e+00      9.626832343437674577302e-01
284      1.804332473406619063994e-01      1.860921407997753629360e+00      9.626832343437674577302e-01
285      1.868772918885426848057e-01      1.927382886854815957633e+00      9.626832343437674577302e-01
286      1.911733215871299074173e-01      1.971690539426191435268e+00      9.626832343437674577302e-01
287      1.933213364364234632120e-01      1.993844365711878729996e+00      9.626832343437674577302e-01
288      3.184146355281163021100e-02      1.000000000000000000000e+00      9.869825236082909736268e-01
289      3.254905163176299853767e-02      1.022222222222222143273e+00      9.869825236082909736268e-01
290      3.396422778966574212989e-02      1.066666666666666873908e+00      9.869825236082908626045e-01
291      3.608699202651984710988e-02      1.133333333333333081683e+00      9.869825236082911956714e-01
292      3.820975626337395902876e-02      1.199999999999999955591e+00      9.869825236082909736268e-01
293      4.033252050022805706986e-02      1.266666666666666607455e+00      9.869825236082911956714e-01
294      4.245528473708218286653e-02      1.333333333333333703408e+00      9.869825236082909736268e-01
295      4.457804897393628090763e-02      1.400000000000000133227e+00      9.869825236082909736268e-01
296      4.670081321079038588762e-02      1.466666666666666785090e+00      9.869825236082909736268e-01
297      4.882357744764450474539e-02      1.533333333333333214910e+00      9.869825236082909736268e-01
298      5.094634168449860278649e-02      1.600000000000000088818e+00      9.869825236082909736268e-01
299      5.306910592135271470537e-02      1.666666666666666518637e+00      9.869825236082909736268e-01
300      5.519187015820683356315e-02      1.733333333333333392545e+00      9.869825236082909736268e-01
301      5.731463439506093160425e-02      1.800000000000000266454e+00      9.869825236082909736268e-01
302      5.943739863191504352313e-02      1.866666666666666918317e+00      9.869825236082909736268e-01
303      6.156016286876913462534e-02      1.933333333333333126092e+00      9.869825236082909736268e-01
304      6.297533902667189209534e-02      1.977777777777777856727e+00      9.869825236082909736268e-01
305      6.368292710562326042201e-02      2.000000000000000000000e+00      9.869825236082909736268e-01
306      0.000000000000000000000e+00      1.000000000000000000000e+00      1.000000000000000000000e+00
307      0.000000000000000000000e+00      1.022222222222222143273e+00      1.000000000000000000000e+00
308      0.000000000000000000000e+00      1.066666666666666873908e+00      9.999999999999998889777e-01
309      0.000000000000000000000e+00      1.133333333333333081683e+00      1.000000000000000222045e+00
310      0.000000000000000000000e+00      1.199999999999999955591e+00      1.000000000000000000000e+00
311      0.000000000000000000000e+00      1.266666666666666607455e+00      1.000000000000000222045e+00
312      0.000000000000000000000e+00      1.333333333333333481363e+00      1.000000000000000000000e+00
313      0.000000000000000000000e+00      1.400000000000000133227e+00      1.000000000000000000000e+00
314      0.000000000000000000000e+00      1.466666666666666785090e+00      1.000000000000000000000e+00
315      0.000000000000000000000e+00      1.533333333333333214910e+00      1.000000000000000000000e+00
316      0.000000000000000000000e+00      1.600000000000000088818e+00      1.000000000000000000000e+00
317      0.000000000000000000000e+00      1.666666666666666518637e+00      1.000000000000000000000e+00
318      0.000000000000000000000e+00      1.733333333333333392545e+00      1.000000000000000000000e+00
319      0.000000000000000000000e+00      1.800000000000000044409e+00      1.000000000000000000000e+00
320      0.000000000000000000000e+00      1.866666666666666696273e+00      1.000000000000000000000e+00
321      0.000000000000000000000e+00      1.933333333333333126092e+00      1.000000000000000000000e+00
322      0.000000000000000000000e+00      1.977777777777777856727e+00      1.000000000000000000000e+00
323      0.000000000000000000000e+00      2.000000000000000000000e+00      1.000000000000000000000e+00

boundary 0
0
1
2
3
4
5
6
7
8
9
10
11
12
13
14
15
16
17
35
53
71
89
107
125
143
161
179
197
215
233
251
269
287
305
323

boundary 1
17
35
53
71
89
107
125
143
161
179
197
215
233
251
269
287
305
306
307
308
309
310
311
312
313
314
315
316
317
318
319
320
321
322
323

