patch connectivity
0   1   2   3   4   5   6   7   8   9   10   11   12   13   14   15   16   17   18   19   20   21   22   23   24   25   26   27   28   29   30   31   32   33   34   35   36   37   38   39   40   41   42   43   44   45   46   47   48   49   50   51   52   53   54   55   56   57   58   59   60   61   62   63   64   65   66   67   68   69   70   71   72   73   74   75   76   77   78   79   80   81   82   83   84   85   86   87   88   89   90   91   92   93   94   95   96   97   98   99   100   101   102   103   104   105   106   107   108   109   110   111   112   113   114   115   116   117   118   119   120   121   122   123   124   125   126   127   128   129   130   131   132   133   134   135   136   137   138   139   140   141   142   143   144   145   146   147   148   149   150   151   152   153   154   155   156   157   158   159   160   161   162   163   164   165   166   167   168   169   170   171   172   173   174   175   176   177   178   179   180   181   182   183   184   185   186   187   188   189   190   191   192   193   194   195   196   197   198   199   200   201   202   203   204   205   206   207   208   209   210   211   212   213   214   215   216   217   218   219   220   221   222   223   224   225   226   227   228   229   230   231   232   233   234   235   236   237   238   239   240   241   242   243   244   245   246   247   248   249   250   251   252   253   254   255   256   257   258   259   260   261   262   263   264   265   266   267   268   269   270   271   272   273   274   275   276   277   278   279   280   281   282   283   284   285   286   287   288   289   290   291   292   293   294   295   296   297   298   299   300   301   302   303   304   305   306   307   308   309   310   311   312   313   314   315   316   317   318   319   320   321   322   323

control point infomation
0      0.000000000000000000000e+00      0.000000000000000000000e+00      1.000000000000000000000e+00
1      1.111111111111111160454e+00      0.000000000000000000000e+00      1.000000000000000000000e+00
2      3.333333333333333925452e+00      0.000000000000000000000e+00      9.999999999999998889777e-01
3      6.666666666666665186369e+00      0.000000000000000000000e+00      1.000000000000000222045e+00
4      1.000000000000000177636e+01      0.000000000000000000000e+00      1.000000000000000000000e+00
5      1.333333333333333214910e+01      0.000000000000000000000e+00      1.000000000000000222045e+00
6      1.666666666666666785090e+01      0.000000000000000000000e+00      1.000000000000000000000e+00
7      2.000000000000000000000e+01      0.000000000000000000000e+00      1.000000000000000000000e+00
8      2.333333333333333214910e+01      0.000000000000000000000e+00      1.000000000000000000000e+00
9      2.666666666666666429819e+01      0.000000000000000000000e+00      1.000000000000000000000e+00
10      2.999999999999999289457e+01      0.000000000000000000000e+00      1.000000000000000000000e+00
11      3.333333333333332859638e+01      0.000000000000000000000e+00      1.000000000000000000000e+00
12      3.666666666666666429819e+01      0.000000000000000000000e+00      1.000000000000000000000e+00
13      4.000000000000000000000e+01      0.000000000000000000000e+00      1.000000000000000000000e+00
14      4.333333333333333570181e+01      0.000000000000000000000e+00      1.000000000000000000000e+00
15      4.666666666666666429819e+01      0.000000000000000000000e+00      1.000000000000000000000e+00
16      4.888888888888888573092e+01      0.000000000000000000000e+00      1.000000000000000000000e+00
17      5.000000000000000000000e+01      0.000000000000000000000e+00      1.000000000000000000000e+00
18      0.000000000000000000000e+00      1.111111111111111160454e+00      1.000000000000000000000e+00
19      1.111111111111111160454e+00      1.111111111111111160454e+00      1.000000000000000000000e+00
20      3.333333333333333925452e+00      1.111111111111111382499e+00      9.999999999999998889777e-01
21      6.666666666666665186369e+00      1.111111111111110938410e+00      1.000000000000000222045e+00
22      1.000000000000000177636e+01      1.111111111111111160454e+00      1.000000000000000000000e+00
23      1.333333333333333214910e+01      1.111111111111111160454e+00      1.000000000000000222045e+00
24      1.666666666666666785090e+01      1.111111111111111160454e+00      1.000000000000000000000e+00
25      2.000000000000000000000e+01      1.111111111111111382499e+00      1.000000000000000000000e+00
26      2.333333333333333570181e+01      1.111111111111111160454e+00      1.000000000000000000000e+00
27      2.666666666666666429819e+01      1.111111111111111160454e+00      1.000000000000000000000e+00
28      2.999999999999999289457e+01      1.111111111111110938410e+00      1.000000000000000000000e+00
29      3.333333333333332859638e+01      1.111111111111111160454e+00      1.000000000000000000000e+00
30      3.666666666666666429819e+01      1.111111111111111160454e+00      1.000000000000000000000e+00
31      4.000000000000000000000e+01      1.111111111111111160454e+00      1.000000000000000000000e+00
32      4.333333333333333570181e+01      1.111111111111111160454e+00      1.000000000000000000000e+00
33      4.666666666666667140362e+01      1.111111111111111160454e+00      1.000000000000000000000e+00
34      4.888888888888888573092e+01      1.111111111111111160454e+00      1.000000000000000000000e+00
35      5.000000000000000000000e+01      1.111111111111111160454e+00      1.000000000000000000000e+00
36      0.000000000000000000000e+00      3.333333333333333925452e+00      9.999999999999998889777e-01
37      1.111111111111111382499e+00      3.333333333333333925452e+00      9.999999999999998889777e-01
38      3.333333333333334369541e+00      3.333333333333334369541e+00      9.999999999999997779554e-01
39      6.666666666666665186369e+00      3.333333333333332593185e+00      1.000000000000000222045e+00
40      1.000000000000000355271e+01      3.333333333333333925452e+00      9.999999999999998889777e-01
41      1.333333333333333214910e+01      3.333333333333333481363e+00      1.000000000000000222045e+00
42      1.666666666666667140362e+01      3.333333333333333925452e+00      9.999999999999998889777e-01
43      2.000000000000000355271e+01      3.333333333333334813631e+00      9.999999999999998889777e-01
44      2.333333333333333925452e+01      3.333333333333333925452e+00      9.999999999999998889777e-01
45      2.666666666666667140362e+01      3.333333333333333925452e+00      9.999999999999998889777e-01
46      2.999999999999999644729e+01      3.333333333333333481363e+00      9.999999999999998889777e-01
47      3.333333333333333570181e+01      3.333333333333333925452e+00      9.999999999999998889777e-01
48      3.666666666666667140362e+01      3.333333333333333925452e+00      9.999999999999998889777e-01
49      4.000000000000000710543e+01      3.333333333333333925452e+00      9.999999999999998889777e-01
50      4.333333333333334280724e+01      3.333333333333333925452e+00      9.999999999999998889777e-01
51      4.666666666666667850905e+01      3.333333333333333925452e+00      9.999999999999998889777e-01
52      4.888888888888888573092e+01      3.333333333333333925452e+00      9.999999999999998889777e-01
53      5.000000000000000710543e+01      3.333333333333333925452e+00      9.999999999999998889777e-01
54      0.000000000000000000000e+00      6.666666666666665186369e+00      1.000000000000000222045e+00
55      1.111111111111111160454e+00      6.666666666666665186369e+00      1.000000000000000222045e+00
56      3.333333333333334369541e+00      6.666666666666667850905e+00      9.999999999999998889777e-01
57      6.666666666666665186369e+00      6.666666666666664298191e+00      1.000000000000000444089e+00
58      1.000000000000000000000e+01      6.666666666666665186369e+00      1.000000000000000222045e+00
59      1.333333333333333214910e+01      6.666666666666665186369e+00      1.000000000000000444089e+00
60      1.666666666666666429819e+01      6.666666666666665186369e+00      1.000000000000000222045e+00
61      1.999999999999999644729e+01      6.666666666666666074548e+00      1.000000000000000222045e+00
62      2.333333333333333214910e+01      6.666666666666665186369e+00      1.000000000000000222045e+00
63      2.666666666666666074548e+01      6.666666666666665186369e+00      1.000000000000000222045e+00
64      2.999999999999998578915e+01      6.666666666666664298191e+00      1.000000000000000222045e+00
65      3.333333333333332149095e+01      6.666666666666665186369e+00      1.000000000000000222045e+00
66      3.666666666666666429819e+01      6.666666666666665186369e+00      1.000000000000000222045e+00
67      3.999999999999999289457e+01      6.666666666666665186369e+00      1.000000000000000222045e+00
68      4.333333333333333570181e+01      6.666666666666665186369e+00      1.000000000000000222045e+00
69      4.666666666666666429819e+01      6.666666666666665186369e+00      1.000000000000000222045e+00
70      4.888888888888887862549e+01      6.666666666666665186369e+00      1.000000000000000222045e+00
71      4.999999999999999289457e+01      6.666666666666665186369e+00      1.000000000000000222045e+00
72      0.000000000000000000000e+00      1.000000000000000177636e+01      1.000000000000000000000e+00
73      1.111111111111111160454e+00      1.000000000000000177636e+01      1.000000000000000000000e+00
74      3.333333333333334369541e+00      1.000000000000000355271e+01      9.999999999999997779554e-01
75      6.666666666666665186369e+00      1.000000000000000000000e+01      1.000000000000000222045e+00
76      1.000000000000000355271e+01      1.000000000000000177636e+01      1.000000000000000000000e+00
77      1.333333333333333214910e+01      1.000000000000000177636e+01      1.000000000000000222045e+00
78      1.666666666666666785090e+01      1.000000000000000177636e+01      1.000000000000000000000e+00
79      2.000000000000000355271e+01      1.000000000000000177636e+01      1.000000000000000000000e+00
80      2.333333333333333570181e+01      1.000000000000000177636e+01      1.000000000000000000000e+00
81      2.666666666666666785090e+01      1.000000000000000177636e+01      1.000000000000000000000e+00
82      2.999999999999999644729e+01      1.000000000000000000000e+01      1.000000000000000000000e+00
83      3.333333333333332859638e+01      1.000000000000000177636e+01      1.000000000000000000000e+00
84      3.666666666666667140362e+01      1.000000000000000177636e+01      1.000000000000000000000e+00
85      4.000000000000000710543e+01      1.000000000000000177636e+01      1.000000000000000000000e+00
86      4.333333333333334280724e+01      1.000000000000000177636e+01      1.000000000000000000000e+00
87      4.666666666666667140362e+01      1.000000000000000177636e+01      1.000000000000000000000e+00
88      4.888888888888888573092e+01      1.000000000000000177636e+01      1.000000000000000000000e+00
89      5.000000000000000000000e+01      1.000000000000000177636e+01      1.000000000000000000000e+00
90      0.000000000000000000000e+00      1.333333333333333214910e+01      1.000000000000000222045e+00
91      1.111111111111111160454e+00      1.333333333333333214910e+01      1.000000000000000222045e+00
92      3.333333333333334369541e+00      1.333333333333333570181e+01      1.000000000000000000000e+00
93      6.666666666666666074548e+00      1.333333333333333037274e+01      1.000000000000000444089e+00
94      1.000000000000000000000e+01      1.333333333333333214910e+01      1.000000000000000222045e+00
95      1.333333333333333392545e+01      1.333333333333333392545e+01      1.000000000000000444089e+00
96      1.666666666666666785090e+01      1.333333333333333214910e+01      1.000000000000000222045e+00
97      2.000000000000000000000e+01      1.333333333333333214910e+01      1.000000000000000222045e+00
98      2.333333333333333214910e+01      1.333333333333333214910e+01      1.000000000000000222045e+00
99      2.666666666666666429819e+01      1.333333333333333214910e+01      1.000000000000000222045e+00
100      2.999999999999999289457e+01      1.333333333333332859638e+01      1.000000000000000222045e+00
101      3.333333333333332859638e+01      1.333333333333333214910e+01      1.000000000000000222045e+00
102      3.666666666666666429819e+01      1.333333333333333214910e+01      1.000000000000000222045e+00
103      4.000000000000000000000e+01      1.333333333333333214910e+01      1.000000000000000222045e+00
104      4.333333333333334280724e+01      1.333333333333333214910e+01      1.000000000000000222045e+00
105      4.666666666666666429819e+01      1.333333333333333214910e+01      1.000000000000000222045e+00
106      4.888888888888887862549e+01      1.333333333333333214910e+01      1.000000000000000222045e+00
107      4.999999999999999289457e+01      1.333333333333333214910e+01      1.000000000000000222045e+00
108      0.000000000000000000000e+00      1.666666666666666785090e+01      1.000000000000000000000e+00
109      1.111111111111111160454e+00      1.666666666666666785090e+01      1.000000000000000000000e+00
110      3.333333333333333925452e+00      1.666666666666666785090e+01      1.000000000000000000000e+00
111      6.666666666666665186369e+00      1.666666666666666074548e+01      1.000000000000000444089e+00
112      1.000000000000000355271e+01      1.666666666666666785090e+01      1.000000000000000000000e+00
113      1.333333333333333214910e+01      1.666666666666666429819e+01      1.000000000000000444089e+00
114      1.666666666666666785090e+01      1.666666666666666785090e+01      1.000000000000000000000e+00
115      2.000000000000000355271e+01      1.666666666666666785090e+01      1.000000000000000000000e+00
116      2.333333333333333570181e+01      1.666666666666666785090e+01      1.000000000000000000000e+00
117      2.666666666666667140362e+01      1.666666666666666785090e+01      1.000000000000000000000e+00
118      2.999999999999999644729e+01      1.666666666666666785090e+01      1.000000000000000000000e+00
119      3.333333333333332859638e+01      1.666666666666666785090e+01      1.000000000000000000000e+00
120      3.666666666666667140362e+01      1.666666666666666785090e+01      1.000000000000000000000e+00
121      4.000000000000000710543e+01      1.666666666666666785090e+01      1.000000000000000000000e+00
122      4.333333333333334280724e+01      1.666666666666666785090e+01      1.000000000000000000000e+00
123      4.666666666666667140362e+01      1.666666666666666785090e+01      1.000000000000000000000e+00
124      4.888888888888888573092e+01      1.666666666666666785090e+01      1.000000000000000000000e+00
125      5.000000000000000710543e+01      1.666666666666666785090e+01      1.000000000000000000000e+00
126      0.000000000000000000000e+00      2.000000000000000000000e+01      1.000000000000000000000e+00
127      1.111111111111111160454e+00      2.000000000000000000000e+01      1.000000000000000000000e+00
128      3.333333333333333925452e+00      2.000000000000000355271e+01      9.999999999999998889777e-01
129      6.666666666666665186369e+00      1.999999999999999644729e+01      1.000000000000000222045e+00
130      1.000000000000000177636e+01      2.000000000000000000000e+01      1.000000000000000000000e+00
131      1.333333333333333214910e+01      2.000000000000000000000e+01      1.000000000000000222045e+00
132      1.666666666666667140362e+01      2.000000000000000000000e+01      1.000000000000000000000e+00
133      2.000000000000000000000e+01      2.000000000000000355271e+01      1.000000000000000000000e+00
134      2.333333333333333570181e+01      2.000000000000000000000e+01      1.000000000000000000000e+00
135      2.666666666666666429819e+01      2.000000000000000000000e+01      1.000000000000000000000e+00
136      2.999999999999999289457e+01      2.000000000000000000000e+01      1.000000000000000000000e+00
137      3.333333333333332859638e+01      2.000000000000000000000e+01      1.000000000000000000000e+00
138      3.666666666666666429819e+01      2.000000000000000000000e+01      1.000000000000000000000e+00
139      4.000000000000000000000e+01      2.000000000000000000000e+01      1.000000000000000000000e+00
140      4.333333333333333570181e+01      2.000000000000000000000e+01      1.000000000000000000000e+00
141      4.666666666666667140362e+01      2.000000000000000000000e+01      1.000000000000000000000e+00
142      4.888888888888888573092e+01      2.000000000000000000000e+01      1.000000000000000000000e+00
143      5.000000000000000000000e+01      2.000000000000000000000e+01      1.000000000000000000000e+00
144      0.000000000000000000000e+00      2.333333333333333214910e+01      1.000000000000000000000e+00
145      1.111111111111111160454e+00      2.333333333333333214910e+01      1.000000000000000000000e+00
146      3.333333333333333925452e+00      2.333333333333333570181e+01      9.999999999999998889777e-01
147      6.666666666666665186369e+00      2.333333333333332859638e+01      1.000000000000000222045e+00
148      1.000000000000000177636e+01      2.333333333333333214910e+01      1.000000000000000000000e+00
149      1.333333333333333214910e+01      2.333333333333333214910e+01      1.000000000000000222045e+00
150      1.666666666666666785090e+01      2.333333333333333214910e+01      1.000000000000000000000e+00
151      1.999999999999999644729e+01      2.333333333333333214910e+01      1.000000000000000000000e+00
152      2.333333333333332859638e+01      2.333333333333333214910e+01      1.000000000000000000000e+00
153      2.666666666666666429819e+01      2.333333333333333214910e+01      1.000000000000000000000e+00
154      2.999999999999999289457e+01      2.333333333333333214910e+01      1.000000000000000000000e+00
155      3.333333333333332859638e+01      2.333333333333333214910e+01      1.000000000000000000000e+00
156      3.666666666666665719276e+01      2.333333333333333214910e+01      1.000000000000000000000e+00
157      3.999999999999999289457e+01      2.333333333333333214910e+01      1.000000000000000000000e+00
158      4.333333333333332859638e+01      2.333333333333333214910e+01      1.000000000000000000000e+00
159      4.666666666666665719276e+01      2.333333333333333214910e+01      1.000000000000000000000e+00
160      4.888888888888888573092e+01      2.333333333333333214910e+01      1.000000000000000000000e+00
161      5.000000000000000000000e+01      2.333333333333333214910e+01      1.000000000000000000000e+00
162      0.000000000000000000000e+00      2.666666666666666429819e+01      1.000000000000000000000e+00
163      1.111111111111111160454e+00      2.666666666666666429819e+01      1.000000000000000000000e+00
164      3.333333333333333925452e+00      2.666666666666666785090e+01      9.999999999999998889777e-01
165      6.666666666666665186369e+00      2.666666666666665719276e+01      1.000000000000000222045e+00
166      1.000000000000000177636e+01      2.666666666666666429819e+01      1.000000000000000000000e+00
167      1.333333333333333392545e+01      2.666666666666666429819e+01      1.000000000000000222045e+00
168      1.666666666666666785090e+01      2.666666666666666429819e+01      1.000000000000000000000e+00
169      2.000000000000000000000e+01      2.666666666666666785090e+01      1.000000000000000000000e+00
170      2.333333333333332859638e+01      2.666666666666666429819e+01      1.000000000000000000000e+00
171      2.666666666666666785090e+01      2.666666666666666429819e+01      1.000000000000000000000e+00
172      2.999999999999999289457e+01      2.666666666666666429819e+01      1.000000000000000000000e+00
173      3.333333333333332859638e+01      2.666666666666666429819e+01      1.000000000000000000000e+00
174      3.666666666666666429819e+01      2.666666666666666429819e+01      1.000000000000000000000e+00
175      4.000000000000000000000e+01      2.666666666666666429819e+01      1.000000000000000000000e+00
176      4.333333333333334280724e+01      2.666666666666666429819e+01      1.000000000000000000000e+00
177      4.666666666666665719276e+01      2.666666666666666429819e+01      1.000000000000000000000e+00
178      4.888888888888888573092e+01      2.666666666666666429819e+01      1.000000000000000000000e+00
179      5.000000000000000000000e+01      2.666666666666666429819e+01      1.000000000000000000000e+00
180      0.000000000000000000000e+00      2.999999999999999289457e+01      1.000000000000000000000e+00
181      1.111111111111110938410e+00      2.999999999999999289457e+01      1.000000000000000000000e+00
182      3.333333333333333925452e+00      3.000000000000000000000e+01      9.999999999999997779554e-01
183      6.666666666666664298191e+00      2.999999999999998934186e+01      1.000000000000000222045e+00
184      1.000000000000000177636e+01      2.999999999999999289457e+01      1.000000000000000000000e+00
185      1.333333333333333214910e+01      2.999999999999999644729e+01      1.000000000000000222045e+00
186      1.666666666666666429819e+01      2.999999999999999644729e+01      1.000000000000000000000e+00
187      1.999999999999999644729e+01      3.000000000000000000000e+01      1.000000000000000000000e+00
188      2.333333333333333214910e+01      2.999999999999999289457e+01      1.000000000000000000000e+00
189      2.666666666666666429819e+01      2.999999999999999289457e+01      1.000000000000000000000e+00
190      2.999999999999999289457e+01      2.999999999999999289457e+01      1.000000000000000000000e+00
191      3.333333333333332859638e+01      2.999999999999999289457e+01      1.000000000000000000000e+00
192      3.666666666666666429819e+01      2.999999999999999289457e+01      1.000000000000000000000e+00
193      3.999999999999999289457e+01      2.999999999999999289457e+01      1.000000000000000000000e+00
194      4.333333333333332859638e+01      2.999999999999999289457e+01      1.000000000000000000000e+00
195      4.666666666666666429819e+01      2.999999999999999289457e+01      1.000000000000000000000e+00
196      4.888888888888888573092e+01      2.999999999999999289457e+01      1.000000000000000000000e+00
197      4.999999999999999289457e+01      2.999999999999999289457e+01      1.000000000000000000000e+00
198      0.000000000000000000000e+00      3.333333333333332859638e+01      1.000000000000000000000e+00
199      1.111111111111111160454e+00      3.333333333333332859638e+01      1.000000000000000000000e+00
200      3.333333333333334813631e+00      3.333333333333333570181e+01      9.999999999999997779554e-01
201      6.666666666666666074548e+00      3.333333333333332149095e+01      1.000000000000000222045e+00
202      1.000000000000000177636e+01      3.333333333333332859638e+01      1.000000000000000000000e+00
203      1.333333333333333214910e+01      3.333333333333332859638e+01      1.000000000000000222045e+00
204      1.666666666666666785090e+01      3.333333333333332859638e+01      1.000000000000000000000e+00
205      2.000000000000000000000e+01      3.333333333333332859638e+01      1.000000000000000000000e+00
206      2.333333333333332859638e+01      3.333333333333332859638e+01      1.000000000000000000000e+00
207      2.666666666666666429819e+01      3.333333333333332859638e+01      1.000000000000000000000e+00
208      2.999999999999999289457e+01      3.333333333333332859638e+01      1.000000000000000000000e+00
209      3.333333333333332859638e+01      3.333333333333332859638e+01      1.000000000000000000000e+00
210      3.666666666666666429819e+01      3.333333333333332859638e+01      1.000000000000000000000e+00
211      4.000000000000000000000e+01      3.333333333333332859638e+01      1.000000000000000000000e+00
212      4.333333333333333570181e+01      3.333333333333332859638e+01      1.000000000000000000000e+00
213      4.666666666666665719276e+01      3.333333333333332859638e+01      1.000000000000000000000e+00
214      4.888888888888888573092e+01      3.333333333333332859638e+01      1.000000000000000000000e+00
215      5.000000000000000000000e+01      3.333333333333332859638e+01      1.000000000000000000000e+00
216      0.000000000000000000000e+00      3.666666666666666429819e+01      1.000000000000000000000e+00
217      1.111111111111111160454e+00      3.666666666666666429819e+01      1.000000000000000000000e+00
218      3.333333333333333925452e+00      3.666666666666667140362e+01      9.999999999999997779554e-01
219      6.666666666666664298191e+00      3.666666666666666429819e+01      1.000000000000000222045e+00
220      1.000000000000000177636e+01      3.666666666666666429819e+01      1.000000000000000000000e+00
221      1.333333333333333214910e+01      3.666666666666666429819e+01      1.000000000000000222045e+00
222      1.666666666666666785090e+01      3.666666666666667140362e+01      1.000000000000000000000e+00
223      2.000000000000000000000e+01      3.666666666666666429819e+01      1.000000000000000000000e+00
224      2.333333333333333214910e+01      3.666666666666666429819e+01      1.000000000000000000000e+00
225      2.666666666666666074548e+01      3.666666666666666429819e+01      1.000000000000000000000e+00
226      2.999999999999999289457e+01      3.666666666666665719276e+01      1.000000000000000000000e+00
227      3.333333333333332859638e+01      3.666666666666666429819e+01      1.000000000000000000000e+00
228      3.666666666666666429819e+01      3.666666666666666429819e+01      1.000000000000000000000e+00
229      4.000000000000000000000e+01      3.666666666666666429819e+01      1.000000000000000000000e+00
230      4.333333333333333570181e+01      3.666666666666666429819e+01      1.000000000000000000000e+00
231      4.666666666666666429819e+01      3.666666666666666429819e+01      1.000000000000000000000e+00
232      4.888888888888888573092e+01      3.666666666666666429819e+01      1.000000000000000000000e+00
233      5.000000000000000000000e+01      3.666666666666666429819e+01      1.000000000000000000000e+00
234      0.000000000000000000000e+00      4.000000000000000000000e+01      1.000000000000000000000e+00
235      1.111111111111111160454e+00      4.000000000000000000000e+01      1.000000000000000000000e+00
236      3.333333333333334369541e+00      4.000000000000000710543e+01      9.999999999999997779554e-01
237      6.666666666666665186369e+00      3.999999999999999289457e+01      1.000000000000000222045e+00
238      1.000000000000000177636e+01      4.000000000000000000000e+01      1.000000000000000000000e+00
239      1.333333333333333214910e+01      4.000000000000000000000e+01      1.000000000000000222045e+00
240      1.666666666666666785090e+01      4.000000000000000000000e+01      1.000000000000000000000e+00
241      2.000000000000000000000e+01      4.000000000000000000000e+01      1.000000000000000000000e+00
242      2.333333333333332859638e+01      4.000000000000000000000e+01      1.000000000000000000000e+00
243      2.666666666666666429819e+01      4.000000000000000000000e+01      1.000000000000000000000e+00
244      2.999999999999999289457e+01      3.999999999999999289457e+01      1.000000000000000000000e+00
245      3.333333333333332859638e+01      4.000000000000000000000e+01      1.000000000000000000000e+00
246      3.666666666666665719276e+01      4.000000000000000000000e+01      1.000000000000000000000e+00
247      4.000000000000000000000e+01      4.000000000000000000000e+01      1.000000000000000000000e+00
248      4.333333333333334280724e+01      4.000000000000000000000e+01      1.000000000000000000000e+00
249      4.666666666666665719276e+01      4.000000000000000000000e+01      1.000000000000000000000e+00
250      4.888888888888888573092e+01      4.000000000000000000000e+01      1.000000000000000000000e+00
251      5.000000000000000000000e+01      4.000000000000000000000e+01      1.000000000000000000000e+00
252      0.000000000000000000000e+00      4.333333333333333570181e+01      1.000000000000000000000e+00
253      1.111111111111111160454e+00      4.333333333333333570181e+01      1.000000000000000000000e+00
254      3.333333333333333925452e+00      4.333333333333334280724e+01      9.999999999999998889777e-01
255      6.666666666666665186369e+00      4.333333333333332859638e+01      1.000000000000000222045e+00
256      1.000000000000000177636e+01      4.333333333333333570181e+01      1.000000000000000000000e+00
257      1.333333333333333214910e+01      4.333333333333333570181e+01      1.000000000000000222045e+00
258      1.666666666666666785090e+01      4.333333333333333570181e+01      1.000000000000000000000e+00
259      2.000000000000000000000e+01      4.333333333333333570181e+01      1.000000000000000000000e+00
260      2.333333333333333570181e+01      4.333333333333333570181e+01      1.000000000000000000000e+00
261      2.666666666666666429819e+01      4.333333333333333570181e+01      1.000000000000000000000e+00
262      2.999999999999999289457e+01      4.333333333333332859638e+01      1.000000000000000000000e+00
263      3.333333333333332859638e+01      4.333333333333333570181e+01      1.000000000000000000000e+00
264      3.666666666666666429819e+01      4.333333333333333570181e+01      1.000000000000000000000e+00
265      4.000000000000000000000e+01      4.333333333333333570181e+01      1.000000000000000000000e+00
266      4.333333333333333570181e+01      4.333333333333333570181e+01      1.000000000000000000000e+00
267      4.666666666666667140362e+01      4.333333333333333570181e+01      1.000000000000000000000e+00
268      4.888888888888888573092e+01      4.333333333333333570181e+01      1.000000000000000000000e+00
269      5.000000000000000000000e+01      4.333333333333333570181e+01      1.000000000000000000000e+00
270      0.000000000000000000000e+00      4.666666666666666429819e+01      1.000000000000000000000e+00
271      1.111111111111111160454e+00      4.666666666666666429819e+01      1.000000000000000000000e+00
272      3.333333333333333925452e+00      4.666666666666667140362e+01      9.999999999999997779554e-01
273      6.666666666666664298191e+00      4.666666666666666429819e+01      1.000000000000000222045e+00
274      1.000000000000000177636e+01      4.666666666666666429819e+01      1.000000000000000000000e+00
275      1.333333333333333214910e+01      4.666666666666666429819e+01      1.000000000000000222045e+00
276      1.666666666666666785090e+01      4.666666666666667140362e+01      1.000000000000000000000e+00
277      2.000000000000000000000e+01      4.666666666666666429819e+01      1.000000000000000000000e+00
278      2.333333333333333214910e+01      4.666666666666666429819e+01      1.000000000000000000000e+00
279      2.666666666666666429819e+01      4.666666666666666429819e+01      1.000000000000000000000e+00
280      2.999999999999999289457e+01      4.666666666666665719276e+01      1.000000000000000000000e+00
281      3.333333333333332859638e+01      4.666666666666666429819e+01      1.000000000000000000000e+00
282      3.666666666666666429819e+01      4.666666666666666429819e+01      1.000000000000000000000e+00
283      4.000000000000000000000e+01      4.666666666666666429819e+01      1.000000000000000000000e+00
284      4.333333333333332859638e+01      4.666666666666666429819e+01      1.000000000000000000000e+00
285      4.666666666666666429819e+01      4.666666666666666429819e+01      1.000000000000000000000e+00
286      4.888888888888887862549e+01      4.666666666666666429819e+01      1.000000000000000000000e+00
287      5.000000000000000000000e+01      4.666666666666666429819e+01      1.000000000000000000000e+00
288      0.000000000000000000000e+00      4.888888888888888573092e+01      1.000000000000000000000e+00
289      1.111111111111111160454e+00      4.888888888888888573092e+01      1.000000000000000000000e+00
290      3.333333333333333925452e+00      4.888888888888889283635e+01      9.999999999999998889777e-01
291      6.666666666666665186369e+00      4.888888888888887862549e+01      1.000000000000000222045e+00
292      1.000000000000000177636e+01      4.888888888888888573092e+01      1.000000000000000000000e+00
293      1.333333333333333214910e+01      4.888888888888887862549e+01      1.000000000000000222045e+00
294      1.666666666666666785090e+01      4.888888888888889283635e+01      1.000000000000000000000e+00
295      2.000000000000000000000e+01      4.888888888888888573092e+01      1.000000000000000000000e+00
296      2.333333333333333214910e+01      4.888888888888888573092e+01      1.000000000000000000000e+00
297      2.666666666666666429819e+01      4.888888888888888573092e+01      1.000000000000000000000e+00
298      2.999999999999999289457e+01      4.888888888888888573092e+01      1.000000000000000000000e+00
299      3.333333333333332859638e+01      4.888888888888888573092e+01      1.000000000000000000000e+00
300      3.666666666666666429819e+01      4.888888888888888573092e+01      1.000000000000000000000e+00
301      4.000000000000000000000e+01      4.888888888888888573092e+01      1.000000000000000000000e+00
302      4.333333333333333570181e+01      4.888888888888888573092e+01      1.000000000000000000000e+00
303      4.666666666666666429819e+01      4.888888888888888573092e+01      1.000000000000000000000e+00
304      4.888888888888888573092e+01      4.888888888888888573092e+01      1.000000000000000000000e+00
305      5.000000000000000000000e+01      4.888888888888888573092e+01      1.000000000000000000000e+00
306      0.000000000000000000000e+00      5.000000000000000000000e+01      1.000000000000000000000e+00
307      1.111111111111111160454e+00      5.000000000000000000000e+01      1.000000000000000000000e+00
308      3.333333333333333925452e+00      5.000000000000000710543e+01      9.999999999999998889777e-01
309      6.666666666666665186369e+00      4.999999999999999289457e+01      1.000000000000000222045e+00
310      1.000000000000000177636e+01      5.000000000000000000000e+01      1.000000000000000000000e+00
311      1.333333333333333214910e+01      4.999999999999999289457e+01      1.000000000000000222045e+00
312      1.666666666666666785090e+01      5.000000000000000710543e+01      1.000000000000000000000e+00
313      2.000000000000000000000e+01      5.000000000000000000000e+01      1.000000000000000000000e+00
314      2.333333333333333214910e+01      5.000000000000000000000e+01      1.000000000000000000000e+00
315      2.666666666666666429819e+01      5.000000000000000000000e+01      1.000000000000000000000e+00
316      2.999999999999999289457e+01      4.999999999999999289457e+01      1.000000000000000000000e+00
317      3.333333333333332859638e+01      5.000000000000000000000e+01      1.000000000000000000000e+00
318      3.666666666666666429819e+01      5.000000000000000000000e+01      1.000000000000000000000e+00
319      4.000000000000000000000e+01      5.000000000000000000000e+01      1.000000000000000000000e+00
320      4.333333333333333570181e+01      5.000000000000000000000e+01      1.000000000000000000000e+00
321      4.666666666666666429819e+01      5.000000000000000000000e+01      1.000000000000000000000e+00
322      4.888888888888888573092e+01      5.000000000000000000000e+01      1.000000000000000000000e+00
323      5.000000000000000000000e+01      5.000000000000000000000e+01      1.000000000000000000000e+00

boundary 0
0
1
2
3
4
5
6
7
8
9
10
11
12
13
14
15
16
17

boundary 1
0
18
36
54
72
90
108
126
144
162
180
198
216
234
252
270
288
306

