patch connectivity
0   1   2   3   4   5   6   7   8   9   10   11   12   13   14   15   16   17   18   19   20   21   22   23   24   25   26   27   28   29   30   31   32   33   34   35   36   37   38   39   40   41   42   43   44   45   46   47   48   49   50   51   52   53   54   55   56   57   58   59   60   61   62   63   64   65   66   67   68   69   70   71   72   73   74   75   76   77   78   79   80   81   82   83   84   85   86   87   88   89   90   91   92   93   94   95   96   97   98   99   100   101   102   103   104   105   106   107   108   109   110   111   112   113   114   115   116   117   118   119   120   121   122   123   124   125   126   127   128   129   130   131   132   133   134   135   136   137   138   139   140   141   142   143   144   145   146   147   148   149   150   151   152   153   154   155   156   157   158   159   160   161   162   163   164   165   166   167   168   169   170   171   172   173   174   175   176   177   178   179   180   181   182   183   184   185   186   187   188   189   190   191   192   193   194   195   196   197   198   199   200   201   202   203   204   205   206   207   208   209   210   211   212   213   214   215   216   217   218   219   220   221   222   223   224   225   226   227   228   229   230   231   232   233   234   235   236   237   238   239   240   241   242   243   244   245   246   247   248   249   250   251   252   253   254   255   256   257   258   259   260   261   262   263   264   265   266   267   268   269   270   271   272   273   274   275   276   277   278   279   280   281   282   283   284   285   286   287   288   289   290   291   292   293   294   295   296   297   298   299   300   301   302   303   304   305   306   307   308   309   310   311   312   313   314   315   316   317   318   319   320   321   322   323

control point infomation
0      0.000000000000000000000e+00      0.000000000000000000000e+00      1.000000000000000000000e+00
1      1.562500000000000000000e+00      0.000000000000000000000e+00      1.000000000000000000000e+00
2      4.687500000000000000000e+00      0.000000000000000000000e+00      1.000000000000000000000e+00
3      7.812500000000000000000e+00      0.000000000000000000000e+00      1.000000000000000000000e+00
4      1.093750000000000000000e+01      0.000000000000000000000e+00      1.000000000000000000000e+00
5      1.406250000000000000000e+01      0.000000000000000000000e+00      1.000000000000000000000e+00
6      1.718750000000000000000e+01      0.000000000000000000000e+00      1.000000000000000000000e+00
7      2.031250000000000000000e+01      0.000000000000000000000e+00      1.000000000000000000000e+00
8      2.343750000000000000000e+01      0.000000000000000000000e+00      1.000000000000000000000e+00
9      2.656250000000000000000e+01      0.000000000000000000000e+00      1.000000000000000000000e+00
10      2.968750000000000000000e+01      0.000000000000000000000e+00      1.000000000000000000000e+00
11      3.281250000000000000000e+01      0.000000000000000000000e+00      1.000000000000000000000e+00
12      3.593750000000000000000e+01      0.000000000000000000000e+00      1.000000000000000000000e+00
13      3.906250000000000000000e+01      0.000000000000000000000e+00      1.000000000000000000000e+00
14      4.218750000000000000000e+01      0.000000000000000000000e+00      1.000000000000000000000e+00
15      4.531250000000000000000e+01      0.000000000000000000000e+00      1.000000000000000000000e+00
16      4.843750000000000000000e+01      0.000000000000000000000e+00      1.000000000000000000000e+00
17      5.000000000000000000000e+01      0.000000000000000000000e+00      1.000000000000000000000e+00
18      0.000000000000000000000e+00      1.562500000000000000000e+00      1.000000000000000000000e+00
19      1.562500000000000000000e+00      1.562500000000000000000e+00      1.000000000000000000000e+00
20      4.687500000000000000000e+00      1.562500000000000000000e+00      1.000000000000000000000e+00
21      7.812500000000000000000e+00      1.562500000000000000000e+00      1.000000000000000000000e+00
22      1.093750000000000000000e+01      1.562500000000000000000e+00      1.000000000000000000000e+00
23      1.406250000000000000000e+01      1.562500000000000000000e+00      1.000000000000000000000e+00
24      1.718750000000000000000e+01      1.562500000000000000000e+00      1.000000000000000000000e+00
25      2.031250000000000000000e+01      1.562500000000000000000e+00      1.000000000000000000000e+00
26      2.343750000000000000000e+01      1.562500000000000000000e+00      1.000000000000000000000e+00
27      2.656250000000000000000e+01      1.562500000000000000000e+00      1.000000000000000000000e+00
28      2.968750000000000000000e+01      1.562500000000000000000e+00      1.000000000000000000000e+00
29      3.281250000000000000000e+01      1.562500000000000000000e+00      1.000000000000000000000e+00
30      3.593750000000000000000e+01      1.562500000000000000000e+00      1.000000000000000000000e+00
31      3.906250000000000000000e+01      1.562500000000000000000e+00      1.000000000000000000000e+00
32      4.218750000000000000000e+01      1.562500000000000000000e+00      1.000000000000000000000e+00
33      4.531250000000000000000e+01      1.562500000000000000000e+00      1.000000000000000000000e+00
34      4.843750000000000000000e+01      1.562500000000000000000e+00      1.000000000000000000000e+00
35      5.000000000000000000000e+01      1.562500000000000000000e+00      1.000000000000000000000e+00
36      0.000000000000000000000e+00      4.687500000000000000000e+00      1.000000000000000000000e+00
37      1.562500000000000000000e+00      4.687500000000000000000e+00      1.000000000000000000000e+00
38      4.687500000000000000000e+00      4.687500000000000000000e+00      1.000000000000000000000e+00
39      7.812500000000000000000e+00      4.687500000000000000000e+00      1.000000000000000000000e+00
40      1.093750000000000000000e+01      4.687500000000000000000e+00      1.000000000000000000000e+00
41      1.406250000000000000000e+01      4.687500000000000000000e+00      1.000000000000000000000e+00
42      1.718750000000000000000e+01      4.687500000000000000000e+00      1.000000000000000000000e+00
43      2.031250000000000000000e+01      4.687500000000000000000e+00      1.000000000000000000000e+00
44      2.343750000000000000000e+01      4.687500000000000000000e+00      1.000000000000000000000e+00
45      2.656250000000000000000e+01      4.687500000000000000000e+00      1.000000000000000000000e+00
46      2.968750000000000000000e+01      4.687500000000000000000e+00      1.000000000000000000000e+00
47      3.281250000000000000000e+01      4.687500000000000000000e+00      1.000000000000000000000e+00
48      3.593750000000000000000e+01      4.687500000000000000000e+00      1.000000000000000000000e+00
49      3.906250000000000000000e+01      4.687500000000000000000e+00      1.000000000000000000000e+00
50      4.218750000000000000000e+01      4.687500000000000000000e+00      1.000000000000000000000e+00
51      4.531250000000000000000e+01      4.687500000000000000000e+00      1.000000000000000000000e+00
52      4.843750000000000000000e+01      4.687500000000000000000e+00      1.000000000000000000000e+00
53      5.000000000000000000000e+01      4.687500000000000000000e+00      1.000000000000000000000e+00
54      0.000000000000000000000e+00      7.812500000000000000000e+00      1.000000000000000000000e+00
55      1.562500000000000000000e+00      7.812500000000000000000e+00      1.000000000000000000000e+00
56      4.687500000000000000000e+00      7.812500000000000000000e+00      1.000000000000000000000e+00
57      7.812500000000000000000e+00      7.812500000000000000000e+00      1.000000000000000000000e+00
58      1.093750000000000000000e+01      7.812500000000000000000e+00      1.000000000000000000000e+00
59      1.406250000000000000000e+01      7.812500000000000000000e+00      1.000000000000000000000e+00
60      1.718750000000000000000e+01      7.812500000000000000000e+00      1.000000000000000000000e+00
61      2.031250000000000000000e+01      7.812500000000000000000e+00      1.000000000000000000000e+00
62      2.343750000000000000000e+01      7.812500000000000000000e+00      1.000000000000000000000e+00
63      2.656250000000000000000e+01      7.812500000000000000000e+00      1.000000000000000000000e+00
64      2.968750000000000000000e+01      7.812500000000000000000e+00      1.000000000000000000000e+00
65      3.281250000000000000000e+01      7.812500000000000000000e+00      1.000000000000000000000e+00
66      3.593750000000000000000e+01      7.812500000000000000000e+00      1.000000000000000000000e+00
67      3.906250000000000000000e+01      7.812500000000000000000e+00      1.000000000000000000000e+00
68      4.218750000000000000000e+01      7.812500000000000000000e+00      1.000000000000000000000e+00
69      4.531250000000000000000e+01      7.812500000000000000000e+00      1.000000000000000000000e+00
70      4.843750000000000000000e+01      7.812500000000000000000e+00      1.000000000000000000000e+00
71      5.000000000000000000000e+01      7.812500000000000000000e+00      1.000000000000000000000e+00
72      0.000000000000000000000e+00      1.093750000000000000000e+01      1.000000000000000000000e+00
73      1.562500000000000000000e+00      1.093750000000000000000e+01      1.000000000000000000000e+00
74      4.687500000000000000000e+00      1.093750000000000000000e+01      1.000000000000000000000e+00
75      7.812500000000000000000e+00      1.093750000000000000000e+01      1.000000000000000000000e+00
76      1.093750000000000000000e+01      1.093750000000000000000e+01      1.000000000000000000000e+00
77      1.406250000000000000000e+01      1.093750000000000000000e+01      1.000000000000000000000e+00
78      1.718750000000000000000e+01      1.093750000000000000000e+01      1.000000000000000000000e+00
79      2.031250000000000000000e+01      1.093750000000000000000e+01      1.000000000000000000000e+00
80      2.343750000000000000000e+01      1.093750000000000000000e+01      1.000000000000000000000e+00
81      2.656250000000000000000e+01      1.093750000000000000000e+01      1.000000000000000000000e+00
82      2.968750000000000000000e+01      1.093750000000000000000e+01      1.000000000000000000000e+00
83      3.281250000000000000000e+01      1.093750000000000000000e+01      1.000000000000000000000e+00
84      3.593750000000000000000e+01      1.093750000000000000000e+01      1.000000000000000000000e+00
85      3.906250000000000000000e+01      1.093750000000000000000e+01      1.000000000000000000000e+00
86      4.218750000000000000000e+01      1.093750000000000000000e+01      1.000000000000000000000e+00
87      4.531250000000000000000e+01      1.093750000000000000000e+01      1.000000000000000000000e+00
88      4.843750000000000000000e+01      1.093750000000000000000e+01      1.000000000000000000000e+00
89      5.000000000000000000000e+01      1.093750000000000000000e+01      1.000000000000000000000e+00
90      0.000000000000000000000e+00      1.406250000000000000000e+01      1.000000000000000000000e+00
91      1.562500000000000000000e+00      1.406250000000000000000e+01      1.000000000000000000000e+00
92      4.687500000000000000000e+00      1.406250000000000000000e+01      1.000000000000000000000e+00
93      7.812500000000000000000e+00      1.406250000000000000000e+01      1.000000000000000000000e+00
94      1.093750000000000000000e+01      1.406250000000000000000e+01      1.000000000000000000000e+00
95      1.406250000000000000000e+01      1.406250000000000000000e+01      1.000000000000000000000e+00
96      1.718750000000000000000e+01      1.406250000000000000000e+01      1.000000000000000000000e+00
97      2.031250000000000000000e+01      1.406250000000000000000e+01      1.000000000000000000000e+00
98      2.343750000000000000000e+01      1.406250000000000000000e+01      1.000000000000000000000e+00
99      2.656250000000000000000e+01      1.406250000000000000000e+01      1.000000000000000000000e+00
100      2.968750000000000000000e+01      1.406250000000000000000e+01      1.000000000000000000000e+00
101      3.281250000000000000000e+01      1.406250000000000000000e+01      1.000000000000000000000e+00
102      3.593750000000000000000e+01      1.406250000000000000000e+01      1.000000000000000000000e+00
103      3.906250000000000000000e+01      1.406250000000000000000e+01      1.000000000000000000000e+00
104      4.218750000000000000000e+01      1.406250000000000000000e+01      1.000000000000000000000e+00
105      4.531250000000000000000e+01      1.406250000000000000000e+01      1.000000000000000000000e+00
106      4.843750000000000000000e+01      1.406250000000000000000e+01      1.000000000000000000000e+00
107      5.000000000000000000000e+01      1.406250000000000000000e+01      1.000000000000000000000e+00
108      0.000000000000000000000e+00      1.718750000000000000000e+01      1.000000000000000000000e+00
109      1.562500000000000000000e+00      1.718750000000000000000e+01      1.000000000000000000000e+00
110      4.687500000000000000000e+00      1.718750000000000000000e+01      1.000000000000000000000e+00
111      7.812500000000000000000e+00      1.718750000000000000000e+01      1.000000000000000000000e+00
112      1.093750000000000000000e+01      1.718750000000000000000e+01      1.000000000000000000000e+00
113      1.406250000000000000000e+01      1.718750000000000000000e+01      1.000000000000000000000e+00
114      1.718750000000000000000e+01      1.718750000000000000000e+01      1.000000000000000000000e+00
115      2.031250000000000000000e+01      1.718750000000000000000e+01      1.000000000000000000000e+00
116      2.343750000000000000000e+01      1.718750000000000000000e+01      1.000000000000000000000e+00
117      2.656250000000000000000e+01      1.718750000000000000000e+01      1.000000000000000000000e+00
118      2.968750000000000000000e+01      1.718750000000000000000e+01      1.000000000000000000000e+00
119      3.281250000000000000000e+01      1.718750000000000000000e+01      1.000000000000000000000e+00
120      3.593750000000000000000e+01      1.718750000000000000000e+01      1.000000000000000000000e+00
121      3.906250000000000000000e+01      1.718750000000000000000e+01      1.000000000000000000000e+00
122      4.218750000000000000000e+01      1.718750000000000000000e+01      1.000000000000000000000e+00
123      4.531250000000000000000e+01      1.718750000000000000000e+01      1.000000000000000000000e+00
124      4.843750000000000000000e+01      1.718750000000000000000e+01      1.000000000000000000000e+00
125      5.000000000000000000000e+01      1.718750000000000000000e+01      1.000000000000000000000e+00
126      0.000000000000000000000e+00      2.031250000000000000000e+01      1.000000000000000000000e+00
127      1.562500000000000000000e+00      2.031250000000000000000e+01      1.000000000000000000000e+00
128      4.687500000000000000000e+00      2.031250000000000000000e+01      1.000000000000000000000e+00
129      7.812500000000000000000e+00      2.031250000000000000000e+01      1.000000000000000000000e+00
130      1.093750000000000000000e+01      2.031250000000000000000e+01      1.000000000000000000000e+00
131      1.406250000000000000000e+01      2.031250000000000000000e+01      1.000000000000000000000e+00
132      1.718750000000000000000e+01      2.031250000000000000000e+01      1.000000000000000000000e+00
133      2.031250000000000000000e+01      2.031250000000000000000e+01      1.000000000000000000000e+00
134      2.343750000000000000000e+01      2.031250000000000000000e+01      1.000000000000000000000e+00
135      2.656250000000000000000e+01      2.031250000000000000000e+01      1.000000000000000000000e+00
136      2.968750000000000000000e+01      2.031250000000000000000e+01      1.000000000000000000000e+00
137      3.281250000000000000000e+01      2.031250000000000000000e+01      1.000000000000000000000e+00
138      3.593750000000000000000e+01      2.031250000000000000000e+01      1.000000000000000000000e+00
139      3.906250000000000000000e+01      2.031250000000000000000e+01      1.000000000000000000000e+00
140      4.218750000000000000000e+01      2.031250000000000000000e+01      1.000000000000000000000e+00
141      4.531250000000000000000e+01      2.031250000000000000000e+01      1.000000000000000000000e+00
142      4.843750000000000000000e+01      2.031250000000000000000e+01      1.000000000000000000000e+00
143      5.000000000000000000000e+01      2.031250000000000000000e+01      1.000000000000000000000e+00
144      0.000000000000000000000e+00      2.343750000000000000000e+01      1.000000000000000000000e+00
145      1.562500000000000000000e+00      2.343750000000000000000e+01      1.000000000000000000000e+00
146      4.687500000000000000000e+00      2.343750000000000000000e+01      1.000000000000000000000e+00
147      7.812500000000000000000e+00      2.343750000000000000000e+01      1.000000000000000000000e+00
148      1.093750000000000000000e+01      2.343750000000000000000e+01      1.000000000000000000000e+00
149      1.406250000000000000000e+01      2.343750000000000000000e+01      1.000000000000000000000e+00
150      1.718750000000000000000e+01      2.343750000000000000000e+01      1.000000000000000000000e+00
151      2.031250000000000000000e+01      2.343750000000000000000e+01      1.000000000000000000000e+00
152      2.343750000000000000000e+01      2.343750000000000000000e+01      1.000000000000000000000e+00
153      2.656250000000000000000e+01      2.343750000000000000000e+01      1.000000000000000000000e+00
154      2.968750000000000000000e+01      2.343750000000000000000e+01      1.000000000000000000000e+00
155      3.281250000000000000000e+01      2.343750000000000000000e+01      1.000000000000000000000e+00
156      3.593750000000000000000e+01      2.343750000000000000000e+01      1.000000000000000000000e+00
157      3.906250000000000000000e+01      2.343750000000000000000e+01      1.000000000000000000000e+00
158      4.218750000000000000000e+01      2.343750000000000000000e+01      1.000000000000000000000e+00
159      4.531250000000000000000e+01      2.343750000000000000000e+01      1.000000000000000000000e+00
160      4.843750000000000000000e+01      2.343750000000000000000e+01      1.000000000000000000000e+00
161      5.000000000000000000000e+01      2.343750000000000000000e+01      1.000000000000000000000e+00
162      0.000000000000000000000e+00      2.656250000000000000000e+01      1.000000000000000000000e+00
163      1.562500000000000000000e+00      2.656250000000000000000e+01      1.000000000000000000000e+00
164      4.687500000000000000000e+00      2.656250000000000000000e+01      1.000000000000000000000e+00
165      7.812500000000000000000e+00      2.656250000000000000000e+01      1.000000000000000000000e+00
166      1.093750000000000000000e+01      2.656250000000000000000e+01      1.000000000000000000000e+00
167      1.406250000000000000000e+01      2.656250000000000000000e+01      1.000000000000000000000e+00
168      1.718750000000000000000e+01      2.656250000000000000000e+01      1.000000000000000000000e+00
169      2.031250000000000000000e+01      2.656250000000000000000e+01      1.000000000000000000000e+00
170      2.343750000000000000000e+01      2.656250000000000000000e+01      1.000000000000000000000e+00
171      2.656250000000000000000e+01      2.656250000000000000000e+01      1.000000000000000000000e+00
172      2.968750000000000000000e+01      2.656250000000000000000e+01      1.000000000000000000000e+00
173      3.281250000000000000000e+01      2.656250000000000000000e+01      1.000000000000000000000e+00
174      3.593750000000000000000e+01      2.656250000000000000000e+01      1.000000000000000000000e+00
175      3.906250000000000000000e+01      2.656250000000000000000e+01      1.000000000000000000000e+00
176      4.218750000000000000000e+01      2.656250000000000000000e+01      1.000000000000000000000e+00
177      4.531250000000000000000e+01      2.656250000000000000000e+01      1.000000000000000000000e+00
178      4.843750000000000000000e+01      2.656250000000000000000e+01      1.000000000000000000000e+00
179      5.000000000000000000000e+01      2.656250000000000000000e+01      1.000000000000000000000e+00
180      0.000000000000000000000e+00      2.968750000000000000000e+01      1.000000000000000000000e+00
181      1.562500000000000000000e+00      2.968750000000000000000e+01      1.000000000000000000000e+00
182      4.687500000000000000000e+00      2.968750000000000000000e+01      1.000000000000000000000e+00
183      7.812500000000000000000e+00      2.968750000000000000000e+01      1.000000000000000000000e+00
184      1.093750000000000000000e+01      2.968750000000000000000e+01      1.000000000000000000000e+00
185      1.406250000000000000000e+01      2.968750000000000000000e+01      1.000000000000000000000e+00
186      1.718750000000000000000e+01      2.968750000000000000000e+01      1.000000000000000000000e+00
187      2.031250000000000000000e+01      2.968750000000000000000e+01      1.000000000000000000000e+00
188      2.343750000000000000000e+01      2.968750000000000000000e+01      1.000000000000000000000e+00
189      2.656250000000000000000e+01      2.968750000000000000000e+01      1.000000000000000000000e+00
190      2.968750000000000000000e+01      2.968750000000000000000e+01      1.000000000000000000000e+00
191      3.281250000000000000000e+01      2.968750000000000000000e+01      1.000000000000000000000e+00
192      3.593750000000000000000e+01      2.968750000000000000000e+01      1.000000000000000000000e+00
193      3.906250000000000000000e+01      2.968750000000000000000e+01      1.000000000000000000000e+00
194      4.218750000000000000000e+01      2.968750000000000000000e+01      1.000000000000000000000e+00
195      4.531250000000000000000e+01      2.968750000000000000000e+01      1.000000000000000000000e+00
196      4.843750000000000000000e+01      2.968750000000000000000e+01      1.000000000000000000000e+00
197      5.000000000000000000000e+01      2.968750000000000000000e+01      1.000000000000000000000e+00
198      0.000000000000000000000e+00      3.281250000000000000000e+01      1.000000000000000000000e+00
199      1.562500000000000000000e+00      3.281250000000000000000e+01      1.000000000000000000000e+00
200      4.687500000000000000000e+00      3.281250000000000000000e+01      1.000000000000000000000e+00
201      7.812500000000000000000e+00      3.281250000000000000000e+01      1.000000000000000000000e+00
202      1.093750000000000000000e+01      3.281250000000000000000e+01      1.000000000000000000000e+00
203      1.406250000000000000000e+01      3.281250000000000000000e+01      1.000000000000000000000e+00
204      1.718750000000000000000e+01      3.281250000000000000000e+01      1.000000000000000000000e+00
205      2.031250000000000000000e+01      3.281250000000000000000e+01      1.000000000000000000000e+00
206      2.343750000000000000000e+01      3.281250000000000000000e+01      1.000000000000000000000e+00
207      2.656250000000000000000e+01      3.281250000000000000000e+01      1.000000000000000000000e+00
208      2.968750000000000000000e+01      3.281250000000000000000e+01      1.000000000000000000000e+00
209      3.281250000000000000000e+01      3.281250000000000000000e+01      1.000000000000000000000e+00
210      3.593750000000000000000e+01      3.281250000000000000000e+01      1.000000000000000000000e+00
211      3.906250000000000000000e+01      3.281250000000000000000e+01      1.000000000000000000000e+00
212      4.218750000000000000000e+01      3.281250000000000000000e+01      1.000000000000000000000e+00
213      4.531250000000000000000e+01      3.281250000000000000000e+01      1.000000000000000000000e+00
214      4.843750000000000000000e+01      3.281250000000000000000e+01      1.000000000000000000000e+00
215      5.000000000000000000000e+01      3.281250000000000000000e+01      1.000000000000000000000e+00
216      0.000000000000000000000e+00      3.593750000000000000000e+01      1.000000000000000000000e+00
217      1.562500000000000000000e+00      3.593750000000000000000e+01      1.000000000000000000000e+00
218      4.687500000000000000000e+00      3.593750000000000000000e+01      1.000000000000000000000e+00
219      7.812500000000000000000e+00      3.593750000000000000000e+01      1.000000000000000000000e+00
220      1.093750000000000000000e+01      3.593750000000000000000e+01      1.000000000000000000000e+00
221      1.406250000000000000000e+01      3.593750000000000000000e+01      1.000000000000000000000e+00
222      1.718750000000000000000e+01      3.593750000000000000000e+01      1.000000000000000000000e+00
223      2.031250000000000000000e+01      3.593750000000000000000e+01      1.000000000000000000000e+00
224      2.343750000000000000000e+01      3.593750000000000000000e+01      1.000000000000000000000e+00
225      2.656250000000000000000e+01      3.593750000000000000000e+01      1.000000000000000000000e+00
226      2.968750000000000000000e+01      3.593750000000000000000e+01      1.000000000000000000000e+00
227      3.281250000000000000000e+01      3.593750000000000000000e+01      1.000000000000000000000e+00
228      3.593750000000000000000e+01      3.593750000000000000000e+01      1.000000000000000000000e+00
229      3.906250000000000000000e+01      3.593750000000000000000e+01      1.000000000000000000000e+00
230      4.218750000000000000000e+01      3.593750000000000000000e+01      1.000000000000000000000e+00
231      4.531250000000000000000e+01      3.593750000000000000000e+01      1.000000000000000000000e+00
232      4.843750000000000000000e+01      3.593750000000000000000e+01      1.000000000000000000000e+00
233      5.000000000000000000000e+01      3.593750000000000000000e+01      1.000000000000000000000e+00
234      0.000000000000000000000e+00      3.906250000000000000000e+01      1.000000000000000000000e+00
235      1.562500000000000000000e+00      3.906250000000000000000e+01      1.000000000000000000000e+00
236      4.687500000000000000000e+00      3.906250000000000000000e+01      1.000000000000000000000e+00
237      7.812500000000000000000e+00      3.906250000000000000000e+01      1.000000000000000000000e+00
238      1.093750000000000000000e+01      3.906250000000000000000e+01      1.000000000000000000000e+00
239      1.406250000000000000000e+01      3.906250000000000000000e+01      1.000000000000000000000e+00
240      1.718750000000000000000e+01      3.906250000000000000000e+01      1.000000000000000000000e+00
241      2.031250000000000000000e+01      3.906250000000000000000e+01      1.000000000000000000000e+00
242      2.343750000000000000000e+01      3.906250000000000000000e+01      1.000000000000000000000e+00
243      2.656250000000000000000e+01      3.906250000000000000000e+01      1.000000000000000000000e+00
244      2.968750000000000000000e+01      3.906250000000000000000e+01      1.000000000000000000000e+00
245      3.281250000000000000000e+01      3.906250000000000000000e+01      1.000000000000000000000e+00
246      3.593750000000000000000e+01      3.906250000000000000000e+01      1.000000000000000000000e+00
247      3.906250000000000000000e+01      3.906250000000000000000e+01      1.000000000000000000000e+00
248      4.218750000000000000000e+01      3.906250000000000000000e+01      1.000000000000000000000e+00
249      4.531250000000000000000e+01      3.906250000000000000000e+01      1.000000000000000000000e+00
250      4.843750000000000000000e+01      3.906250000000000000000e+01      1.000000000000000000000e+00
251      5.000000000000000000000e+01      3.906250000000000000000e+01      1.000000000000000000000e+00
252      0.000000000000000000000e+00      4.218750000000000000000e+01      1.000000000000000000000e+00
253      1.562500000000000000000e+00      4.218750000000000000000e+01      1.000000000000000000000e+00
254      4.687500000000000000000e+00      4.218750000000000000000e+01      1.000000000000000000000e+00
255      7.812500000000000000000e+00      4.218750000000000000000e+01      1.000000000000000000000e+00
256      1.093750000000000000000e+01      4.218750000000000000000e+01      1.000000000000000000000e+00
257      1.406250000000000000000e+01      4.218750000000000000000e+01      1.000000000000000000000e+00
258      1.718750000000000000000e+01      4.218750000000000000000e+01      1.000000000000000000000e+00
259      2.031250000000000000000e+01      4.218750000000000000000e+01      1.000000000000000000000e+00
260      2.343750000000000000000e+01      4.218750000000000000000e+01      1.000000000000000000000e+00
261      2.656250000000000000000e+01      4.218750000000000000000e+01      1.000000000000000000000e+00
262      2.968750000000000000000e+01      4.218750000000000000000e+01      1.000000000000000000000e+00
263      3.281250000000000000000e+01      4.218750000000000000000e+01      1.000000000000000000000e+00
264      3.593750000000000000000e+01      4.218750000000000000000e+01      1.000000000000000000000e+00
265      3.906250000000000000000e+01      4.218750000000000000000e+01      1.000000000000000000000e+00
266      4.218750000000000000000e+01      4.218750000000000000000e+01      1.000000000000000000000e+00
267      4.531250000000000000000e+01      4.218750000000000000000e+01      1.000000000000000000000e+00
268      4.843750000000000000000e+01      4.218750000000000000000e+01      1.000000000000000000000e+00
269      5.000000000000000000000e+01      4.218750000000000000000e+01      1.000000000000000000000e+00
270      0.000000000000000000000e+00      4.531250000000000000000e+01      1.000000000000000000000e+00
271      1.562500000000000000000e+00      4.531250000000000000000e+01      1.000000000000000000000e+00
272      4.687500000000000000000e+00      4.531250000000000000000e+01      1.000000000000000000000e+00
273      7.812500000000000000000e+00      4.531250000000000000000e+01      1.000000000000000000000e+00
274      1.093750000000000000000e+01      4.531250000000000000000e+01      1.000000000000000000000e+00
275      1.406250000000000000000e+01      4.531250000000000000000e+01      1.000000000000000000000e+00
276      1.718750000000000000000e+01      4.531250000000000000000e+01      1.000000000000000000000e+00
277      2.031250000000000000000e+01      4.531250000000000000000e+01      1.000000000000000000000e+00
278      2.343750000000000000000e+01      4.531250000000000000000e+01      1.000000000000000000000e+00
279      2.656250000000000000000e+01      4.531250000000000000000e+01      1.000000000000000000000e+00
280      2.968750000000000000000e+01      4.531250000000000000000e+01      1.000000000000000000000e+00
281      3.281250000000000000000e+01      4.531250000000000000000e+01      1.000000000000000000000e+00
282      3.593750000000000000000e+01      4.531250000000000000000e+01      1.000000000000000000000e+00
283      3.906250000000000000000e+01      4.531250000000000000000e+01      1.000000000000000000000e+00
284      4.218750000000000000000e+01      4.531250000000000000000e+01      1.000000000000000000000e+00
285      4.531250000000000000000e+01      4.531250000000000000000e+01      1.000000000000000000000e+00
286      4.843750000000000000000e+01      4.531250000000000000000e+01      1.000000000000000000000e+00
287      5.000000000000000000000e+01      4.531250000000000000000e+01      1.000000000000000000000e+00
288      0.000000000000000000000e+00      4.843750000000000000000e+01      1.000000000000000000000e+00
289      1.562500000000000000000e+00      4.843750000000000000000e+01      1.000000000000000000000e+00
290      4.687500000000000000000e+00      4.843750000000000000000e+01      1.000000000000000000000e+00
291      7.812500000000000000000e+00      4.843750000000000000000e+01      1.000000000000000000000e+00
292      1.093750000000000000000e+01      4.843750000000000000000e+01      1.000000000000000000000e+00
293      1.406250000000000000000e+01      4.843750000000000000000e+01      1.000000000000000000000e+00
294      1.718750000000000000000e+01      4.843750000000000000000e+01      1.000000000000000000000e+00
295      2.031250000000000000000e+01      4.843750000000000000000e+01      1.000000000000000000000e+00
296      2.343750000000000000000e+01      4.843750000000000000000e+01      1.000000000000000000000e+00
297      2.656250000000000000000e+01      4.843750000000000000000e+01      1.000000000000000000000e+00
298      2.968750000000000000000e+01      4.843750000000000000000e+01      1.000000000000000000000e+00
299      3.281250000000000000000e+01      4.843750000000000000000e+01      1.000000000000000000000e+00
300      3.593750000000000000000e+01      4.843750000000000000000e+01      1.000000000000000000000e+00
301      3.906250000000000000000e+01      4.843750000000000000000e+01      1.000000000000000000000e+00
302      4.218750000000000000000e+01      4.843750000000000000000e+01      1.000000000000000000000e+00
303      4.531250000000000000000e+01      4.843750000000000000000e+01      1.000000000000000000000e+00
304      4.843750000000000000000e+01      4.843750000000000000000e+01      1.000000000000000000000e+00
305      5.000000000000000000000e+01      4.843750000000000000000e+01      1.000000000000000000000e+00
306      0.000000000000000000000e+00      5.000000000000000000000e+01      1.000000000000000000000e+00
307      1.562500000000000000000e+00      5.000000000000000000000e+01      1.000000000000000000000e+00
308      4.687500000000000000000e+00      5.000000000000000000000e+01      1.000000000000000000000e+00
309      7.812500000000000000000e+00      5.000000000000000000000e+01      1.000000000000000000000e+00
310      1.093750000000000000000e+01      5.000000000000000000000e+01      1.000000000000000000000e+00
311      1.406250000000000000000e+01      5.000000000000000000000e+01      1.000000000000000000000e+00
312      1.718750000000000000000e+01      5.000000000000000000000e+01      1.000000000000000000000e+00
313      2.031250000000000000000e+01      5.000000000000000000000e+01      1.000000000000000000000e+00
314      2.343750000000000000000e+01      5.000000000000000000000e+01      1.000000000000000000000e+00
315      2.656250000000000000000e+01      5.000000000000000000000e+01      1.000000000000000000000e+00
316      2.968750000000000000000e+01      5.000000000000000000000e+01      1.000000000000000000000e+00
317      3.281250000000000000000e+01      5.000000000000000000000e+01      1.000000000000000000000e+00
318      3.593750000000000000000e+01      5.000000000000000000000e+01      1.000000000000000000000e+00
319      3.906250000000000000000e+01      5.000000000000000000000e+01      1.000000000000000000000e+00
320      4.218750000000000000000e+01      5.000000000000000000000e+01      1.000000000000000000000e+00
321      4.531250000000000000000e+01      5.000000000000000000000e+01      1.000000000000000000000e+00
322      4.843750000000000000000e+01      5.000000000000000000000e+01      1.000000000000000000000e+00
323      5.000000000000000000000e+01      5.000000000000000000000e+01      1.000000000000000000000e+00

boundary 0
0
1
2
3
4
5
6
7
8
9
10
11
12
13
14
15
16
17

boundary 1
0
18
36
54
72
90
108
126
144
162
180
198
216
234
252
270
288
306

