patch connectivity
0   1   2   3   4   5   6   7   8   9   10   11   12   13   14   15   16   17   18   19   20   21   22   23   24   25   26   27   28   29   30   31   32   33   34   35   36   37   38   39   40   41   42   43   44   45   46   47   48   49   50   51   52   53   54   55   56   57   58   59   60   61   62   63   64   65   66   67   68   69   70   71   72   73   74   75   76   77   78   79   80   81   82   83   84   85   86   87   88   89   90   91   92   93   94   95   96   97   98   99

control point infomation
0      0.000000000000000000000e+00      0.000000000000000000000e+00      1.000000000000000000000e+00
1      2.380952380952380931234e+00      0.000000000000000000000e+00      1.000000000000000000000e+00
2      7.142857142857143237791e+00      0.000000000000000000000e+00      1.000000000000000000000e+00
3      1.428571428571428469922e+01      0.000000000000000000000e+00      9.999999999999998889777e-01
4      2.142857142857142704884e+01      0.000000000000000000000e+00      1.000000000000000000000e+00
5      2.857142857142856939845e+01      0.000000000000000000000e+00      1.000000000000000000000e+00
6      3.571428571428570819535e+01      0.000000000000000000000e+00      1.000000000000000000000e+00
7      4.285714285714285409767e+01      0.000000000000000000000e+00      1.000000000000000000000e+00
8      4.761904761904762040103e+01      0.000000000000000000000e+00      1.000000000000000000000e+00
9      5.000000000000000000000e+01      0.000000000000000000000e+00      1.000000000000000000000e+00
10      0.000000000000000000000e+00      2.380952380952380931234e+00      1.000000000000000000000e+00
11      2.380952380952380931234e+00      2.380952380952380931234e+00      1.000000000000000000000e+00
12      7.142857142857143237791e+00      2.380952380952381375323e+00      1.000000000000000000000e+00
13      1.428571428571428647558e+01      2.380952380952381375323e+00      9.999999999999998889777e-01
14      2.142857142857143060155e+01      2.380952380952380931234e+00      1.000000000000000000000e+00
15      2.857142857142856939845e+01      2.380952380952380931234e+00      1.000000000000000000000e+00
16      3.571428571428570819535e+01      2.380952380952380931234e+00      1.000000000000000000000e+00
17      4.285714285714286120310e+01      2.380952380952380931234e+00      1.000000000000000000000e+00
18      4.761904761904762750646e+01      2.380952380952380931234e+00      1.000000000000000000000e+00
19      5.000000000000000000000e+01      2.380952380952380931234e+00      1.000000000000000000000e+00
20      0.000000000000000000000e+00      7.142857142857143237791e+00      1.000000000000000000000e+00
21      2.380952380952381375323e+00      7.142857142857143237791e+00      1.000000000000000000000e+00
22      7.142857142857143237791e+00      7.142857142857144125969e+00      1.000000000000000000000e+00
23      1.428571428571428647558e+01      7.142857142857145014148e+00      9.999999999999997779554e-01
24      2.142857142857142704884e+01      7.142857142857143237791e+00      1.000000000000000000000e+00
25      2.857142857142857295116e+01      7.142857142857143237791e+00      1.000000000000000000000e+00
26      3.571428571428570819535e+01      7.142857142857143237791e+00      1.000000000000000000000e+00
27      4.285714285714285409767e+01      7.142857142857143237791e+00      1.000000000000000000000e+00
28      4.761904761904762040103e+01      7.142857142857143237791e+00      1.000000000000000000000e+00
29      4.999999999999999289457e+01      7.142857142857143237791e+00      1.000000000000000000000e+00
30      0.000000000000000000000e+00      1.428571428571428469922e+01      9.999999999999998889777e-01
31      2.380952380952381375323e+00      1.428571428571428469922e+01      9.999999999999998889777e-01
32      7.142857142857143237791e+00      1.428571428571428647558e+01      9.999999999999998889777e-01
33      1.428571428571428469922e+01      1.428571428571428647558e+01      9.999999999999997779554e-01
34      2.142857142857142704884e+01      1.428571428571428469922e+01      9.999999999999998889777e-01
35      2.857142857142856939845e+01      1.428571428571428469922e+01      9.999999999999998889777e-01
36      3.571428571428570819535e+01      1.428571428571428469922e+01      9.999999999999998889777e-01
37      4.285714285714285409767e+01      1.428571428571428469922e+01      9.999999999999998889777e-01
38      4.761904761904762040103e+01      1.428571428571428469922e+01      9.999999999999998889777e-01
39      5.000000000000000000000e+01      1.428571428571428469922e+01      9.999999999999998889777e-01
40      0.000000000000000000000e+00      2.142857142857142704884e+01      1.000000000000000000000e+00
41      2.380952380952380931234e+00      2.142857142857142704884e+01      1.000000000000000000000e+00
42      7.142857142857143237791e+00      2.142857142857142349612e+01      1.000000000000000000000e+00
43      1.428571428571428647558e+01      2.142857142857142704884e+01      9.999999999999997779554e-01
44      2.142857142857142704884e+01      2.142857142857142349612e+01      1.000000000000000000000e+00
45      2.857142857142856584574e+01      2.142857142857142704884e+01      1.000000000000000000000e+00
46      3.571428571428570819535e+01      2.142857142857142349612e+01      1.000000000000000000000e+00
47      4.285714285714285409767e+01      2.142857142857142704884e+01      1.000000000000000000000e+00
48      4.761904761904762040103e+01      2.142857142857142704884e+01      1.000000000000000000000e+00
49      4.999999999999999289457e+01      2.142857142857142704884e+01      1.000000000000000000000e+00
50      0.000000000000000000000e+00      2.857142857142856939845e+01      1.000000000000000000000e+00
51      2.380952380952380931234e+00      2.857142857142856939845e+01      1.000000000000000000000e+00
52      7.142857142857142349612e+00      2.857142857142856939845e+01      1.000000000000000000000e+00
53      1.428571428571428647558e+01      2.857142857142856939845e+01      9.999999999999997779554e-01
54      2.142857142857142349612e+01      2.857142857142856939845e+01      1.000000000000000000000e+00
55      2.857142857142856939845e+01      2.857142857142856939845e+01      1.000000000000000000000e+00
56      3.571428571428570819535e+01      2.857142857142856939845e+01      1.000000000000000000000e+00
57      4.285714285714284699225e+01      2.857142857142856939845e+01      1.000000000000000000000e+00
58      4.761904761904762040103e+01      2.857142857142856939845e+01      1.000000000000000000000e+00
59      5.000000000000000000000e+01      2.857142857142856939845e+01      1.000000000000000000000e+00
60      0.000000000000000000000e+00      3.571428571428570819535e+01      1.000000000000000000000e+00
61      2.380952380952380487145e+00      3.571428571428570819535e+01      1.000000000000000000000e+00
62      7.142857142857143237791e+00      3.571428571428570819535e+01      1.000000000000000000000e+00
63      1.428571428571428469922e+01      3.571428571428571530078e+01      9.999999999999997779554e-01
64      2.142857142857142349612e+01      3.571428571428570819535e+01      1.000000000000000000000e+00
65      2.857142857142856939845e+01      3.571428571428570819535e+01      1.000000000000000000000e+00
66      3.571428571428570108992e+01      3.571428571428570819535e+01      1.000000000000000000000e+00
67      4.285714285714284699225e+01      3.571428571428570819535e+01      1.000000000000000000000e+00
68      4.761904761904762040103e+01      3.571428571428570819535e+01      1.000000000000000000000e+00
69      4.999999999999999289457e+01      3.571428571428570819535e+01      1.000000000000000000000e+00
70      0.000000000000000000000e+00      4.285714285714285409767e+01      1.000000000000000000000e+00
71      2.380952380952381375323e+00      4.285714285714285409767e+01      1.000000000000000000000e+00
72      7.142857142857143237791e+00      4.285714285714284699225e+01      1.000000000000000000000e+00
73      1.428571428571428825194e+01      4.285714285714285409767e+01      9.999999999999997779554e-01
74      2.142857142857142704884e+01      4.285714285714284699225e+01      1.000000000000000000000e+00
75      2.857142857142856939845e+01      4.285714285714285409767e+01      1.000000000000000000000e+00
76      3.571428571428570819535e+01      4.285714285714284699225e+01      1.000000000000000000000e+00
77      4.285714285714285409767e+01      4.285714285714285409767e+01      1.000000000000000000000e+00
78      4.761904761904762040103e+01      4.285714285714285409767e+01      1.000000000000000000000e+00
79      5.000000000000000000000e+01      4.285714285714285409767e+01      1.000000000000000000000e+00
80      0.000000000000000000000e+00      4.761904761904762040103e+01      1.000000000000000000000e+00
81      2.380952380952380931234e+00      4.761904761904762040103e+01      1.000000000000000000000e+00
82      7.142857142857143237791e+00      4.761904761904760619018e+01      1.000000000000000000000e+00
83      1.428571428571428647558e+01      4.761904761904761329561e+01      9.999999999999998889777e-01
84      2.142857142857142704884e+01      4.761904761904760619018e+01      1.000000000000000000000e+00
85      2.857142857142856939845e+01      4.761904761904762040103e+01      1.000000000000000000000e+00
86      3.571428571428570819535e+01      4.761904761904760619018e+01      1.000000000000000000000e+00
87      4.285714285714285409767e+01      4.761904761904762040103e+01      1.000000000000000000000e+00
88      4.761904761904762040103e+01      4.761904761904762040103e+01      1.000000000000000000000e+00
89      5.000000000000000000000e+01      4.761904761904762040103e+01      1.000000000000000000000e+00
90      0.000000000000000000000e+00      5.000000000000000000000e+01      1.000000000000000000000e+00
91      2.380952380952380931234e+00      5.000000000000000000000e+01      1.000000000000000000000e+00
92      7.142857142857143237791e+00      4.999999999999999289457e+01      1.000000000000000000000e+00
93      1.428571428571428469922e+01      5.000000000000000000000e+01      9.999999999999998889777e-01
94      2.142857142857142704884e+01      4.999999999999999289457e+01      1.000000000000000000000e+00
95      2.857142857142856939845e+01      5.000000000000000000000e+01      1.000000000000000000000e+00
96      3.571428571428570819535e+01      4.999999999999999289457e+01      1.000000000000000000000e+00
97      4.285714285714285409767e+01      5.000000000000000000000e+01      1.000000000000000000000e+00
98      4.761904761904762040103e+01      5.000000000000000000000e+01      1.000000000000000000000e+00
99      5.000000000000000000000e+01      5.000000000000000000000e+01      1.000000000000000000000e+00

boundary 0
0
1
2
3
4
5
6
7
8
9

boundary 1
0
10
20
30
40
50
60
70
80
90

