1000    0.3

1

100

3	3

14	14

10	10

0   1   2   3   4   5   6   7   8   9   10   11   12   13   14   15   16   17   18   19   20   21   22   23   24   25   26   27   28   29   30   31   32   33   34   35   36   37   38   39   40   41   42   43   44   45   46   47   48   49   50   51   52   53   54   55   56   57   58   59   60   61   62   63   64   65   66   67   68   69   70   71   72   73   74   75   76   77   78   79   80   81   82   83   84   85   86   87   88   89   90   91   92   93   94   95   96   97   98   99

20  0   1

0.0000000000000000e+00	0.0000000000000000e+00	0.0000000000000000e+00	0.0000000000000000e+00	1.4285714285714285e-01	2.8571428571428570e-01	4.2857142857142855e-01	5.7142857142857140e-01	7.1428571428571430e-01	8.5714285714285710e-01	1.0000000000000000e+00	1.0000000000000000e+00	1.0000000000000000e+00	1.0000000000000000e+00
0.0000000000000000e+00	0.0000000000000000e+00	0.0000000000000000e+00	0.0000000000000000e+00	1.4285714285714285e-01	2.8571428571428570e-01	4.2857142857142855e-01	5.7142857142857140e-01	7.1428571428571430e-01	8.5714285714285710e-01	1.0000000000000000e+00	1.0000000000000000e+00	1.0000000000000000e+00	1.0000000000000000e+00

0	0.0000000000000000e+00	0.0000000000000000e+00	1.0000000000000000e+00
1	2.3809523809523809e+00	0.0000000000000000e+00	1.0000000000000000e+00
2	7.1428571428571432e+00	0.0000000000000000e+00	1.0000000000000000e+00
3	1.4285714285714285e+01	0.0000000000000000e+00	9.9999999999999989e-01
4	2.1428571428571427e+01	0.0000000000000000e+00	1.0000000000000000e+00
5	2.8571428571428569e+01	0.0000000000000000e+00	1.0000000000000000e+00
6	3.5714285714285708e+01	0.0000000000000000e+00	1.0000000000000000e+00
7	4.2857142857142854e+01	0.0000000000000000e+00	1.0000000000000000e+00
8	4.7619047619047620e+01	0.0000000000000000e+00	1.0000000000000000e+00
9	5.0000000000000000e+01	0.0000000000000000e+00	1.0000000000000000e+00
10	0.0000000000000000e+00	2.3809523809523809e+00	1.0000000000000000e+00
11	2.3809523809523809e+00	2.3809523809523809e+00	1.0000000000000000e+00
12	7.1428571428571432e+00	2.3809523809523814e+00	1.0000000000000000e+00
13	1.4285714285714286e+01	2.3809523809523814e+00	9.9999999999999989e-01
14	2.1428571428571431e+01	2.3809523809523809e+00	1.0000000000000000e+00
15	2.8571428571428569e+01	2.3809523809523809e+00	1.0000000000000000e+00
16	3.5714285714285708e+01	2.3809523809523809e+00	1.0000000000000000e+00
17	4.2857142857142861e+01	2.3809523809523809e+00	1.0000000000000000e+00
18	4.7619047619047628e+01	2.3809523809523809e+00	1.0000000000000000e+00
19	5.0000000000000000e+01	2.3809523809523809e+00	1.0000000000000000e+00
20	0.0000000000000000e+00	7.1428571428571432e+00	1.0000000000000000e+00
21	2.3809523809523814e+00	7.1428571428571432e+00	1.0000000000000000e+00
22	7.1428571428571432e+00	7.1428571428571441e+00	1.0000000000000000e+00
23	1.4285714285714286e+01	7.1428571428571450e+00	9.9999999999999978e-01
24	2.1428571428571427e+01	7.1428571428571432e+00	1.0000000000000000e+00
25	2.8571428571428573e+01	7.1428571428571432e+00	1.0000000000000000e+00
26	3.5714285714285708e+01	7.1428571428571432e+00	1.0000000000000000e+00
27	4.2857142857142854e+01	7.1428571428571432e+00	1.0000000000000000e+00
28	4.7619047619047620e+01	7.1428571428571432e+00	1.0000000000000000e+00
29	4.9999999999999993e+01	7.1428571428571432e+00	1.0000000000000000e+00
30	0.0000000000000000e+00	1.4285714285714285e+01	9.9999999999999989e-01
31	2.3809523809523814e+00	1.4285714285714285e+01	9.9999999999999989e-01
32	7.1428571428571432e+00	1.4285714285714286e+01	9.9999999999999989e-01
33	1.4285714285714285e+01	1.4285714285714286e+01	9.9999999999999978e-01
34	2.1428571428571427e+01	1.4285714285714285e+01	9.9999999999999989e-01
35	2.8571428571428569e+01	1.4285714285714285e+01	9.9999999999999989e-01
36	3.5714285714285708e+01	1.4285714285714285e+01	9.9999999999999989e-01
37	4.2857142857142854e+01	1.4285714285714285e+01	9.9999999999999989e-01
38	4.7619047619047620e+01	1.4285714285714285e+01	9.9999999999999989e-01
39	5.0000000000000000e+01	1.4285714285714285e+01	9.9999999999999989e-01
40	0.0000000000000000e+00	2.1428571428571427e+01	1.0000000000000000e+00
41	2.3809523809523809e+00	2.1428571428571427e+01	1.0000000000000000e+00
42	7.1428571428571432e+00	2.1428571428571423e+01	1.0000000000000000e+00
43	1.4285714285714286e+01	2.1428571428571427e+01	9.9999999999999978e-01
44	2.1428571428571427e+01	2.1428571428571423e+01	1.0000000000000000e+00
45	2.8571428571428566e+01	2.1428571428571427e+01	1.0000000000000000e+00
46	3.5714285714285708e+01	2.1428571428571423e+01	1.0000000000000000e+00
47	4.2857142857142854e+01	2.1428571428571427e+01	1.0000000000000000e+00
48	4.7619047619047620e+01	2.1428571428571427e+01	1.0000000000000000e+00
49	4.9999999999999993e+01	2.1428571428571427e+01	1.0000000000000000e+00
50	0.0000000000000000e+00	2.8571428571428569e+01	1.0000000000000000e+00
51	2.3809523809523809e+00	2.8571428571428569e+01	1.0000000000000000e+00
52	7.1428571428571423e+00	2.8571428571428569e+01	1.0000000000000000e+00
53	1.4285714285714286e+01	2.8571428571428569e+01	9.9999999999999978e-01
54	2.1428571428571423e+01	2.8571428571428569e+01	1.0000000000000000e+00
55	2.8571428571428569e+01	2.8571428571428569e+01	1.0000000000000000e+00
56	3.5714285714285708e+01	2.8571428571428569e+01	1.0000000000000000e+00
57	4.2857142857142847e+01	2.8571428571428569e+01	1.0000000000000000e+00
58	4.7619047619047620e+01	2.8571428571428569e+01	1.0000000000000000e+00
59	5.0000000000000000e+01	2.8571428571428569e+01	1.0000000000000000e+00
60	0.0000000000000000e+00	3.5714285714285708e+01	1.0000000000000000e+00
61	2.3809523809523805e+00	3.5714285714285708e+01	1.0000000000000000e+00
62	7.1428571428571432e+00	3.5714285714285708e+01	1.0000000000000000e+00
63	1.4285714285714285e+01	3.5714285714285715e+01	9.9999999999999978e-01
64	2.1428571428571423e+01	3.5714285714285708e+01	1.0000000000000000e+00
65	2.8571428571428569e+01	3.5714285714285708e+01	1.0000000000000000e+00
66	3.5714285714285701e+01	3.5714285714285708e+01	1.0000000000000000e+00
67	4.2857142857142847e+01	3.5714285714285708e+01	1.0000000000000000e+00
68	4.7619047619047620e+01	3.5714285714285708e+01	1.0000000000000000e+00
69	4.9999999999999993e+01	3.5714285714285708e+01	1.0000000000000000e+00
70	0.0000000000000000e+00	4.2857142857142854e+01	1.0000000000000000e+00
71	2.3809523809523814e+00	4.2857142857142854e+01	1.0000000000000000e+00
72	7.1428571428571432e+00	4.2857142857142847e+01	1.0000000000000000e+00
73	1.4285714285714288e+01	4.2857142857142854e+01	9.9999999999999978e-01
74	2.1428571428571427e+01	4.2857142857142847e+01	1.0000000000000000e+00
75	2.8571428571428569e+01	4.2857142857142854e+01	1.0000000000000000e+00
76	3.5714285714285708e+01	4.2857142857142847e+01	1.0000000000000000e+00
77	4.2857142857142854e+01	4.2857142857142854e+01	1.0000000000000000e+00
78	4.7619047619047620e+01	4.2857142857142854e+01	1.0000000000000000e+00
79	5.0000000000000000e+01	4.2857142857142854e+01	1.0000000000000000e+00
80	0.0000000000000000e+00	4.7619047619047620e+01	1.0000000000000000e+00
81	2.3809523809523809e+00	4.7619047619047620e+01	1.0000000000000000e+00
82	7.1428571428571432e+00	4.7619047619047606e+01	1.0000000000000000e+00
83	1.4285714285714286e+01	4.7619047619047613e+01	9.9999999999999989e-01
84	2.1428571428571427e+01	4.7619047619047606e+01	1.0000000000000000e+00
85	2.8571428571428569e+01	4.7619047619047620e+01	1.0000000000000000e+00
86	3.5714285714285708e+01	4.7619047619047606e+01	1.0000000000000000e+00
87	4.2857142857142854e+01	4.7619047619047620e+01	1.0000000000000000e+00
88	4.7619047619047620e+01	4.7619047619047620e+01	1.0000000000000000e+00
89	5.0000000000000000e+01	4.7619047619047620e+01	1.0000000000000000e+00
90	0.0000000000000000e+00	5.0000000000000000e+01	1.0000000000000000e+00
91	2.3809523809523809e+00	5.0000000000000000e+01	1.0000000000000000e+00
92	7.1428571428571432e+00	4.9999999999999993e+01	1.0000000000000000e+00
93	1.4285714285714285e+01	5.0000000000000000e+01	9.9999999999999989e-01
94	2.1428571428571427e+01	4.9999999999999993e+01	1.0000000000000000e+00
95	2.8571428571428569e+01	5.0000000000000000e+01	1.0000000000000000e+00
96	3.5714285714285708e+01	4.9999999999999993e+01	1.0000000000000000e+00
97	4.2857142857142854e+01	5.0000000000000000e+01	1.0000000000000000e+00
98	4.7619047619047620e+01	5.0000000000000000e+01	1.0000000000000000e+00
99	5.0000000000000000e+01	5.0000000000000000e+01	1.0000000000000000e+00

0   1   0.0
1   1   0.0
2   1   0.0
3   1   0.0
4   1   0.0
5   1   0.0
6   1   0.0
7   1   0.0
8   1   0.0
9   1   0.0
0   0   0.0
10  0   0.0
20  0   0.0
30  0   0.0
40  0   0.0
50  0   0.0
60  0   0.0
70  0   0.0
80  0   0.0
90  0   0.0

1   0   0   1   0   1   10.0    0.0 0.0