order
1   2

knot vector length
11   21

number of control points
9   18

knot vector
0.000000000000000000000e+00   0.000000000000000000000e+00   1.250000000000000000000e-01   2.500000000000000000000e-01   3.750000000000000000000e-01   5.000000000000000000000e-01   6.250000000000000000000e-01   7.500000000000000000000e-01   8.750000000000000000000e-01   1.000000000000000000000e+00   1.000000000000000000000e+00
0.000000000000000000000e+00   0.000000000000000000000e+00   0.000000000000000000000e+00   6.250000000000000000000e-02   1.250000000000000000000e-01   1.875000000000000000000e-01   2.500000000000000000000e-01   3.125000000000000000000e-01   3.750000000000000000000e-01   4.375000000000000000000e-01   5.000000000000000000000e-01   5.625000000000000000000e-01   6.250000000000000000000e-01   6.875000000000000000000e-01   7.500000000000000000000e-01   8.125000000000000000000e-01   8.750000000000000000000e-01   9.375000000000000000000e-01   1.000000000000000000000e+00   1.000000000000000000000e+00   1.000000000000000000000e+00

control points
0   1.000000000000000000000e+00   0.000000000000000000000e+00   1.000000000000000000000e+00
1   1.125000000000000000000e+00   0.000000000000000000000e+00   1.000000000000000000000e+00
2   1.250000000000000000000e+00   0.000000000000000000000e+00   1.000000000000000000000e+00
3   1.375000000000000000000e+00   0.000000000000000000000e+00   1.000000000000000000000e+00
4   1.500000000000000000000e+00   0.000000000000000000000e+00   1.000000000000000000000e+00
5   1.625000000000000000000e+00   0.000000000000000000000e+00   1.000000000000000000000e+00
6   1.750000000000000000000e+00   0.000000000000000000000e+00   1.000000000000000000000e+00
7   1.875000000000000000000e+00   0.000000000000000000000e+00   1.000000000000000000000e+00
8   2.000000000000000000000e+00   0.000000000000000000000e+00   1.000000000000000000000e+00
9   1.000000000000000000000e+00   9.174737048053263621661e-02   9.633883476483184882255e-01
10   1.124999999999999777955e+00   1.032157917905992122742e-01   9.633883476483184882255e-01
11   1.250000000000000000000e+00   1.146842131006657883319e-01   9.633883476483184882255e-01
12   1.375000000000000000000e+00   1.261526344107323505117e-01   9.633883476483184882255e-01
13   1.499999999999999777955e+00   1.376210557207989682027e-01   9.633883476483184882255e-01
14   1.625000000000000000000e+00   1.490894770308655303825e-01   9.633883476483184882255e-01
15   1.749999999999999777955e+00   1.605578983409321203180e-01   9.633883476483184882255e-01
16   1.875000000000000000000e+00   1.720263196509986824978e-01   9.633883476483184882255e-01
17   2.000000000000000000000e+00   1.834947409610652724332e-01   9.633883476483184882255e-01
18   9.827136889192001900639e-01   2.739749346064077606400e-01   9.038944125768357817918e-01
19   1.105552900034100449744e+00   3.082218014322086752088e-01   9.038944125768357817918e-01
20   1.228392111149000376358e+00   3.424686682580096452888e-01   9.038944125768357817918e-01
21   1.351231322263900302971e+00   3.767155350838106708800e-01   9.038944125768357817918e-01
22   1.474070533378800451629e+00   4.109624019096116409600e-01   9.038944125768357817918e-01
23   1.596909744493700378243e+00   4.452092687354126110399e-01   9.038944125768357817918e-01
24   1.719748955608600748945e+00   4.794561355612135811199e-01   9.038944125768357817918e-01
25   1.842588166723500453514e+00   5.137030023870144956888e-01   9.038944125768357817918e-01
26   1.965427377838400380128e+00   5.479498692128155212799e-01   9.038944125768357817918e-01
27   9.453753995897270501203e-01   4.537539958972707232476e-01   8.581298471372338365626e-01
28   1.063547324538443250574e+00   5.104732453844296191647e-01   8.581298471372338365626e-01
29   1.181719249487158895917e+00   5.671924948715884040595e-01   8.581298471372338365626e-01
30   1.299891174435874985349e+00   6.239117443587472999766e-01   8.581298471372338365626e-01
31   1.418063099384591074781e+00   6.806309938459063069160e-01   8.581298471372338365626e-01
32   1.536235024333306720123e+00   7.373502433330649807885e-01   8.581298471372338365626e-01
33   1.654406949282022809555e+00   7.940694928202238767057e-01   8.581298471372338365626e-01
34   1.772578874230738676943e+00   8.507887423073826616005e-01   8.581298471372338365626e-01
35   1.890750799179454100241e+00   9.075079917945414464953e-01   8.581298471372338365626e-01
36   8.865142149884166489215e-01   6.217140499613886817087e-01   8.260946513295125415155e-01
37   9.973284918619689243258e-01   6.994283062065623779446e-01   8.260946513295125415155e-01
38   1.108142768735520755641e+00   7.771425624517359631582e-01   8.260946513295125415155e-01
39   1.218957045609073031045e+00   8.548568186969096593941e-01   8.260946513295125415155e-01
40   1.329771322482625306449e+00   9.325710749420832446077e-01   8.260946513295125415155e-01
41   1.440585599356177359809e+00   1.010285331187257051866e+00   8.260946513295125415155e-01
42   1.551399876229729413168e+00   1.087999587432430415035e+00   8.260946513295125415155e-01
43   1.662214153103281466528e+00   1.165713843677604000248e+00   8.260946513295125415155e-01
44   1.773028429976833297843e+00   1.243428099922777363417e+00   8.260946513295125415155e-01
45   8.065707334212312007438e-01   7.678848801054775075059e-01   8.077888251536717856283e-01
46   9.073920750988853090035e-01   8.638704901186623485998e-01   8.077888251536717856283e-01
47   1.008213416776539084196e+00   9.598561001318469676491e-01   8.077888251536717856283e-01
48   1.109034758454192859389e+00   1.055841710145031697721e+00   8.077888251536717856283e-01
49   1.209856100131847078671e+00   1.151827320158216316770e+00   8.077888251536717856283e-01
50   1.310677441809501297953e+00   1.247812930171401157864e+00   8.077888251536717856283e-01
51   1.411498783487155073146e+00   1.343798540184585776913e+00   8.077888251536717856283e-01
52   1.512320125164808626295e+00   1.439784150197770173918e+00   8.077888251536717856283e-01
53   1.613141466842462401488e+00   1.535769760210955015012e+00   8.077888251536717856283e-01
54   7.082029496063637630243e-01   8.832811798425455052097e-01   8.032123686097116799232e-01
55   7.967283183071591778912e-01   9.936913273228636933609e-01   8.032123686097116799232e-01
56   8.852536870079545927581e-01   1.104101474803181881512e+00   8.032123686097116799232e-01
57   9.737790557087498966027e-01   1.214511622283500180686e+00   8.032123686097116799232e-01
58   1.062304424409545644536e+00   1.324921769763818035770e+00   8.032123686097116799232e-01
59   1.150829793110341281448e+00   1.435331917244136556988e+00   8.032123686097116799232e-01
60   1.239355161811136474270e+00   1.545742064724454634117e+00   8.032123686097116799232e-01
61   1.327880530511931667093e+00   1.656152212204772489201e+00   8.032123686097116799232e-01
62   1.416405899212727526049e+00   1.766562359685091010419e+00   8.032123686097116799232e-01
63   5.960868744731382395940e-01   9.615320832831559805243e-01   8.123652816976321133779e-01
64   6.705977337822804917877e-01   1.081723593693550311556e+00   8.123652816976321133779e-01
65   7.451085930914228550037e-01   1.201915104103944864633e+00   8.123652816976321133779e-01
66   8.196194524005652182197e-01   1.322106614514339639754e+00   8.123652816976321133779e-01
67   8.941303117097073593911e-01   1.442298124924733970786e+00   8.123652816976321133779e-01
68   9.686411710188498336294e-01   1.562489635335128301818e+00   8.123652816976321133779e-01
69   1.043152030327991974801e+00   1.682681145745523076940e+00   8.123652816976321133779e-01
70   1.117662889637134115972e+00   1.802872656155917185927e+00   8.123652816976321133779e-01
71   1.192173748946276479188e+00   1.923064166566311961049e+00   8.123652816976321133779e-01
72   4.762032017355876112319e-01   1.000000000000000000000e+00   8.352475644174330859926e-01
73   5.357286019525359099802e-01   1.124999999999999777955e+00   8.352475644174330859926e-01
74   5.952540021694843197508e-01   1.249999999999999777955e+00   8.352475644174330859926e-01
75   6.547794023864328405438e-01   1.374999999999999777955e+00   8.352475644174330859926e-01
76   7.143048026033812503144e-01   1.499999999999999777955e+00   8.352475644174330859926e-01
77   7.738302028203297711073e-01   1.625000000000000000000e+00   8.352475644174330859926e-01
78   8.333556030372781808779e-01   1.749999999999999777955e+00   8.352475644174330859926e-01
79   8.928810032542265906486e-01   1.875000000000000000000e+00   8.352475644174330859926e-01
80   9.524064034711752224638e-01   2.000000000000000000000e+00   8.352475644174330859926e-01
81   3.548270303496017241685e-01   1.000000000000000000000e+00   8.718592167691145977670e-01
82   3.991804091433018841784e-01   1.124999999999999777955e+00   8.718592167691145977670e-01
83   4.435337879370020441883e-01   1.250000000000000000000e+00   8.718592167691145977670e-01
84   4.878871667307023152205e-01   1.375000000000000000000e+00   8.718592167691145977670e-01
85   5.322405455244024752304e-01   1.500000000000000222045e+00   8.718592167691145977670e-01
86   5.765939243181027462626e-01   1.625000000000000000000e+00   8.718592167691145977670e-01
87   6.209473031118029062725e-01   1.750000000000000000000e+00   8.718592167691145977670e-01
88   6.653006819055030662824e-01   1.875000000000000000000e+00   8.718592167691145977670e-01
89   7.096540606992034483369e-01   2.000000000000000000000e+00   8.718592167691145977670e-01
90   2.221160013640082475650e-01   1.000000000000000000000e+00   9.038944125768360038364e-01
91   2.542020793047092275252e-01   1.125000000000000000000e+00   9.038944125768360038364e-01
92   2.862881572454101797298e-01   1.250000000000000000000e+00   9.038944125768360038364e-01
93   3.183742351861111319344e-01   1.374999999999999777955e+00   9.038944125768360038364e-01
94   3.504603131268121951614e-01   1.500000000000000000000e+00   9.038944125768360038364e-01
95   3.825463910675131473660e-01   1.625000000000000000000e+00   9.038944125768360038364e-01
96   4.146324690082141550818e-01   1.750000000000000000000e+00   9.038944125768360038364e-01
97   4.467185469489151072864e-01   1.874999999999999777955e+00   9.038944125768360038364e-01
98   4.788046248896161705133e-01   2.000000000000000000000e+00   9.038944125768360038364e-01
99   7.728341467288693533710e-02   1.000000000000000000000e+00   9.313531518405970821561e-01
100   9.952634039782205788160e-02   1.125000000000000000000e+00   9.313531518405970821561e-01
101   1.217692661227571943039e-01   1.249999999999999777955e+00   9.313531518405970821561e-01
102   1.440121918476923168484e-01   1.374999999999999777955e+00   9.313531518405970821561e-01
103   1.662551175726274810263e-01   1.499999999999999777955e+00   9.313531518405970821561e-01
104   1.884980432975625896930e-01   1.625000000000000000000e+00   9.313531518405970821561e-01
105   2.107409690224977538708e-01   1.750000000000000222045e+00   9.313531518405970821561e-01
106   2.329838947474328625376e-01   1.875000000000000000000e+00   9.313531518405970821561e-01
107   2.552268204723680544710e-01   2.000000000000000000000e+00   9.313531518405970821561e-01
108   -8.070813831712442265598e-02   1.000000000000000000000e+00   9.542354345603979437485e-01
109   -6.623510700864852773773e-02   1.125000000000000222045e+00   9.542354345603979437485e-01
110   -5.176207570017261894169e-02   1.250000000000000222045e+00   9.542354345603979437485e-01
111   -3.728904439169671014564e-02   1.375000000000000000000e+00   9.542354345603979437485e-01
112   -2.281601308322078400237e-02   1.500000000000000222045e+00   9.542354345603979437485e-01
113   -8.342981774744866532711e-03   1.625000000000000222045e+00   9.542354345603979437485e-01
114   6.130049533731060477926e-03   1.750000000000000222045e+00   9.542354345603979437485e-01
115   2.060308084220694238575e-02   1.875000000000000000000e+00   9.542354345603979437485e-01
116   3.507611215068286852903e-02   2.000000000000000000000e+00   9.542354345603979437485e-01
117   -2.531601991645832661071e-01   1.000000000000000000000e+00   9.725412607362388106580e-01
118   -2.446398330612913618598e-01   1.125000000000000000000e+00   9.725412607362388106580e-01
119   -2.361194669579994298569e-01   1.250000000000000000000e+00   9.725412607362388106580e-01
120   -2.275991008547075256097e-01   1.375000000000000000000e+00   9.725412607362388106580e-01
121   -2.190787347514155658512e-01   1.500000000000000000000e+00   9.725412607362388106580e-01
122   -2.105583686481236060928e-01   1.625000000000000000000e+00   9.725412607362388106580e-01
123   -2.020380025448316740899e-01   1.750000000000000000000e+00   9.725412607362388106580e-01
124   -1.935176364415397698426e-01   1.875000000000000222045e+00   9.725412607362388106580e-01
125   -1.849972703382478100842e-01   2.000000000000000000000e+00   9.725412607362388106580e-01
126   -4.416681955431379646981e-01   1.000000000000000000000e+00   9.862706303681194608401e-01
127   -4.374673163235383022140e-01   1.125000000000000000000e+00   9.862706303681194608401e-01
128   -4.332664371039386397300e-01   1.249999999999999777955e+00   9.862706303681194608401e-01
129   -4.290655578843389217347e-01   1.375000000000000000000e+00   9.862706303681194608401e-01
130   -4.248646786647392592506e-01   1.499999999999999777955e+00   9.862706303681194608401e-01
131   -4.206637994451395412554e-01   1.625000000000000222045e+00   9.862706303681194608401e-01
132   -4.164629202255398232602e-01   1.750000000000000000000e+00   9.862706303681194608401e-01
133   -4.122620410059401607761e-01   1.875000000000000000000e+00   9.862706303681194608401e-01
134   -4.080611617863404427808e-01   2.000000000000000000000e+00   9.862706303681194608401e-01
135   -6.481677681681775604616e-01   1.000000000000000000000e+00   9.954235434560397832726e-01
136   -6.467803507807908802718e-01   1.125000000000000000000e+00   9.954235434560397832726e-01
137   -6.453929333934042000820e-01   1.250000000000000222045e+00   9.954235434560397832726e-01
138   -6.440055160060175198922e-01   1.375000000000000000000e+00   9.954235434560397832726e-01
139   -6.426180986186307286800e-01   1.500000000000000222045e+00   9.954235434560397832726e-01
140   -6.412306812312440484902e-01   1.625000000000000000000e+00   9.954235434560397832726e-01
141   -6.398432638438573683004e-01   1.750000000000000000000e+00   9.954235434560397832726e-01
142   -6.384558464564707991329e-01   1.875000000000000000000e+00   9.954235434560397832726e-01
143   -6.370684290690841189431e-01   2.000000000000000000000e+00   9.954235434560397832726e-01
144   -8.750000000000000000000e-01   1.000000000000000000000e+00   1.000000000000000000000e+00
145   -8.750000000000000000000e-01   1.125000000000000000000e+00   1.000000000000000000000e+00
146   -8.750000000000000000000e-01   1.250000000000000000000e+00   1.000000000000000000000e+00
147   -8.750000000000000000000e-01   1.375000000000000000000e+00   1.000000000000000000000e+00
148   -8.750000000000000000000e-01   1.500000000000000000000e+00   1.000000000000000000000e+00
149   -8.750000000000000000000e-01   1.625000000000000000000e+00   1.000000000000000000000e+00
150   -8.750000000000000000000e-01   1.750000000000000000000e+00   1.000000000000000000000e+00
151   -8.750000000000000000000e-01   1.875000000000000000000e+00   1.000000000000000000000e+00
152   -8.750000000000000000000e-01   2.000000000000000000000e+00   1.000000000000000000000e+00
153   -1.000000000000000000000e+00   1.000000000000000000000e+00   1.000000000000000000000e+00
154   -1.000000000000000000000e+00   1.125000000000000000000e+00   1.000000000000000000000e+00
155   -1.000000000000000000000e+00   1.250000000000000000000e+00   1.000000000000000000000e+00
156   -1.000000000000000000000e+00   1.375000000000000000000e+00   1.000000000000000000000e+00
157   -1.000000000000000000000e+00   1.500000000000000000000e+00   1.000000000000000000000e+00
158   -1.000000000000000000000e+00   1.625000000000000000000e+00   1.000000000000000000000e+00
159   -1.000000000000000000000e+00   1.750000000000000000000e+00   1.000000000000000000000e+00
160   -1.000000000000000000000e+00   1.875000000000000000000e+00   1.000000000000000000000e+00
161   -1.000000000000000000000e+00   2.000000000000000000000e+00   1.000000000000000000000e+00

control points for python format
patchX = np.array(
   [[ 1.000000000000000000000e+00,   0.000000000000000000000e+00,   1.000000000000000000000e+00 ],
    [ 1.125000000000000000000e+00,   0.000000000000000000000e+00,   1.000000000000000000000e+00 ],
    [ 1.250000000000000000000e+00,   0.000000000000000000000e+00,   1.000000000000000000000e+00 ],
    [ 1.375000000000000000000e+00,   0.000000000000000000000e+00,   1.000000000000000000000e+00 ],
    [ 1.500000000000000000000e+00,   0.000000000000000000000e+00,   1.000000000000000000000e+00 ],
    [ 1.625000000000000000000e+00,   0.000000000000000000000e+00,   1.000000000000000000000e+00 ],
    [ 1.750000000000000000000e+00,   0.000000000000000000000e+00,   1.000000000000000000000e+00 ],
    [ 1.875000000000000000000e+00,   0.000000000000000000000e+00,   1.000000000000000000000e+00 ],
    [ 2.000000000000000000000e+00,   0.000000000000000000000e+00,   1.000000000000000000000e+00 ],
    [ 1.000000000000000000000e+00,   9.174737048053263621661e-02,   9.633883476483184882255e-01 ],
    [ 1.124999999999999777955e+00,   1.032157917905992122742e-01,   9.633883476483184882255e-01 ],
    [ 1.250000000000000000000e+00,   1.146842131006657883319e-01,   9.633883476483184882255e-01 ],
    [ 1.375000000000000000000e+00,   1.261526344107323505117e-01,   9.633883476483184882255e-01 ],
    [ 1.499999999999999777955e+00,   1.376210557207989682027e-01,   9.633883476483184882255e-01 ],
    [ 1.625000000000000000000e+00,   1.490894770308655303825e-01,   9.633883476483184882255e-01 ],
    [ 1.749999999999999777955e+00,   1.605578983409321203180e-01,   9.633883476483184882255e-01 ],
    [ 1.875000000000000000000e+00,   1.720263196509986824978e-01,   9.633883476483184882255e-01 ],
    [ 2.000000000000000000000e+00,   1.834947409610652724332e-01,   9.633883476483184882255e-01 ],
    [ 9.827136889192001900639e-01,   2.739749346064077606400e-01,   9.038944125768357817918e-01 ],
    [ 1.105552900034100449744e+00,   3.082218014322086752088e-01,   9.038944125768357817918e-01 ],
    [ 1.228392111149000376358e+00,   3.424686682580096452888e-01,   9.038944125768357817918e-01 ],
    [ 1.351231322263900302971e+00,   3.767155350838106708800e-01,   9.038944125768357817918e-01 ],
    [ 1.474070533378800451629e+00,   4.109624019096116409600e-01,   9.038944125768357817918e-01 ],
    [ 1.596909744493700378243e+00,   4.452092687354126110399e-01,   9.038944125768357817918e-01 ],
    [ 1.719748955608600748945e+00,   4.794561355612135811199e-01,   9.038944125768357817918e-01 ],
    [ 1.842588166723500453514e+00,   5.137030023870144956888e-01,   9.038944125768357817918e-01 ],
    [ 1.965427377838400380128e+00,   5.479498692128155212799e-01,   9.038944125768357817918e-01 ],
    [ 9.453753995897270501203e-01,   4.537539958972707232476e-01,   8.581298471372338365626e-01 ],
    [ 1.063547324538443250574e+00,   5.104732453844296191647e-01,   8.581298471372338365626e-01 ],
    [ 1.181719249487158895917e+00,   5.671924948715884040595e-01,   8.581298471372338365626e-01 ],
    [ 1.299891174435874985349e+00,   6.239117443587472999766e-01,   8.581298471372338365626e-01 ],
    [ 1.418063099384591074781e+00,   6.806309938459063069160e-01,   8.581298471372338365626e-01 ],
    [ 1.536235024333306720123e+00,   7.373502433330649807885e-01,   8.581298471372338365626e-01 ],
    [ 1.654406949282022809555e+00,   7.940694928202238767057e-01,   8.581298471372338365626e-01 ],
    [ 1.772578874230738676943e+00,   8.507887423073826616005e-01,   8.581298471372338365626e-01 ],
    [ 1.890750799179454100241e+00,   9.075079917945414464953e-01,   8.581298471372338365626e-01 ],
    [ 8.865142149884166489215e-01,   6.217140499613886817087e-01,   8.260946513295125415155e-01 ],
    [ 9.973284918619689243258e-01,   6.994283062065623779446e-01,   8.260946513295125415155e-01 ],
    [ 1.108142768735520755641e+00,   7.771425624517359631582e-01,   8.260946513295125415155e-01 ],
    [ 1.218957045609073031045e+00,   8.548568186969096593941e-01,   8.260946513295125415155e-01 ],
    [ 1.329771322482625306449e+00,   9.325710749420832446077e-01,   8.260946513295125415155e-01 ],
    [ 1.440585599356177359809e+00,   1.010285331187257051866e+00,   8.260946513295125415155e-01 ],
    [ 1.551399876229729413168e+00,   1.087999587432430415035e+00,   8.260946513295125415155e-01 ],
    [ 1.662214153103281466528e+00,   1.165713843677604000248e+00,   8.260946513295125415155e-01 ],
    [ 1.773028429976833297843e+00,   1.243428099922777363417e+00,   8.260946513295125415155e-01 ],
    [ 8.065707334212312007438e-01,   7.678848801054775075059e-01,   8.077888251536717856283e-01 ],
    [ 9.073920750988853090035e-01,   8.638704901186623485998e-01,   8.077888251536717856283e-01 ],
    [ 1.008213416776539084196e+00,   9.598561001318469676491e-01,   8.077888251536717856283e-01 ],
    [ 1.109034758454192859389e+00,   1.055841710145031697721e+00,   8.077888251536717856283e-01 ],
    [ 1.209856100131847078671e+00,   1.151827320158216316770e+00,   8.077888251536717856283e-01 ],
    [ 1.310677441809501297953e+00,   1.247812930171401157864e+00,   8.077888251536717856283e-01 ],
    [ 1.411498783487155073146e+00,   1.343798540184585776913e+00,   8.077888251536717856283e-01 ],
    [ 1.512320125164808626295e+00,   1.439784150197770173918e+00,   8.077888251536717856283e-01 ],
    [ 1.613141466842462401488e+00,   1.535769760210955015012e+00,   8.077888251536717856283e-01 ],
    [ 7.082029496063637630243e-01,   8.832811798425455052097e-01,   8.032123686097116799232e-01 ],
    [ 7.967283183071591778912e-01,   9.936913273228636933609e-01,   8.032123686097116799232e-01 ],
    [ 8.852536870079545927581e-01,   1.104101474803181881512e+00,   8.032123686097116799232e-01 ],
    [ 9.737790557087498966027e-01,   1.214511622283500180686e+00,   8.032123686097116799232e-01 ],
    [ 1.062304424409545644536e+00,   1.324921769763818035770e+00,   8.032123686097116799232e-01 ],
    [ 1.150829793110341281448e+00,   1.435331917244136556988e+00,   8.032123686097116799232e-01 ],
    [ 1.239355161811136474270e+00,   1.545742064724454634117e+00,   8.032123686097116799232e-01 ],
    [ 1.327880530511931667093e+00,   1.656152212204772489201e+00,   8.032123686097116799232e-01 ],
    [ 1.416405899212727526049e+00,   1.766562359685091010419e+00,   8.032123686097116799232e-01 ],
    [ 5.960868744731382395940e-01,   9.615320832831559805243e-01,   8.123652816976321133779e-01 ],
    [ 6.705977337822804917877e-01,   1.081723593693550311556e+00,   8.123652816976321133779e-01 ],
    [ 7.451085930914228550037e-01,   1.201915104103944864633e+00,   8.123652816976321133779e-01 ],
    [ 8.196194524005652182197e-01,   1.322106614514339639754e+00,   8.123652816976321133779e-01 ],
    [ 8.941303117097073593911e-01,   1.442298124924733970786e+00,   8.123652816976321133779e-01 ],
    [ 9.686411710188498336294e-01,   1.562489635335128301818e+00,   8.123652816976321133779e-01 ],
    [ 1.043152030327991974801e+00,   1.682681145745523076940e+00,   8.123652816976321133779e-01 ],
    [ 1.117662889637134115972e+00,   1.802872656155917185927e+00,   8.123652816976321133779e-01 ],
    [ 1.192173748946276479188e+00,   1.923064166566311961049e+00,   8.123652816976321133779e-01 ],
    [ 4.762032017355876112319e-01,   1.000000000000000000000e+00,   8.352475644174330859926e-01 ],
    [ 5.357286019525359099802e-01,   1.124999999999999777955e+00,   8.352475644174330859926e-01 ],
    [ 5.952540021694843197508e-01,   1.249999999999999777955e+00,   8.352475644174330859926e-01 ],
    [ 6.547794023864328405438e-01,   1.374999999999999777955e+00,   8.352475644174330859926e-01 ],
    [ 7.143048026033812503144e-01,   1.499999999999999777955e+00,   8.352475644174330859926e-01 ],
    [ 7.738302028203297711073e-01,   1.625000000000000000000e+00,   8.352475644174330859926e-01 ],
    [ 8.333556030372781808779e-01,   1.749999999999999777955e+00,   8.352475644174330859926e-01 ],
    [ 8.928810032542265906486e-01,   1.875000000000000000000e+00,   8.352475644174330859926e-01 ],
    [ 9.524064034711752224638e-01,   2.000000000000000000000e+00,   8.352475644174330859926e-01 ],
    [ 3.548270303496017241685e-01,   1.000000000000000000000e+00,   8.718592167691145977670e-01 ],
    [ 3.991804091433018841784e-01,   1.124999999999999777955e+00,   8.718592167691145977670e-01 ],
    [ 4.435337879370020441883e-01,   1.250000000000000000000e+00,   8.718592167691145977670e-01 ],
    [ 4.878871667307023152205e-01,   1.375000000000000000000e+00,   8.718592167691145977670e-01 ],
    [ 5.322405455244024752304e-01,   1.500000000000000222045e+00,   8.718592167691145977670e-01 ],
    [ 5.765939243181027462626e-01,   1.625000000000000000000e+00,   8.718592167691145977670e-01 ],
    [ 6.209473031118029062725e-01,   1.750000000000000000000e+00,   8.718592167691145977670e-01 ],
    [ 6.653006819055030662824e-01,   1.875000000000000000000e+00,   8.718592167691145977670e-01 ],
    [ 7.096540606992034483369e-01,   2.000000000000000000000e+00,   8.718592167691145977670e-01 ],
    [ 2.221160013640082475650e-01,   1.000000000000000000000e+00,   9.038944125768360038364e-01 ],
    [ 2.542020793047092275252e-01,   1.125000000000000000000e+00,   9.038944125768360038364e-01 ],
    [ 2.862881572454101797298e-01,   1.250000000000000000000e+00,   9.038944125768360038364e-01 ],
    [ 3.183742351861111319344e-01,   1.374999999999999777955e+00,   9.038944125768360038364e-01 ],
    [ 3.504603131268121951614e-01,   1.500000000000000000000e+00,   9.038944125768360038364e-01 ],
    [ 3.825463910675131473660e-01,   1.625000000000000000000e+00,   9.038944125768360038364e-01 ],
    [ 4.146324690082141550818e-01,   1.750000000000000000000e+00,   9.038944125768360038364e-01 ],
    [ 4.467185469489151072864e-01,   1.874999999999999777955e+00,   9.038944125768360038364e-01 ],
    [ 4.788046248896161705133e-01,   2.000000000000000000000e+00,   9.038944125768360038364e-01 ],
    [ 7.728341467288693533710e-02,   1.000000000000000000000e+00,   9.313531518405970821561e-01 ],
    [ 9.952634039782205788160e-02,   1.125000000000000000000e+00,   9.313531518405970821561e-01 ],
    [ 1.217692661227571943039e-01,   1.249999999999999777955e+00,   9.313531518405970821561e-01 ],
    [ 1.440121918476923168484e-01,   1.374999999999999777955e+00,   9.313531518405970821561e-01 ],
    [ 1.662551175726274810263e-01,   1.499999999999999777955e+00,   9.313531518405970821561e-01 ],
    [ 1.884980432975625896930e-01,   1.625000000000000000000e+00,   9.313531518405970821561e-01 ],
    [ 2.107409690224977538708e-01,   1.750000000000000222045e+00,   9.313531518405970821561e-01 ],
    [ 2.329838947474328625376e-01,   1.875000000000000000000e+00,   9.313531518405970821561e-01 ],
    [ 2.552268204723680544710e-01,   2.000000000000000000000e+00,   9.313531518405970821561e-01 ],
    [ -8.070813831712442265598e-02,   1.000000000000000000000e+00,   9.542354345603979437485e-01 ],
    [ -6.623510700864852773773e-02,   1.125000000000000222045e+00,   9.542354345603979437485e-01 ],
    [ -5.176207570017261894169e-02,   1.250000000000000222045e+00,   9.542354345603979437485e-01 ],
    [ -3.728904439169671014564e-02,   1.375000000000000000000e+00,   9.542354345603979437485e-01 ],
    [ -2.281601308322078400237e-02,   1.500000000000000222045e+00,   9.542354345603979437485e-01 ],
    [ -8.342981774744866532711e-03,   1.625000000000000222045e+00,   9.542354345603979437485e-01 ],
    [ 6.130049533731060477926e-03,   1.750000000000000222045e+00,   9.542354345603979437485e-01 ],
    [ 2.060308084220694238575e-02,   1.875000000000000000000e+00,   9.542354345603979437485e-01 ],
    [ 3.507611215068286852903e-02,   2.000000000000000000000e+00,   9.542354345603979437485e-01 ],
    [ -2.531601991645832661071e-01,   1.000000000000000000000e+00,   9.725412607362388106580e-01 ],
    [ -2.446398330612913618598e-01,   1.125000000000000000000e+00,   9.725412607362388106580e-01 ],
    [ -2.361194669579994298569e-01,   1.250000000000000000000e+00,   9.725412607362388106580e-01 ],
    [ -2.275991008547075256097e-01,   1.375000000000000000000e+00,   9.725412607362388106580e-01 ],
    [ -2.190787347514155658512e-01,   1.500000000000000000000e+00,   9.725412607362388106580e-01 ],
    [ -2.105583686481236060928e-01,   1.625000000000000000000e+00,   9.725412607362388106580e-01 ],
    [ -2.020380025448316740899e-01,   1.750000000000000000000e+00,   9.725412607362388106580e-01 ],
    [ -1.935176364415397698426e-01,   1.875000000000000222045e+00,   9.725412607362388106580e-01 ],
    [ -1.849972703382478100842e-01,   2.000000000000000000000e+00,   9.725412607362388106580e-01 ],
    [ -4.416681955431379646981e-01,   1.000000000000000000000e+00,   9.862706303681194608401e-01 ],
    [ -4.374673163235383022140e-01,   1.125000000000000000000e+00,   9.862706303681194608401e-01 ],
    [ -4.332664371039386397300e-01,   1.249999999999999777955e+00,   9.862706303681194608401e-01 ],
    [ -4.290655578843389217347e-01,   1.375000000000000000000e+00,   9.862706303681194608401e-01 ],
    [ -4.248646786647392592506e-01,   1.499999999999999777955e+00,   9.862706303681194608401e-01 ],
    [ -4.206637994451395412554e-01,   1.625000000000000222045e+00,   9.862706303681194608401e-01 ],
    [ -4.164629202255398232602e-01,   1.750000000000000000000e+00,   9.862706303681194608401e-01 ],
    [ -4.122620410059401607761e-01,   1.875000000000000000000e+00,   9.862706303681194608401e-01 ],
    [ -4.080611617863404427808e-01,   2.000000000000000000000e+00,   9.862706303681194608401e-01 ],
    [ -6.481677681681775604616e-01,   1.000000000000000000000e+00,   9.954235434560397832726e-01 ],
    [ -6.467803507807908802718e-01,   1.125000000000000000000e+00,   9.954235434560397832726e-01 ],
    [ -6.453929333934042000820e-01,   1.250000000000000222045e+00,   9.954235434560397832726e-01 ],
    [ -6.440055160060175198922e-01,   1.375000000000000000000e+00,   9.954235434560397832726e-01 ],
    [ -6.426180986186307286800e-01,   1.500000000000000222045e+00,   9.954235434560397832726e-01 ],
    [ -6.412306812312440484902e-01,   1.625000000000000000000e+00,   9.954235434560397832726e-01 ],
    [ -6.398432638438573683004e-01,   1.750000000000000000000e+00,   9.954235434560397832726e-01 ],
    [ -6.384558464564707991329e-01,   1.875000000000000000000e+00,   9.954235434560397832726e-01 ],
    [ -6.370684290690841189431e-01,   2.000000000000000000000e+00,   9.954235434560397832726e-01 ],
    [ -8.750000000000000000000e-01,   1.000000000000000000000e+00,   1.000000000000000000000e+00 ],
    [ -8.750000000000000000000e-01,   1.125000000000000000000e+00,   1.000000000000000000000e+00 ],
    [ -8.750000000000000000000e-01,   1.250000000000000000000e+00,   1.000000000000000000000e+00 ],
    [ -8.750000000000000000000e-01,   1.375000000000000000000e+00,   1.000000000000000000000e+00 ],
    [ -8.750000000000000000000e-01,   1.500000000000000000000e+00,   1.000000000000000000000e+00 ],
    [ -8.750000000000000000000e-01,   1.625000000000000000000e+00,   1.000000000000000000000e+00 ],
    [ -8.750000000000000000000e-01,   1.750000000000000000000e+00,   1.000000000000000000000e+00 ],
    [ -8.750000000000000000000e-01,   1.875000000000000000000e+00,   1.000000000000000000000e+00 ],
    [ -8.750000000000000000000e-01,   2.000000000000000000000e+00,   1.000000000000000000000e+00 ],
    [ -1.000000000000000000000e+00,   1.000000000000000000000e+00,   1.000000000000000000000e+00 ],
    [ -1.000000000000000000000e+00,   1.125000000000000000000e+00,   1.000000000000000000000e+00 ],
    [ -1.000000000000000000000e+00,   1.250000000000000000000e+00,   1.000000000000000000000e+00 ],
    [ -1.000000000000000000000e+00,   1.375000000000000000000e+00,   1.000000000000000000000e+00 ],
    [ -1.000000000000000000000e+00,   1.500000000000000000000e+00,   1.000000000000000000000e+00 ],
    [ -1.000000000000000000000e+00,   1.625000000000000000000e+00,   1.000000000000000000000e+00 ],
    [ -1.000000000000000000000e+00,   1.750000000000000000000e+00,   1.000000000000000000000e+00 ],
    [ -1.000000000000000000000e+00,   1.875000000000000000000e+00,   1.000000000000000000000e+00 ],
    [ -1.000000000000000000000e+00,   2.000000000000000000000e+00,   1.000000000000000000000e+00 ]])