order
2   2

knot vector length
9   9

number of control points
6   6

knot vector
0.000000000000000000000e+00   0.000000000000000000000e+00   0.000000000000000000000e+00   2.500000000000000000000e-01   5.000000000000000000000e-01   7.500000000000000000000e-01   1.000000000000000000000e+00   1.000000000000000000000e+00   1.000000000000000000000e+00
0.000000000000000000000e+00   0.000000000000000000000e+00   0.000000000000000000000e+00   2.500000000000000000000e-01   5.000000000000000000000e-01   7.500000000000000000000e-01   1.000000000000000000000e+00   1.000000000000000000000e+00   1.000000000000000000000e+00

control points
0   1.000000000000000000000e+00   0.000000000000000000000e+00   1.000000000000000000000e+00
1   1.250000000000000000000e+00   0.000000000000000000000e+00   1.000000000000000000000e+00
2   1.750000000000000000000e+00   0.000000000000000000000e+00   1.000000000000000000000e+00
3   2.250000000000000000000e+00   0.000000000000000000000e+00   1.000000000000000000000e+00
4   2.750000000000000000000e+00   0.000000000000000000000e+00   1.000000000000000000000e+00
5   3.000000000000000000000e+00   0.000000000000000000000e+00   1.000000000000000000000e+00
6   1.000000000000000000000e+00   9.567085809127244544481e-02   9.809698831278217401319e-01
7   1.250000000000000000000e+00   1.305870008298633810906e-01   9.833486477368439393487e-01
8   1.750000000000000000000e+00   2.004192863070452801377e-01   9.881061769548885598269e-01
9   2.250000000000000000000e+00   2.702515717842271514293e-01   9.928637061729330692827e-01
10   2.750000000000000000000e+00   3.400838572614090504764e-01   9.976212353909776897609e-01
11   3.000000000000000000000e+00   3.750000000000000000000e-01   1.000000000000000000000e+00
12   9.633883476483184882255e-01   2.797300638308632958484e-01   9.619397662556433692416e-01
13   1.217964804192278593931e+00   3.853888058520054116229e-01   9.666972954736878786974e-01
14   1.727117717280199027385e+00   5.967062898942896431720e-01   9.762123539097771196538e-01
15   2.236270630368119682885e+00   8.080237739365737636987e-01   9.857274123458662495878e-01
16   2.745423543456039894295e+00   1.019341257978857884225e+00   9.952424707819553795218e-01
17   3.000000000000000000000e+00   1.125000000000000000000e+00   1.000000000000000000000e+00
18   8.901650429449552426320e-01   4.565067591275002167883e-01   9.619397662556433692416e-01
19   1.153894412576836003836e+00   6.338184142365627105065e-01   9.666972954736878786974e-01
20   1.681353151840597082156e+00   9.884417244546876979427e-01   9.762123539097771196538e-01
21   2.208811891104358160476e+00   1.343065034672812574357e+00   9.857274123458662495878e-01
22   2.736270630368119238796e+00   1.697688344890937450771e+00   9.952424707819553795218e-01
23   3.000000000000000000000e+00   1.875000000000000000000e+00   1.000000000000000000000e+00
24   7.803300858899107073086e-01   6.260009439811831111200e-01   9.809698831278217401319e-01
25   1.057788825153672007673e+00   8.758758259835353054967e-01   9.833486477368439393487e-01
26   1.612706303681194164312e+00   1.375625589988239472206e+00   9.881061769548885598269e-01
27   2.167623782208716320952e+00   1.875375353992943638914e+00   9.928637061729330692827e-01
28   2.722541260736238477591e+00   2.375125117997647805623e+00   9.976212353909776897609e-01
29   3.000000000000000000000e+00   2.625000000000000000000e+00   1.000000000000000000000e+00
30   7.071067811865475727373e-01   7.071067811865475727373e-01   1.000000000000000000000e+00
31   9.937184335382291955341e-01   9.937184335382291955341e-01   1.000000000000000000000e+00
32   1.566941738241592219083e+00   1.566941738241592219083e+00   1.000000000000000000000e+00
33   2.140165042944955242632e+00   2.140165042944955242632e+00   1.000000000000000000000e+00
34   2.713388347648318266181e+00   2.713388347648318266181e+00   1.000000000000000000000e+00
35   3.000000000000000000000e+00   3.000000000000000000000e+00   1.000000000000000000000e+00

control points for python format(ïKÇ∏ïœêîñºÇïœçXÇµÇƒÇ≠ÇæÇ≥Ç¢)
patchX = np.array(
   [[ 1.000000000000000000000e+00,   0.000000000000000000000e+00,   1.000000000000000000000e+00 ],
    [ 1.250000000000000000000e+00,   0.000000000000000000000e+00,   1.000000000000000000000e+00 ],
    [ 1.750000000000000000000e+00,   0.000000000000000000000e+00,   1.000000000000000000000e+00 ],
    [ 2.250000000000000000000e+00,   0.000000000000000000000e+00,   1.000000000000000000000e+00 ],
    [ 2.750000000000000000000e+00,   0.000000000000000000000e+00,   1.000000000000000000000e+00 ],
    [ 3.000000000000000000000e+00,   0.000000000000000000000e+00,   1.000000000000000000000e+00 ],
    [ 1.000000000000000000000e+00,   9.567085809127244544481e-02,   9.809698831278217401319e-01 ],
    [ 1.250000000000000000000e+00,   1.305870008298633810906e-01,   9.833486477368439393487e-01 ],
    [ 1.750000000000000000000e+00,   2.004192863070452801377e-01,   9.881061769548885598269e-01 ],
    [ 2.250000000000000000000e+00,   2.702515717842271514293e-01,   9.928637061729330692827e-01 ],
    [ 2.750000000000000000000e+00,   3.400838572614090504764e-01,   9.976212353909776897609e-01 ],
    [ 3.000000000000000000000e+00,   3.750000000000000000000e-01,   1.000000000000000000000e+00 ],
    [ 9.633883476483184882255e-01,   2.797300638308632958484e-01,   9.619397662556433692416e-01 ],
    [ 1.217964804192278593931e+00,   3.853888058520054116229e-01,   9.666972954736878786974e-01 ],
    [ 1.727117717280199027385e+00,   5.967062898942896431720e-01,   9.762123539097771196538e-01 ],
    [ 2.236270630368119682885e+00,   8.080237739365737636987e-01,   9.857274123458662495878e-01 ],
    [ 2.745423543456039894295e+00,   1.019341257978857884225e+00,   9.952424707819553795218e-01 ],
    [ 3.000000000000000000000e+00,   1.125000000000000000000e+00,   1.000000000000000000000e+00 ],
    [ 8.901650429449552426320e-01,   4.565067591275002167883e-01,   9.619397662556433692416e-01 ],
    [ 1.153894412576836003836e+00,   6.338184142365627105065e-01,   9.666972954736878786974e-01 ],
    [ 1.681353151840597082156e+00,   9.884417244546876979427e-01,   9.762123539097771196538e-01 ],
    [ 2.208811891104358160476e+00,   1.343065034672812574357e+00,   9.857274123458662495878e-01 ],
    [ 2.736270630368119238796e+00,   1.697688344890937450771e+00,   9.952424707819553795218e-01 ],
    [ 3.000000000000000000000e+00,   1.875000000000000000000e+00,   1.000000000000000000000e+00 ],
    [ 7.803300858899107073086e-01,   6.260009439811831111200e-01,   9.809698831278217401319e-01 ],
    [ 1.057788825153672007673e+00,   8.758758259835353054967e-01,   9.833486477368439393487e-01 ],
    [ 1.612706303681194164312e+00,   1.375625589988239472206e+00,   9.881061769548885598269e-01 ],
    [ 2.167623782208716320952e+00,   1.875375353992943638914e+00,   9.928637061729330692827e-01 ],
    [ 2.722541260736238477591e+00,   2.375125117997647805623e+00,   9.976212353909776897609e-01 ],
    [ 3.000000000000000000000e+00,   2.625000000000000000000e+00,   1.000000000000000000000e+00 ],
    [ 7.071067811865475727373e-01,   7.071067811865475727373e-01,   1.000000000000000000000e+00 ],
    [ 9.937184335382291955341e-01,   9.937184335382291955341e-01,   1.000000000000000000000e+00 ],
    [ 1.566941738241592219083e+00,   1.566941738241592219083e+00,   1.000000000000000000000e+00 ],
    [ 2.140165042944955242632e+00,   2.140165042944955242632e+00,   1.000000000000000000000e+00 ],
    [ 2.713388347648318266181e+00,   2.713388347648318266181e+00,   1.000000000000000000000e+00 ],
    [ 3.000000000000000000000e+00,   3.000000000000000000000e+00,   1.000000000000000000000e+00 ]])