patch connectivity
0   1   2   3   4   5   6   7   8
6   7   8   9   10   11   12   13   14
12   13   14   15   16   17   18   19   20
18   19   20   21   22   23   24   25   26
0   0   0   0   0   0   0   0   0   0   0   0   0   0   0   0   0   0

0      1.000000000000000000000e+00      0.000000000000000000000e+00      1.000000000000000000000e+00
1      1.000000000000000000000e+00      0.000000000000000000000e+00      1.000000000000000000000e+00
2      1.500000000000000000000e+00      0.000000000000000000000e+00      1.000000000000000000000e+00
3      1.000000000000000000000e+00      0.000000000000000000000e+00      1.000000000000000000000e+00
4      1.000000000000000000000e+00      0.000000000000000000000e+00      1.000000000000000000000e+00
5      1.500000000000000000000e+00      2.500000000000000000000e-01      1.000000000000000000000e+00
6      1.000000000000000000000e+00      0.000000000000000000000e+00      1.000000000000000000000e+00
7      1.000000000000000000000e+00      0.000000000000000000000e+00      1.000000000000000000000e+00
8      1.500000000000000000000e+00      5.000000000000000000000e-01      1.000000000000000000000e+00
9      1.000000000000000000000e+00      0.000000000000000000000e+00      1.000000000000000000000e+00
10      1.000000000000000000000e+00      0.000000000000000000000e+00      1.000000000000000000000e+00
11      1.250000000000000000000e+00      5.000000000000000000000e-01      1.000000000000000000000e+00
12      1.000000000000000000000e+00      0.000000000000000000000e+00      1.000000000000000000000e+00
13      1.000000000000000000000e+00      0.000000000000000000000e+00      1.000000000000000000000e+00
14      1.000000000000000000000e+00      5.000000000000000000000e-01      1.000000000000000000000e+00
15      1.000000000000000000000e+00      0.000000000000000000000e+00      1.000000000000000000000e+00
16      1.000000000000000000000e+00      0.000000000000000000000e+00      1.000000000000000000000e+00
17      7.500000000000000000000e-01      5.000000000000000000000e-01      1.000000000000000000000e+00
18      1.000000000000000000000e+00      0.000000000000000000000e+00      1.000000000000000000000e+00
19      1.000000000000000000000e+00      0.000000000000000000000e+00      1.000000000000000000000e+00
20      5.000000000000000000000e-01      5.000000000000000000000e-01      1.000000000000000000000e+00
21      1.000000000000000000000e+00      0.000000000000000000000e+00      1.000000000000000000000e+00
22      1.000000000000000000000e+00      0.000000000000000000000e+00      1.000000000000000000000e+00
23      5.000000000000000000000e-01      2.500000000000000000000e-01      1.000000000000000000000e+00
24      1.000000000000000000000e+00      0.000000000000000000000e+00      1.000000000000000000000e+00
25      1.000000000000000000000e+00      0.000000000000000000000e+00      1.000000000000000000000e+00
26      5.000000000000000000000e-01      0.000000000000000000000e+00      1.000000000000000000000e+00
