-4.307074e-05 
-3.221517e-05 
-3.752712e-05 
-4.316201e-05 
1.915762e-07 
-3.053975e-05 
2.186520e-06 
-3.584284e-05 
1.351712e-05 
-4.330445e-05 
5.382417e-08 
-2.496300e-05 
7.378778e-06 
-2.964681e-05 
2.877517e-05 
-4.353390e-05 
-5.018984e-08 
-2.398317e-05 
9.945594e-06 
-2.177600e-05 
3.266732e-05 
-4.408654e-05 
-3.270395e-07 
-2.029993e-05 
2.104634e-05 
-1.392158e-05 
4.892776e-05 
-4.443174e-05 
-6.198024e-07 
-1.817081e-05 
3.504671e-05 
-7.051308e-06 
6.766085e-05 
-4.450093e-05 
-6.760012e-07 
-1.997046e-05 
4.780138e-05 
-4.519563e-06 
8.155969e-05 
-4.452899e-05 
-7.294720e-07 
-2.771477e-05 
4.816243e-05 
-8.598296e-06 
7.869388e-05 
-4.429671e-05 
-7.754099e-07 
-4.149918e-05 
4.846074e-05 
-2.188833e-05 
7.533695e-05 
-5.438759e-05 
-9.331876e-05 
-1.334587e-04 
-1.736754e-04 
-1.936257e-04 
-5.502672e-05 
1.096070e-05 
-9.308133e-05 
1.150319e-05 
-1.335612e-04 
1.104282e-05 
-1.736135e-04 
1.111579e-05 
-1.936457e-04 
1.090683e-05 
-5.551258e-05 
2.206794e-05 
-9.261136e-05 
2.289375e-05 
-1.335726e-04 
2.218574e-05 
-1.735304e-04 
2.214809e-05 
-1.935772e-04 
2.186470e-05 
-2.014875e-05 
9.712047e-05 
-4.650439e-05 
7.899332e-05 
-9.231432e-05 
7.628637e-05 
-1.326892e-04 
7.539492e-05 
-1.733795e-04 
7.443565e-05 
-1.932765e-04 
7.387929e-05 
-2.662716e-05 
1.962292e-04 
-4.456737e-05 
1.931595e-04 
-8.810982e-05 
1.849033e-04 
-1.300147e-04 
1.817750e-04 
-1.707284e-04 
1.796736e-04 
-1.908569e-04 
1.784097e-04 
-2.692374e-05 
2.985836e-04 
-4.679940e-05 
2.966564e-04 
-8.641189e-05 
2.922618e-04 
-1.273518e-04 
2.879445e-04 
-1.678029e-04 
2.848623e-04 
-1.879295e-04 
2.835236e-04 
-2.687821e-05 
4.025064e-04 
-4.576759e-05 
4.013177e-04 
-8.505714e-05 
3.970653e-04 
-1.245324e-04 
3.932228e-04 
-1.646984e-04 
3.898914e-04 
-1.847987e-04 
3.884318e-04 
-2.596795e-05 
4.540618e-04 
-4.441771e-05 
4.531294e-04 
-8.281261e-05 
4.493267e-04 
-1.226911e-04 
4.455626e-04 
-1.629144e-04 
4.423823e-04 
-1.830447e-04 
4.408553e-04 
-1.044940e-05 
1.042664e-04 
-1.443321e-05 
1.024458e-04 
-1.827270e-05 
1.969229e-04 
-2.252281e-05 
1.961193e-04 
-1.754905e-05 
2.996211e-04 
-2.218170e-05 
2.993704e-04 
-1.811919e-05 
4.026910e-04 
-2.249579e-05 
4.025234e-04 
-1.720257e-05 
4.545235e-04 
-2.158723e-05 
4.543533e-04 
-3.813395e-06 
1.056767e-04 
-6.361352e-06 
1.050962e-04 
-9.462132e-06 
1.986593e-04 
-1.404219e-05 
1.980877e-04 
-8.566756e-06 
2.998396e-04 
-1.292316e-05 
2.997166e-04 
-9.174231e-06 
4.030093e-04 
-1.372969e-05 
4.029477e-04 
-8.553079e-06 
4.547924e-04 
-1.283111e-05 
4.546692e-04 
9.335533e-05 
-1.966378e-06 
9.334412e-05 
1.071761e-04 
-1.409645e-06 
1.070362e-04 
1.988788e-04 
-4.843892e-06 
1.989355e-04 
3.001197e-04 
-4.225116e-06 
3.000887e-04 
4.029764e-04 
-4.613186e-06 
4.029965e-04 
4.549451e-04 
-4.272276e-06 
4.549375e-04 
8.757758e-05 
-1.142792e-05 
8.783815e-05 
9.200390e-05 
-5.334100e-06 
9.237235e-05 



Displacement
0	-4.3070735411471e-05	 0.0000000000000e+00	 
1	-3.2215171998661e-05	 0.0000000000000e+00	 
2	-3.7527120710141e-05	 0.0000000000000e+00	 
3	-4.3162006355204e-05	 1.9157615622482e-07	 
4	-3.0539747255512e-05	 2.1865197078990e-06	 
5	-3.5842840418841e-05	 1.3517121421320e-05	 
6	-4.3304454769576e-05	 5.3824168845959e-08	 
7	-2.4963000846020e-05	 7.3787779818688e-06	 
8	-2.9646809274143e-05	 2.8775170430431e-05	 
9	-4.3533901450739e-05	 -5.0189838792130e-08	 
10	-2.3983173843054e-05	 9.9455941535215e-06	 
11	-2.1776004664251e-05	 3.2667321287421e-05	 
12	-4.4086541483217e-05	 -3.2703947151877e-07	 
13	-2.0299932273312e-05	 2.1046337182072e-05	 
14	-1.3921577633709e-05	 4.8927762535583e-05	 
15	-4.4431738544792e-05	 -6.1980236838500e-07	 
16	-1.8170811489057e-05	 3.5046705706590e-05	 
17	-7.0513082147784e-06	 6.7660851746677e-05	 
18	-4.4500925024490e-05	 -6.7600124273606e-07	 
19	-1.9970457502780e-05	 4.7801384864929e-05	 
20	-4.5195633644093e-06	 8.1559690349189e-05	 
21	-4.4528992371597e-05	 -7.2947197917789e-07	 
22	-2.7714767317202e-05	 4.8162432902405e-05	 
23	-8.5982958197706e-06	 7.8693878855143e-05	 
24	-4.4296712838443e-05	 -7.7540993259206e-07	 
25	-4.1499181816719e-05	 4.8460742268985e-05	 
26	-2.1888329302944e-05	 7.5336952658316e-05	 
27	-5.4387593665990e-05	 0.0000000000000e+00	 
28	-9.3318755115949e-05	 0.0000000000000e+00	 
29	-1.3345865292145e-04	 0.0000000000000e+00	 
30	-1.7367535531727e-04	 0.0000000000000e+00	 
31	-1.9362569206756e-04	 0.0000000000000e+00	 
32	-5.5026717374316e-05	 1.0960704346750e-05	 
33	-9.3081329504538e-05	 1.1503189154923e-05	 
34	-1.3356124674371e-04	 1.1042815451467e-05	 
35	-1.7361352022977e-04	 1.1115786271721e-05	 
36	-1.9364573867521e-04	 1.0906825655723e-05	 
37	-5.5512582759884e-05	 2.2067942847936e-05	 
38	-9.2611355969152e-05	 2.2893753765644e-05	 
39	-1.3357256039668e-04	 2.2185744504730e-05	 
40	-1.7353039894212e-04	 2.2148090838329e-05	 
41	-1.9357719957696e-04	 2.1864703898312e-05	 
42	-2.0148748166455e-05	 9.7120472648834e-05	 
43	-4.6504390387813e-05	 7.8993324565318e-05	 
44	-9.2314317826491e-05	 7.6286366989549e-05	 
45	-1.3268919726662e-04	 7.5394921644832e-05	 
46	-1.7337954164569e-04	 7.4435646692179e-05	 
47	-1.9327645622039e-04	 7.3879287640166e-05	 
48	-2.6627159732580e-05	 1.9622923432566e-04	 
49	-4.4567372431021e-05	 1.9315952810765e-04	 
50	-8.8109818963533e-05	 1.8490332697673e-04	 
51	-1.3001473720315e-04	 1.8177502228133e-04	 
52	-1.7072841148680e-04	 1.7967361553416e-04	 
53	-1.9085692256953e-04	 1.7840967600505e-04	 
54	-2.6923739931299e-05	 2.9858357047552e-04	 
55	-4.6799403930714e-05	 2.9665643589470e-04	 
56	-8.6411886768338e-05	 2.9226178053227e-04	 
57	-1.2735180441123e-04	 2.8794449707733e-04	 
58	-1.6780292095618e-04	 2.8486231145829e-04	 
59	-1.8792950087942e-04	 2.8352357416470e-04	 
60	-2.6878209303902e-05	 4.0250644413275e-04	 
61	-4.5767589559654e-05	 4.0131772131439e-04	 
62	-8.5057137782883e-05	 3.9706533788510e-04	 
63	-1.2453243647565e-04	 3.9322278329571e-04	 
64	-1.6469835587534e-04	 3.8989140087075e-04	 
65	-1.8479870418955e-04	 3.8843183818341e-04	 
66	-2.5967949731388e-05	 4.5406184503532e-04	 
67	-4.4417713833565e-05	 4.5312944381791e-04	 
68	-8.2812607898416e-05	 4.4932668693558e-04	 
69	-1.2269111458992e-04	 4.4556264425646e-04	 
70	-1.6291440955727e-04	 4.4238228578571e-04	 
71	-1.8304471881141e-04	 4.4085533442735e-04	 
72	-1.0449400934593e-05	 1.0426644410833e-04	 
73	-1.4433206652335e-05	 1.0244581903978e-04	 
74	-1.8272696064565e-05	 1.9692291669926e-04	 
75	-2.2522812914086e-05	 1.9611925085084e-04	 
76	-1.7549048095113e-05	 2.9962110587519e-04	 
77	-2.2181702658433e-05	 2.9937037824077e-04	 
78	-1.8119188902344e-05	 4.0269100224866e-04	 
79	-2.2495787805396e-05	 4.0252336147702e-04	 
80	-1.7202573165458e-05	 4.5452346608635e-04	 
81	-2.1587231497670e-05	 4.5435330189693e-04	 
82	-3.8133945333603e-06	 1.0567667676696e-04	 
83	-6.3613521364782e-06	 1.0509615529791e-04	 
84	-9.4621316222020e-06	 1.9865928910359e-04	 
85	-1.4042189361584e-05	 1.9808773430051e-04	 
86	-8.5667560849802e-06	 2.9983963643812e-04	 
87	-1.2923157649197e-05	 2.9971663662700e-04	 
88	-9.1742306378146e-06	 4.0300930731251e-04	 
89	-1.3729686511112e-05	 4.0294770058519e-04	 
90	-8.5530786627847e-06	 4.5479244686892e-04	 
91	-1.2831110757765e-05	 4.5466919193648e-04	 
92	0.0000000000000e+00	 9.3355334922831e-05	 
93	-1.9663780050907e-06	 9.3344123677330e-05	 
94	0.0000000000000e+00	 1.0717607831262e-04	 
95	-1.4096453976458e-06	 1.0703616681022e-04	 
96	0.0000000000000e+00	 1.9887879310832e-04	 
97	-4.8438918750329e-06	 1.9893545099580e-04	 
98	0.0000000000000e+00	 3.0011965190360e-04	 
99	-4.2251157231076e-06	 3.0008868213513e-04	 
100	0.0000000000000e+00	 4.0297643528610e-04	 
101	-4.6131858813125e-06	 4.0299651386627e-04	 
102	0.0000000000000e+00	 4.5494514196205e-04	 
103	-4.2722755623039e-06	 4.5493752027640e-04	 
104	0.0000000000000e+00	 8.7577578263654e-05	 
105	-1.1427919517997e-05	 8.7838147910893e-05	 
106	0.0000000000000e+00	 9.2003901247158e-05	 
107	-5.3340999121160e-06	 9.2372347073533e-05	 



Strain
0	0	1.5409693218998e-04	2.5220086107053e-04	1.0232930119885e-04	0.0000000000000e+00	
0	1	9.1517957080434e-06	7.5673320342930e-05	2.2835101859936e-05	0.0000000000000e+00	
0	2	-8.9628376771457e-06	5.7429287451109e-05	9.6424155020333e-06	0.0000000000000e+00	
0	3	9.6421752275383e-05	2.9659478574879e-04	1.3344403671099e-04	0.0000000000000e+00	
0	4	-5.2311383484315e-06	8.7173101126028e-05	2.8401536599227e-05	0.0000000000000e+00	
0	5	-1.6562314710428e-05	6.1300988329630e-05	1.1534558014259e-05	0.0000000000000e+00	
0	6	-1.7539979413814e-05	3.4098871042706e-04	1.4516665424407e-04	0.0000000000000e+00	
0	7	-3.1592175469020e-05	9.8672881909126e-05	2.6302432885759e-05	0.0000000000000e+00	
0	8	-3.0096703313575e-05	6.5172689208152e-05	9.9229727428979e-06	0.0000000000000e+00	
1	0	-4.6460132808512e-05	3.5883828814480e-04	1.1582380960000e-04	0.0000000000000e+00	
1	1	-4.0688401492128e-05	1.0293318381496e-04	1.8198312086330e-05	0.0000000000000e+00	
1	2	-3.2763907441554e-05	6.7465144884399e-05	2.7576259431759e-06	0.0000000000000e+00	
1	3	-8.1345990820184e-05	4.5078213874890e-04	-6.0021485507735e-05	0.0000000000000e+00	
1	4	-4.8538564144416e-05	1.1881243212575e-04	-2.6275210199221e-05	0.0000000000000e+00	
1	5	-3.3794377576716e-05	7.4071312836883e-05	-2.2126543751289e-05	0.0000000000000e+00	
1	6	-1.1623184883186e-04	4.2291928739338e-04	-2.5022406508187e-04	0.0000000000000e+00	
1	7	-5.6388726796704e-05	1.0710038587045e-04	-7.6645352865060e-05	0.0000000000000e+00	
1	8	-3.4824847711877e-05	6.6201556818987e-05	-4.9210129701820e-05	0.0000000000000e+00	
2	0	-5.3863493058914e-05	3.4563508884403e-04	-4.8843477757981e-04	0.0000000000000e+00	
2	1	-3.7759618847606e-05	8.6382000314233e-05	-1.2335854402013e-04	0.0000000000000e+00	
2	2	-2.7218521111036e-05	5.4263724978344e-05	-6.8832683801097e-05	0.0000000000000e+00	
2	3	2.2190362363460e-05	1.8691676397324e-04	-4.3449111466055e-04	0.0000000000000e+00	
2	4	-1.9293160538183e-05	4.8232839506473e-05	-1.0877911000049e-04	0.0000000000000e+00	
2	5	-1.8958052979806e-05	3.2977385852074e-05	-5.9886729423673e-05	0.0000000000000e+00	
2	6	9.8244217785840e-05	3.0786265838693e-05	-3.4174472868218e-04	0.0000000000000e+00	
2	7	-8.2670222875993e-07	1.5548068302166e-05	-8.2664339971940e-05	0.0000000000000e+00	
2	8	-1.0697584848576e-05	1.5601204249017e-05	-4.5108544659412e-05	0.0000000000000e+00	
3	0	9.8634713118518e-05	2.4365910283329e-06	-2.7787640832081e-04	0.0000000000000e+00	
3	1	6.4352416344403e-08	9.0633125945066e-06	-6.7286365419094e-05	0.0000000000000e+00	
3	2	-1.2486305280161e-05	1.1328351511055e-05	-3.9309464672211e-05	0.0000000000000e+00	
3	3	6.7099583618377e-05	4.0045059119744e-06	-1.4101717176776e-04	0.0000000000000e+00	
3	4	-6.9035667692496e-06	1.0006863145234e-05	-3.3149941592386e-05	0.0000000000000e+00	
3	5	-1.7684102509089e-05	1.2113685463861e-05	-2.1538601882628e-05	0.0000000000000e+00	
3	6	-3.8588356181140e-05	5.5724207956053e-06	-4.7834636502242e-06	0.0000000000000e+00	
3	7	-3.3425893431288e-05	1.0950413695961e-05	5.5479961195277e-07	0.0000000000000e+00	
3	8	-3.3388810842786e-05	1.2899019416667e-05	-4.1136751510380e-06	0.0000000000000e+00	
4	0	-1.6618055801307e-05	5.2538447587097e-05	5.9070415447385e-06	0.0000000000000e+00	
4	1	-1.7320388080758e-05	4.6901622425358e-05	5.1725307376337e-07	0.0000000000000e+00	
4	2	-1.8022720360210e-05	4.4856093022097e-05	-9.6370812366076e-07	0.0000000000000e+00	
4	3	-1.8947703470674e-05	5.4707553081056e-05	9.5106013519272e-06	0.0000000000000e+00	
4	4	-1.8489832919103e-05	4.7695952216546e-05	1.4325724944359e-06	0.0000000000000e+00	
4	5	-1.8031962367532e-05	4.4956431176846e-05	-6.9255957291263e-07	0.0000000000000e+00	
4	6	-2.2368028352891e-05	5.6876658575015e-05	1.2710592280072e-05	0.0000000000000e+00	
4	7	-2.0268997436982e-05	4.8490282007734e-05	2.1045075222603e-06	0.0000000000000e+00	
4	8	-1.8169966521072e-05	4.5056769331595e-05	-5.0461092881703e-07	0.0000000000000e+00	
5	0	-1.8305893849431e-05	4.5142694212552e-05	-3.0446513546819e-07	0.0000000000000e+00	
5	1	-1.8576684907731e-05	4.5487147249241e-05	4.3803974874642e-07	0.0000000000000e+00	
5	2	-1.8847475966031e-05	4.5261795315120e-05	4.3568907212513e-07	0.0000000000000e+00	
5	3	-1.8030277623567e-05	4.5128355074347e-05	1.3959703869500e-07	0.0000000000000e+00	
5	4	-1.8482358566532e-05	4.5404052486633e-05	7.6796421710591e-07	0.0000000000000e+00	
5	5	-1.8934439509496e-05	4.5219603845332e-05	6.0022293670329e-07	0.0000000000000e+00	
5	6	-1.7746976820777e-05	4.5114015936143e-05	5.5458036979556e-07	0.0000000000000e+00	
5	7	-1.8392407153813e-05	4.5320957724025e-05	1.0946119405732e-06	0.0000000000000e+00	
5	8	-1.9037837486848e-05	4.5177412375544e-05	7.8728215455936e-07	0.0000000000000e+00	
6	0	-1.8924269629600e-05	4.4904872212949e-05	1.5376150709460e-07	0.0000000000000e+00	
6	1	-1.8917379356701e-05	4.4460732226228e-05	-1.3344430415486e-07	0.0000000000000e+00	
6	2	-1.8910489083803e-05	4.4309798489620e-05	-1.1316150475270e-07	0.0000000000000e+00	
6	3	-1.9042366986398e-05	4.4928425257203e-05	2.5349946448351e-07	0.0000000000000e+00	
6	4	-1.8961177919102e-05	4.4539077908089e-05	-4.7211667273683e-08	0.0000000000000e+00	
6	5	-1.8879988851807e-05	4.4350837237329e-05	-2.3871657312362e-08	0.0000000000000e+00	
6	6	-1.9179274001598e-05	4.4951978301458e-05	3.7696505092797e-07	0.0000000000000e+00	
6	7	-1.9019889073773e-05	4.4617423589950e-05	4.1078111190311e-08	0.0000000000000e+00	
6	8	-1.8860504145948e-05	4.4391875985037e-05	4.5804844237992e-08	0.0000000000000e+00	
7	0	-1.8895508673879e-05	4.4333345881038e-05	7.7527632942999e-09	0.0000000000000e+00	
7	1	-1.8850918892817e-05	4.4205572939158e-05	8.6329776487373e-08	0.0000000000000e+00	
7	2	-1.8806329111755e-05	4.3813874350543e-05	-1.8173808570453e-08	0.0000000000000e+00	
7	3	-1.8854295680901e-05	4.4318627373339e-05	7.6365819951009e-08	0.0000000000000e+00	
7	4	-1.8847190380320e-05	4.4163901623251e-05	1.0082788249673e-07	0.0000000000000e+00	
7	5	-1.8840085079739e-05	4.3850439809072e-05	-1.0247540799461e-08	0.0000000000000e+00	
7	6	-1.8819708946674e-05	4.4303908865639e-05	1.2626179436535e-07	0.0000000000000e+00	
7	7	-1.8838901511890e-05	4.4122230307343e-05	1.2135939629757e-07	0.0000000000000e+00	
7	8	-1.8858094077106e-05	4.3887005267601e-05	2.8462624797036e-08	0.0000000000000e+00	
8	0	-2.3708080364132e-05	5.4089126942948e-05	-7.9185145223378e-07	0.0000000000000e+00	
8	1	-2.1357717323012e-05	4.9543861710988e-05	1.7691215473456e-06	0.0000000000000e+00	
8	2	-1.9007354281892e-05	4.6908671849158e-05	3.3598968586639e-06	0.0000000000000e+00	
8	3	-2.3328012706629e-05	4.9276615262317e-05	-8.3675403498886e-06	0.0000000000000e+00	
8	4	-2.2049693285231e-05	4.8081204040731e-05	-3.4829521293497e-06	0.0000000000000e+00	
8	5	-2.0771373863834e-05	4.6978951273805e-05	4.5343993363064e-07	0.0000000000000e+00	
8	6	-2.1614412994500e-05	4.4464103581687e-05	-1.1183938842012e-05	0.0000000000000e+00	
8	7	-2.1383547246746e-05	4.6618546370473e-05	-6.0064072472131e-06	0.0000000000000e+00	
8	8	-2.1152681498992e-05	4.7049230698453e-05	-1.7550702792703e-06	0.0000000000000e+00	
9	0	-1.8424655399331e-05	4.6190345263959e-05	2.9196476726443e-06	0.0000000000000e+00	
9	1	-1.8772578582601e-05	4.5381597489496e-05	1.0974178679061e-06	0.0000000000000e+00	
9	2	-1.9120501765870e-05	4.4971819737430e-05	2.9021683297915e-07	0.0000000000000e+00	
9	3	-2.0259587531522e-05	4.6389778616411e-05	1.1548518584874e-06	0.0000000000000e+00	
9	4	-1.9779157483522e-05	4.5611277381677e-05	5.4254683181611e-07	0.0000000000000e+00	
9	5	-1.9298727435522e-05	4.5148914537169e-05	3.9752934392243e-07	0.0000000000000e+00	
9	6	-2.0882793561122e-05	4.6589211968863e-05	-5.2985073446517e-07	0.0000000000000e+00	
9	7	-2.0186191657712e-05	4.5840957273858e-05	-2.4807513142710e-08	0.0000000000000e+00	
9	8	-1.9489589754303e-05	4.5326009336908e-05	3.9978201592378e-07	0.0000000000000e+00	
10	0	-1.9182900943779e-05	4.4896934515475e-05	3.0896702720341e-07	0.0000000000000e+00	
10	1	-1.9049412015800e-05	4.4743460045472e-05	4.3691378559043e-07	0.0000000000000e+00	
10	2	-1.8915923087821e-05	4.4515042203923e-05	4.2777101678299e-07	0.0000000000000e+00	
10	3	-1.9148180836808e-05	4.5011463588979e-05	4.4655948667940e-07	0.0000000000000e+00	
10	4	-1.9111258751917e-05	4.4789631486443e-05	4.3538236286244e-07	0.0000000000000e+00	
10	5	-1.9074336667026e-05	4.4555747504474e-05	3.8849094176722e-07	0.0000000000000e+00	
10	6	-1.9271268587213e-05	4.5125992662484e-05	4.7260699361306e-07	0.0000000000000e+00	
10	7	-1.9217611617856e-05	4.4835802927414e-05	3.9259647877832e-07	0.0000000000000e+00	
10	8	-1.9163954648499e-05	4.4596452805026e-05	3.7824689658157e-07	0.0000000000000e+00	
11	0	-1.8872782044121e-05	4.4352478825354e-05	3.1840016662186e-07	0.0000000000000e+00	
11	1	-1.8858017134656e-05	4.4096549416186e-05	1.1284322465794e-07	0.0000000000000e+00	
11	2	-1.8843252225192e-05	4.3880782391591e-05	1.9852833022847e-08	0.0000000000000e+00	
11	3	-1.9032647964046e-05	4.4415231333067e-05	3.2006704062820e-07	0.0000000000000e+00	
11	4	-1.8926307168286e-05	4.4183762351639e-05	1.8799171257585e-07	0.0000000000000e+00	
11	5	-1.8819966372525e-05	4.3967398369101e-05	1.0722247282945e-07	0.0000000000000e+00	
11	6	-1.9110671796791e-05	4.4477983840780e-05	3.6307469646111e-07	0.0000000000000e+00	
11	7	-1.8981222689937e-05	4.4270975287092e-05	2.7647566890950e-07	0.0000000000000e+00	
11	8	-1.8851773583082e-05	4.4054014346610e-05	1.7992226764099e-07	0.0000000000000e+00	
12	0	-2.0114022832146e-05	4.3080090444449e-05	-9.6067821496474e-06	0.0000000000000e+00	
12	1	-2.0456598226209e-05	4.5907525872526e-05	-5.6694547213484e-06	0.0000000000000e+00	
12	2	-2.0799173620272e-05	4.6747568191530e-05	-2.4927309065268e-06	0.0000000000000e+00	
12	3	-1.8360756327479e-05	4.3136452503496e-05	-5.5194176245507e-06	0.0000000000000e+00	
12	4	-1.9247713361594e-05	4.4926767522184e-05	-4.1690060013382e-06	0.0000000000000e+00	
12	5	-2.0134670395710e-05	4.5640628073756e-05	-3.0321473836888e-06	0.0000000000000e+00	
12	6	-1.7890873873742e-05	4.3192814562543e-05	-3.1002416216289e-06	0.0000000000000e+00	
12	7	-1.8710803044946e-05	4.3946009171842e-05	-3.3186379095517e-06	0.0000000000000e+00	
12	8	-1.9530732216151e-05	4.4533687955981e-05	-3.2035365951234e-06	0.0000000000000e+00	
13	0	-2.0733728621455e-05	4.6412048226045e-05	-1.4034962067852e-06	0.0000000000000e+00	
13	1	-2.0166252033911e-05	4.5798466536550e-05	-4.9709943560136e-07	0.0000000000000e+00	
13	2	-1.9598775446367e-05	4.5334560876292e-05	1.7538012361646e-07	0.0000000000000e+00	
13	3	-2.0300402448792e-05	4.5603793146621e-05	-2.3869161296184e-06	0.0000000000000e+00	
13	4	-1.9982982235061e-05	4.5422767579426e-05	-1.3064423234934e-06	0.0000000000000e+00	
13	5	-1.9665562021330e-05	4.5186853370435e-05	-4.3952060590973e-07	0.0000000000000e+00	
13	6	-1.9743101219312e-05	4.4795538067198e-05	-2.7725754231278e-06	0.0000000000000e+00	
13	7	-1.9652976359095e-05	4.5047068622303e-05	-1.7466556849804e-06	0.0000000000000e+00	
13	8	-1.9562851498879e-05	4.5039145864578e-05	-9.1392291194958e-07	0.0000000000000e+00	
14	0	-1.9402157079025e-05	4.5129799342922e-05	3.0290874484145e-07	0.0000000000000e+00	
14	1	-1.9293956284419e-05	4.4833985075764e-05	2.7094874278849e-07	0.0000000000000e+00	
14	2	-1.9185755489812e-05	4.4601001192491e-05	3.1842456052075e-07	0.0000000000000e+00	
14	3	-1.9524661187097e-05	4.5028351895047e-05	-1.9110975152397e-07	0.0000000000000e+00	
14	4	-1.9357876857254e-05	4.4781566602733e-05	-5.0128098371400e-08	0.0000000000000e+00	
14	5	-1.9191092527411e-05	4.4575926387592e-05	1.1625142962966e-07	0.0000000000000e+00	
14	6	-1.9488619578846e-05	4.4926904447171e-05	-6.1821289872407e-07	0.0000000000000e+00	
14	7	-1.9323647063990e-05	4.4729148129701e-05	-3.2852610963274e-07	0.0000000000000e+00	
14	8	-1.9158674549134e-05	4.4550851582693e-05	-6.7479390629608e-08	0.0000000000000e+00	
15	0	-1.9120954467028e-05	4.4491273642208e-05	3.2982266836560e-07	0.0000000000000e+00	
15	1	-1.9006467086426e-05	4.4300565423418e-05	2.5314070670831e-07	0.0000000000000e+00	
15	2	-1.8891979705824e-05	4.4100473042205e-05	1.4996746857350e-07	0.0000000000000e+00	
15	3	-1.9117139123036e-05	4.4474191426439e-05	1.5888164959294e-07	0.0000000000000e+00	
15	4	-1.9029783194546e-05	4.4315038745056e-05	1.0836675686362e-07	0.0000000000000e+00	
15	5	-1.8942427266055e-05	4.4173511985249e-05	3.5792121044005e-08	0.0000000000000e+00	
15	6	-1.9091702211243e-05	4.4457109210671e-05	8.1147139223579e-09	0.0000000000000e+00	
15	7	-1.9026524844608e-05	4.4329512066695e-05	1.3954631061544e-08	0.0000000000000e+00	
15	8	-1.8961347477972e-05	4.4246550928294e-05	2.1663384976000e-09	0.0000000000000e+00	
16	0	-1.8139595479208e-05	4.3278447721944e-05	-2.5377620194376e-06	0.0000000000000e+00	
16	1	-1.8675878079229e-05	4.3698600726516e-05	-2.9382384824915e-06	0.0000000000000e+00	
16	2	-1.9212160679250e-05	4.4197595822927e-05	-2.9132973054356e-06	0.0000000000000e+00	
16	3	-1.8418062132310e-05	4.3516363302124e-05	-1.9989495058485e-06	0.0000000000000e+00	
16	4	-1.8608060167143e-05	4.3829142014638e-05	-2.1648906610820e-06	0.0000000000000e+00	
16	5	-1.8798058201975e-05	4.4149558124068e-05	-2.1365823397712e-06	0.0000000000000e+00	
16	6	-1.8359231155236e-05	4.3754278882303e-05	-1.5403526950420e-06	0.0000000000000e+00	
16	7	-1.8461309042982e-05	4.3959683302760e-05	-1.5513402603120e-06	0.0000000000000e+00	
16	8	-1.8563386930727e-05	4.4101520425208e-05	-1.5992465126028e-06	0.0000000000000e+00	
17	0	-1.9376331991691e-05	4.4509079279547e-05	-2.5559639841030e-06	0.0000000000000e+00	
17	1	-1.9404222739837e-05	4.4848434022961e-05	-1.7295458236809e-06	0.0000000000000e+00	
17	2	-1.9432113487982e-05	4.4907124331465e-05	-1.0611573744106e-06	0.0000000000000e+00	
17	3	-1.8896523451909e-05	4.4332921120523e-05	-1.9535983351548e-06	0.0000000000000e+00	
17	4	-1.9044900428564e-05	4.4541526833457e-05	-1.5156370845631e-06	0.0000000000000e+00	
17	5	-1.9193277405220e-05	4.4601140938108e-05	-1.1352530580484e-06	0.0000000000000e+00	
17	6	-1.8638658658637e-05	4.4156762961499e-05	-1.5709458292695e-06	0.0000000000000e+00	
17	7	-1.8795251437072e-05	4.4234619643953e-05	-1.3742777411021e-06	0.0000000000000e+00	
17	8	-1.8951844215507e-05	4.4295157544751e-05	-1.1347343899369e-06	0.0000000000000e+00	
18	0	-1.9400037377943e-05	4.4824236410295e-05	-7.8898715251765e-07	0.0000000000000e+00	
18	1	-1.9261917344741e-05	4.4666075718839e-05	-4.5088607466262e-07	0.0000000000000e+00	
18	2	-1.9123797311538e-05	4.4514429624318e-05	-1.6054494499821e-07	0.0000000000000e+00	
18	3	-1.9213692325244e-05	4.4572866004351e-05	-9.2092260355413e-07	0.0000000000000e+00	
18	4	-1.9135471051258e-05	4.4501746377139e-05	-5.6595603010011e-07	0.0000000000000e+00	
18	5	-1.9057249777272e-05	4.4414340672545e-05	-2.7041676178956e-07	0.0000000000000e+00	
18	6	-1.8995874658541e-05	4.4321495598407e-05	-9.4283531184556e-07	0.0000000000000e+00	
18	7	-1.8990592130953e-05	4.4337417035440e-05	-5.9648634938357e-07	0.0000000000000e+00	
18	8	-1.8985309603366e-05	4.4314251720771e-05	-3.2123204901794e-07	0.0000000000000e+00	
19	0	-1.9067783750419e-05	4.4430870849928e-05	-6.9018243023088e-08	0.0000000000000e+00	
19	1	-1.9013413647252e-05	4.4321264320025e-05	-2.4426983985510e-08	0.0000000000000e+00	
19	2	-1.8959043544085e-05	4.4258290929792e-05	4.0104108656022e-09	0.0000000000000e+00	
19	3	-1.9023816861935e-05	4.4357785157489e-05	-1.6723574715804e-07	0.0000000000000e+00	
19	4	-1.8987146200760e-05	4.4278447685633e-05	-7.9851513535463e-08	0.0000000000000e+00	
19	5	-1.8950475539585e-05	4.4225596404135e-05	-7.9861013950266e-09	0.0000000000000e+00	
19	6	-1.8978045363334e-05	4.4284699465049e-05	-2.2036453827099e-07	0.0000000000000e+00	
19	7	-1.8958364390539e-05	4.4235631051241e-05	-1.1270450870670e-07	0.0000000000000e+00	
19	8	-1.8938683417744e-05	4.4192901878478e-05	-1.9928257920383e-08	0.0000000000000e+00	
20	0	-1.8184071875547e-05	4.3782924836541e-05	-1.2689748943291e-06	0.0000000000000e+00	
20	1	-1.8341035273724e-05	4.3955589633975e-05	-1.2703073596910e-06	0.0000000000000e+00	
20	2	-1.8497998671902e-05	4.4052569195486e-05	-1.3638655322688e-06	0.0000000000000e+00	
20	3	-1.7859820046209e-05	4.3643450839571e-05	-7.5757322844170e-07	0.0000000000000e+00	
20	4	-1.8096888207310e-05	4.3810980487164e-05	-8.0798304213292e-07	0.0000000000000e+00	
20	5	-1.8333956368411e-05	4.3932386401019e-05	-9.0951251383917e-07	0.0000000000000e+00	
20	6	-1.7537312477884e-05	4.3503976842601e-05	-2.6843051065735e-07	0.0000000000000e+00	
20	7	-1.7808543346918e-05	4.3666371340352e-05	-3.3487834670594e-07	0.0000000000000e+00	
20	8	-1.8079774215953e-05	4.3812203606551e-05	-4.1133979156856e-07	0.0000000000000e+00	
21	0	-1.8578235563979e-05	4.4077938079844e-05	-1.3687757903886e-06	0.0000000000000e+00	
21	1	-1.8697005577299e-05	4.4125608967712e-05	-1.2031878549902e-06	0.0000000000000e+00	
21	2	-1.8815775590618e-05	4.4186627519197e-05	-9.9209641496007e-07	0.0000000000000e+00	
21	3	-1.8437570550625e-05	4.3983215189424e-05	-8.8587566593950e-07	0.0000000000000e+00	
21	4	-1.8556571663918e-05	4.4057901876034e-05	-6.9976009547471e-07	0.0000000000000e+00	
21	5	-1.8675572777211e-05	4.4119648383457e-05	-5.5956157696249e-07	0.0000000000000e+00	
21	6	-1.8223129429743e-05	4.3888492299004e-05	-3.5809114838850e-07	0.0000000000000e+00	
21	7	-1.8444537559192e-05	4.3990194784356e-05	-1.8082847304987e-07	0.0000000000000e+00	
21	8	-1.8665945688641e-05	4.4052669247717e-05	-1.4090340624825e-07	0.0000000000000e+00	
22	0	-1.8862108343960e-05	4.4226045181640e-05	-8.2508405758138e-07	0.0000000000000e+00	
22	1	-1.8902560451692e-05	4.4266348558727e-05	-5.3109727925576e-07	0.0000000000000e+00	
22	2	-1.8943012559423e-05	4.4267115498775e-05	-2.9828190438777e-07	0.0000000000000e+00	
22	3	-1.8734424866871e-05	4.4149401025170e-05	-4.7955336679607e-07	0.0000000000000e+00	
22	4	-1.8817668469642e-05	4.4186451671985e-05	-3.2510750515826e-07	0.0000000000000e+00	
22	5	-1.8900912072413e-05	4.4205221216159e-05	-1.8606449434317e-07	0.0000000000000e+00	
22	6	-1.8752164474310e-05	4.4072756868701e-05	-1.4953606142167e-07	0.0000000000000e+00	
22	7	-1.8827046483881e-05	4.4106554785242e-05	-1.1087515449583e-07	0.0000000000000e+00	
22	8	-1.8901928493451e-05	4.4143326933543e-05	-4.1848545757836e-08	0.0000000000000e+00	
23	0	-1.8951771133666e-05	4.4250880821086e-05	-2.0966882697280e-07	0.0000000000000e+00	
23	1	-1.8941417793387e-05	4.4217490859951e-05	-1.0692235004444e-07	0.0000000000000e+00	
23	2	-1.8931064453108e-05	4.4180455109687e-05	-1.7254507217418e-08	0.0000000000000e+00	
23	3	-1.8925470796290e-05	4.4207749025150e-05	-1.2674579859681e-07	0.0000000000000e+00	
23	4	-1.8926623043625e-05	4.4197968878024e-05	-5.6845993617473e-08	0.0000000000000e+00	
23	5	-1.8927775290961e-05	4.4170376418033e-05	5.5434992060223e-09	0.0000000000000e+00	
23	6	-1.8925591121972e-05	4.4164617229214e-05	-9.5187442405021e-09	0.0000000000000e+00	
23	7	-1.8932025538277e-05	4.4178446896097e-05	1.1701215202625e-08	0.0000000000000e+00	
23	8	-1.8938459954582e-05	4.4160297726379e-05	3.0979184435455e-08	0.0000000000000e+00	
24	0	-2.8297811857257e-05	4.8040707921336e-05	-4.5807040739124e-05	0.0000000000000e+00	
24	1	-2.8869949721694e-05	5.3670855775148e-05	-2.9885674886451e-05	0.0000000000000e+00	
24	2	-2.9442087586131e-05	5.5805815925252e-05	-1.4322094837356e-05	0.0000000000000e+00	
24	3	-2.0420555038118e-05	4.4152741127474e-05	-2.0590378134976e-05	0.0000000000000e+00	
24	4	-2.2075415777048e-05	4.7662845077979e-05	-1.7875299473413e-05	0.0000000000000e+00	
24	5	-2.3730276515978e-05	4.9446992010705e-05	-1.5258318323849e-05	0.0000000000000e+00	
24	6	-1.6988883179965e-05	4.0264774333613e-05	-9.6458469506250e-06	0.0000000000000e+00	
24	7	-1.8492947408392e-05	4.1654834380810e-05	-1.1733209722002e-05	0.0000000000000e+00	
24	8	-1.9997011636819e-05	4.3088168096159e-05	-1.3658981713801e-05	0.0000000000000e+00	
25	0	-1.6859050468522e-05	3.9601410348069e-05	-8.0844718191229e-06	0.0000000000000e+00	
25	1	-1.7780710522908e-05	4.0291414968945e-05	-9.3053613603017e-06	0.0000000000000e+00	
25	2	-1.8702370577294e-05	4.1455991294046e-05	-1.0319452797678e-05	0.0000000000000e+00	
25	3	-1.7113043674205e-05	4.1209732329370e-05	-4.8865813941326e-06	0.0000000000000e+00	
25	4	-1.7300205269034e-05	4.1614046210291e-05	-4.6322755876932e-06	0.0000000000000e+00	
25	5	-1.7487366863864e-05	4.2205853219101e-05	-4.2755053757698e-06	0.0000000000000e+00	
25	6	-1.7580985332478e-05	4.2818054310672e-05	-2.3639103651299e-06	0.0000000000000e+00	
25	7	-1.7529233534766e-05	4.2936677451638e-05	-1.9980324486715e-06	0.0000000000000e+00	
25	8	-1.7477481737054e-05	4.2955715144155e-05	-1.6340238250480e-06	0.0000000000000e+00	
26	0	-1.7925505618036e-05	4.3299967994988e-05	-1.6412121637882e-06	0.0000000000000e+00	
26	1	-1.7938339682092e-05	4.3342244936421e-05	-1.7035901403030e-06	0.0000000000000e+00	
26	2	-1.7951173746147e-05	4.3231813840955e-05	-1.7930913005391e-06	0.0000000000000e+00	
26	3	-1.8240418252307e-05	4.3347738376991e-05	-1.3331993546925e-06	0.0000000000000e+00	
26	4	-1.8340408771672e-05	4.3413342979413e-05	-1.7781522845950e-06	0.0000000000000e+00	
26	5	-1.8440399291037e-05	4.3430762788410e-05	-2.2326794856437e-06	0.0000000000000e+00	
26	6	-1.8147918340469e-05	4.3395508758995e-05	-1.1626228591547e-06	0.0000000000000e+00	
26	7	-1.8251707980413e-05	4.3484441022405e-05	-1.4936653359406e-06	0.0000000000000e+00	
26	8	-1.8355497620356e-05	4.3629711735865e-05	-1.8167331712975e-06	0.0000000000000e+00	
27	0	-1.7930936181725e-05	4.3435961333595e-05	-9.6112785317998e-07	0.0000000000000e+00	
27	1	-1.8002919366017e-05	4.3514582324204e-05	-1.0689119564867e-06	0.0000000000000e+00	
27	2	-1.8074902550309e-05	4.3662435270838e-05	-1.1648111005725e-06	0.0000000000000e+00	
27	3	-1.7649843163114e-05	4.3527205887358e-05	-4.3841267008456e-07	0.0000000000000e+00	
27	4	-1.7675136743958e-05	4.3547064613861e-05	-3.9798700052526e-07	0.0000000000000e+00	
27	5	-1.7700430324802e-05	4.3575940478833e-05	-3.4978750978816e-07	0.0000000000000e+00	
27	6	-1.7537737367811e-05	4.3618450441121e-05	-5.1808049796938e-08	0.0000000000000e+00	
27	7	-1.7535869250911e-05	4.3579546903518e-05	-1.4919299076281e-07	0.0000000000000e+00	
27	8	-1.7534001134012e-05	4.3489445686829e-05	-2.4291524859369e-07	0.0000000000000e+00	
28	0	-1.1874486868896e-05	2.4719002074405e-05	-4.5741633193536e-05	0.0000000000000e+00	
28	1	-1.7654980087205e-05	3.3236772571258e-05	-5.1289968316688e-05	0.0000000000000e+00	
28	2	-2.3435473305515e-05	4.2777430163436e-05	-5.6184106845702e-05	0.0000000000000e+00	
28	3	-1.2094856286332e-05	3.1017831134674e-05	-1.7254211865240e-05	0.0000000000000e+00	
28	4	-1.5198656246781e-05	3.5803936479933e-05	-1.9445331583568e-05	0.0000000000000e+00	
28	5	-1.8302456207230e-05	4.1147476479832e-05	-2.1163619155884e-05	0.0000000000000e+00	
28	6	-1.3765716708343e-05	3.7316660194942e-05	-5.3867504603795e-06	0.0000000000000e+00	
28	7	-1.5054304539536e-05	3.8371100388609e-05	-6.4315538671435e-06	0.0000000000000e+00	
28	8	-1.6342892370730e-05	3.9517522796229e-05	-7.1848895760225e-06	0.0000000000000e+00	
29	0	-1.5294338894698e-05	3.9543877752969e-05	-4.7215676398724e-06	0.0000000000000e+00	
29	1	-1.5911284186510e-05	3.9539446415559e-05	-5.8440016516605e-06	0.0000000000000e+00	
29	2	-1.6528229478322e-05	3.9505288178610e-05	-6.7634576118391e-06	0.0000000000000e+00	
29	3	-1.7176139194141e-05	4.0898863285053e-05	-3.3626310626752e-06	0.0000000000000e+00	
29	4	-1.7120421266386e-05	4.0987293899800e-05	-4.3263083454469e-06	0.0000000000000e+00	
29	5	-1.7064703338630e-05	4.1093197700643e-05	-5.2097370610632e-06	0.0000000000000e+00	
29	6	-1.7874125300420e-05	4.2253848817136e-05	-1.6747004161115e-06	0.0000000000000e+00	
29	7	-1.7728709204253e-05	4.2435141384041e-05	-2.2554205631038e-06	0.0000000000000e+00	
29	8	-1.7583293108087e-05	4.2681107222676e-05	-2.8786216273944e-06	0.0000000000000e+00	
30	0	-1.7793217262708e-05	4.2737892696305e-05	-9.7542669786141e-07	0.0000000000000e+00	
30	1	-1.7828908991408e-05	4.2922480613446e-05	-1.3061782235476e-06	0.0000000000000e+00	
30	2	-1.7864600720109e-05	4.3173471652954e-05	-1.7001126556111e-06	0.0000000000000e+00	
30	3	-1.7699027927426e-05	4.3046319924402e-05	-6.5942997185982e-07	0.0000000000000e+00	
30	4	-1.7912318691923e-05	4.3149370333035e-05	-7.8533816684176e-07	0.0000000000000e+00	
30	5	-1.8125609456420e-05	4.3277568395707e-05	-9.2284199683446e-07	0.0000000000000e+00	
30	6	-1.7787159737124e-05	4.3354747152499e-05	-6.3275467399353e-07	0.0000000000000e+00	
30	7	-1.7933009998425e-05	4.3376260052623e-05	-7.4978301282901e-07	0.0000000000000e+00	
30	8	-1.8078860259727e-05	4.3381665138459e-05	-8.2681971530816e-07	0.0000000000000e+00	
31	0	-1.7898244017141e-05	4.3461684916830e-05	-5.7076773023591e-07	0.0000000000000e+00	
31	1	-1.7911803561129e-05	4.3459075977130e-05	-7.3832668932714e-07	0.0000000000000e+00	
31	2	-1.7925363105117e-05	4.3436437340791e-05	-8.6446653520947e-07	0.0000000000000e+00	
31	3	-1.7823830150547e-05	4.3520748425398e-05	-2.4441507994868e-07	0.0000000000000e+00	
31	4	-1.7751518084532e-05	4.3516782492507e-05	-3.8283776429034e-07	0.0000000000000e+00	
31	5	-1.7679206018518e-05	4.3520564815270e-05	-5.2652309447146e-07	0.0000000000000e+00	
31	6	-1.7361599795040e-05	4.3579811933965e-05	9.5192159934938e-09	0.0000000000000e+00	
31	7	-1.7425154474503e-05	4.3574489007885e-05	3.2178079785875e-08	0.0000000000000e+00	
31	8	-1.7488709153966e-05	4.3604692289749e-05	2.8925386903560e-09	0.0000000000000e+00	
32	0	-7.7791805763476e-06	1.4759561815764e-05	-4.3883959881786e-06	0.0000000000000e+00	
32	1	-8.8104685243303e-06	1.6573539570655e-05	-1.9003565307514e-05	0.0000000000000e+00	
32	2	-9.8417564723131e-06	2.0765841519246e-05	-3.3692669568581e-05	0.0000000000000e+00	
32	3	-8.2459487845970e-06	2.5181021273260e-05	-2.1309441819768e-06	0.0000000000000e+00	
32	4	-9.3920577544555e-06	2.6269869876324e-05	-8.2942113754364e-06	0.0000000000000e+00	
32	5	-1.0538166724314e-05	2.8747816111687e-05	-1.4431889320585e-05	0.0000000000000e+00	
32	6	-1.1303779320830e-05	3.5602480730757e-05	-9.6844276363220e-07	0.0000000000000e+00	
32	7	-1.2091969409863e-05	3.5966200181993e-05	-3.3786339978642e-06	0.0000000000000e+00	
32	8	-1.2880159498895e-05	3.6729790704129e-05	-5.6637117937432e-06	0.0000000000000e+00	
33	0	-1.4068007098791e-05	3.9084179169403e-05	-6.6918404951615e-07	0.0000000000000e+00	
33	1	-1.4465649181186e-05	3.9217750428370e-05	-2.5912412663394e-06	0.0000000000000e+00	
33	2	-1.4863291263580e-05	3.9452342916193e-05	-4.3814597306953e-06	0.0000000000000e+00	
33	3	-1.7335346907499e-05	4.0627547404574e-05	-2.4026480304338e-07	0.0000000000000e+00	
33	4	-1.7288235087888e-05	4.0695345469052e-05	-1.3206524810566e-06	0.0000000000000e+00	
33	5	-1.7241123268277e-05	4.0826396330096e-05	-2.3456141106930e-06	0.0000000000000e+00	
33	6	-1.8276492583959e-05	4.2170915639745e-05	-3.4068203703998e-08	0.0000000000000e+00	
33	7	-1.8147587206771e-05	4.2172940509734e-05	-4.5218639628260e-07	0.0000000000000e+00	
33	8	-1.8018681829584e-05	4.2200449744000e-05	-8.9129124457431e-07	0.0000000000000e+00	
34	0	-1.7875968653505e-05	4.2698249424580e-05	-5.6238522791973e-08	0.0000000000000e+00	
34	1	-1.7846155777772e-05	4.2687313546743e-05	-3.2561536421891e-07	0.0000000000000e+00	
34	2	-1.7816342902038e-05	4.2692238953322e-05	-6.3094217988506e-07	0.0000000000000e+00	
34	3	-1.7427629728931e-05	4.2967059349941e-05	-1.3695503380636e-07	0.0000000000000e+00	
34	4	-1.7509224692474e-05	4.2977357164613e-05	-4.2724366796315e-07	0.0000000000000e+00	
34	5	-1.7590819656018e-05	4.3008215062174e-05	-7.2849089178658e-07	0.0000000000000e+00	
34	6	-1.7548854908095e-05	4.3235869275302e-05	-1.2797115177972e-07	0.0000000000000e+00	
34	7	-1.7623148634194e-05	4.3267400782482e-05	-4.1685228591583e-07	0.0000000000000e+00	
34	8	-1.7697442360293e-05	4.3324191171026e-05	-6.9170062514537e-07	0.0000000000000e+00	
35	0	-1.7831142223828e-05	4.3363948409316e-05	-6.7569484401013e-08	0.0000000000000e+00	
35	1	-1.7854418242785e-05	4.3392440903957e-05	-2.8361996111016e-07	0.0000000000000e+00	
35	2	-1.7877694261742e-05	4.3440852683466e-05	-4.8249377267193e-07	0.0000000000000e+00	
35	3	-1.7910634476314e-05	4.3535281361496e-05	1.1323462767351e-08	0.0000000000000e+00	
35	4	-1.7886016649906e-05	4.3532096622337e-05	-4.0928203248319e-08	0.0000000000000e+00	
35	5	-1.7861398823497e-05	4.3525782890683e-05	-9.0190704783698e-08	0.0000000000000e+00	
35	6	-1.7367802549761e-05	4.3706614313675e-05	-5.5107918681038e-09	0.0000000000000e+00	
35	7	-1.7362681506158e-05	4.3671752340718e-05	-3.4429646702604e-09	0.0000000000000e+00	
35	8	-1.7357560462554e-05	4.3610713097901e-05	-1.2573473659860e-08	0.0000000000000e+00	
36	0	-3.9829259893669e-05	1.6321917847319e-05	5.0321770528328e-07	0.0000000000000e+00	
36	1	-3.8019420706614e-05	1.5646771004533e-05	-1.0726336975220e-06	0.0000000000000e+00	
36	2	-3.6209581519559e-05	1.3910749971312e-05	-1.8340009324520e-06	0.0000000000000e+00	
36	3	-2.3553028298256e-05	1.1458104961587e-05	-7.1926393989642e-07	0.0000000000000e+00	
36	4	-2.1802242153447e-05	1.1506222941461e-05	-7.1822329993323e-06	0.0000000000000e+00	
36	5	-2.0051456008638e-05	1.2147466611641e-05	-1.4577792311135e-05	0.0000000000000e+00	
36	6	-1.1056502899289e-05	6.5942920758556e-06	-2.0454807027865e-06	0.0000000000000e+00	
36	7	-1.1111844216967e-05	7.3656748783893e-06	-1.1741567538113e-05	0.0000000000000e+00	
36	8	-1.1167185534645e-05	1.0384183251969e-05	-2.4117319046047e-05	0.0000000000000e+00	











Stress
0	0	7.2705366992219e+01	8.8251066491752e+01	8.1076292488320e+00	4.8286930045191e+01	
0	1	1.1531346419794e+01	2.2072449554245e+01	1.8092426858257e+00	1.0081138792212e+01	
0	2	4.3397860989118e+00	1.4860384388466e+01	7.6397599746879e-01	5.7600511462134e+00	
0	3	6.1987643148818e+01	9.3707369991528e+01	1.0572873677871e+01	4.6708503942104e+01	
0	4	8.9095528841245e+00	2.3552070831616e+01	2.2502755920926e+00	9.7384871147221e+00	
0	5	2.6925294183222e+00	1.5030868207747e+01	9.1389190420667e-01	5.3170192878207e+00	
0	6	3.5661225524847e+01	9.2474233299632e+01	1.1501665682415e+01	3.8440637647344e+01	
0	7	2.9661392295218e+00	2.3608140629443e+01	2.0839619901794e+00	7.9722839576896e+00	
0	8	-6.0052389375715e-01	1.4496010613532e+01	7.8620476347576e-01	4.1686460159324e+00	
1	0	2.9762798185309e+01	9.3987009505603e+01	9.1768095298463e+00	3.7124942307274e+01	
1	1	9.5000627807565e-01	2.3708503642121e+01	1.4418662653015e+00	7.3975529760590e+00	
1	2	-1.0677105754159e+00	1.4814739254697e+01	2.1848882472855e-01	4.1241086037842e+00	
1	3	3.1015854420022e+01	1.1533769649020e+02	-4.7555484671513e+00	4.3906065273066e+01	
1	4	6.6028337643586e-01	2.7178979708478e+01	-2.0818051157845e+00	8.3517789254741e+00	
1	5	-5.6835021777501e-01	1.6524213032380e+01	-1.7531030818329e+00	4.7867588443815e+00	
1	6	1.8030344921840e+01	1.0346506343138e+02	-1.9825445156486e+01	3.6448622505966e+01	
1	7	-2.9085587640209e+00	2.2998177550928e+01	-6.0726702654625e+00	6.0268856360721e+00	
1	8	-1.7893977473832e+00	1.4219401739815e+01	-3.8989564302211e+00	3.7290011977296e+00	
2	0	2.6140639983588e+01	8.9445799885131e+01	-3.8699063146708e+01	3.4675931960616e+01	
2	1	-2.0486426616369e-01	1.9466807693328e+01	-9.7737923339030e+00	5.7785830281492e+00	
2	2	-1.0988702702878e+00	1.1812931802337e+01	-5.4536664857792e+00	3.2142184596147e+00	
2	3	2.8367896666071e+01	5.4470695690390e+01	-3.4425065238489e+01	2.4851577706938e+01	
2	4	3.8214563825785e-01	1.1082419491488e+01	-8.6186525615772e+00	3.4393695389237e+00	
2	5	-1.3379784500574e+00	6.8917910879175e+00	-4.7448716389525e+00	1.6661437913580e+00	
2	6	3.0902706602980e+01	2.0213215755970e+01	-2.7076697734050e+01	1.5334776707685e+01	
2	7	1.6185772301666e+00	4.2133485604518e+00	-6.5495592439306e+00	1.7495777371855e+00	
2	8	-1.1123794472605e+00	3.0549671328197e+00	-3.5739846922457e+00	5.8277630566776e-01	
3	0	2.7641744148541e+01	1.2398041725019e+01	-2.2016361582341e+01	1.2011935762068e+01	
3	1	1.0949852630334e+00	2.5209743374191e+00	-5.3311504908975e+00	1.0847878801357e+00	
3	2	-2.1162174961846e+00	1.6574896568850e+00	-3.1145191240291e+00	-1.3761835178989e-01	
3	3	1.9083150813712e+01	9.0850077310047e+00	-1.1172898993907e+01	8.4504475634149e+00	
3	4	-7.2513497259683e-01	1.9545177676982e+00	-2.6264953723198e+00	3.6881483853042e-01	
3	5	-3.4642727310462e+00	1.2575305938982e+00	-1.7065199953159e+00	-6.6202264114441e-01	
3	6	-1.0038587223369e+01	-3.0408025639772e+00	-3.7899750459469e-01	-3.9238169362039e+00	
3	7	-7.9678428199642e+00	-9.3590492133864e-01	4.3957200023950e-02	-2.6711243223909e+00	
3	8	-7.7259752376533e+00	-3.9113444269383e-01	-3.2592964658224e-01	-2.4351329041041e+00	
4	0	1.6356777198734e+00	1.2594323641420e+01	4.6801944546774e-01	4.2690004083881e+00	
4	1	7.7100058584963e-01	1.0947719173742e+01	4.0982358921252e-02	3.5156159278775e+00	
4	2	3.3313514004491e-01	1.0297008645241e+01	-7.6355335951583e-02	3.1890431355858e+00	
4	3	1.2474383460346e+00	1.2918963615001e+01	7.5353226096039e-01	4.2499205883107e+00	
4	4	5.4110757701517e-01	1.1029008913895e+01	1.1350382071300e-01	3.4710349472730e+00	
4	5	3.4249706409806e-01	1.0323734810361e+01	-5.4872027700001e-02	3.1998695623377e+00	
4	6	5.5674579124799e-01	1.3113980796747e+01	1.0070700037288e+00	4.1012179763985e+00	
4	7	1.4213461089460e-01	1.1037835815211e+01	1.6674174984063e-01	3.3539911278317e+00	
4	8	3.1615225452687e-01	1.0335158089642e+01	-3.9980712052426e-02	3.1953931032506e+00	
5	0	2.8867040239957e-01	1.0342831279914e+01	-2.4123006887095e-02	3.1894505046940e+00	
5	1	2.5451487751594e-01	1.0406168280851e+01	3.4706226246832e-02	3.1982049475102e+00	
5	2	1.5264022340905e-01	1.0311493980268e+01	3.4519980329914e-02	3.1392402611032e+00	
5	3	3.6339675053138e-01	1.0371610854970e+01	1.1060380758142e-02	3.2205022816505e+00	
5	4	2.7079680457700e-01	1.0394335786848e+01	6.0846395663007e-02	3.1995397774274e+00	
5	5	1.2351026994635e-01	1.0289458678481e+01	4.7556124984953e-02	3.1238906845281e+00	
5	6	4.4025409095708e-01	1.0401303712438e+01	4.3939829299187e-02	3.2524673410186e+00	
5	7	2.8586553031725e-01	1.0381983349421e+01	8.6726946060801e-02	3.2003546639214e+00	
5	8	8.9822921548177e-02	1.0265470207435e+01	6.2376970707396e-02	3.1065879386949e+00	
6	0	8.8925811869133e-02	1.0203389826919e+01	1.2182642485188e-02	3.0876946916365e+00	
6	1	3.8052208354942e-02	1.0081045274573e+01	-1.0572894867654e-02	3.0357292448784e+00	
6	2	2.2025039950289e-02	1.0040009070816e+01	-8.9658730688681e-03	3.0186102332298e+00	
6	3	5.8975695108915e-02	1.0195885850633e+01	2.0084957570617e-02	3.0764584637227e+00	
6	4	3.5217613048701e-02	1.0097565844127e+01	-3.7406167147610e-03	3.0398350371526e+00	
6	5	3.5360286223623e-02	1.0055014266502e+01	-1.8913697716718e-03	3.0271123658177e+00	
6	6	2.3809515383811e-02	1.0186146418791e+01	2.9867230958139e-02	3.0629867802525e+00	
6	7	2.8247641193785e-02	1.0112314109445e+01	3.2546503481554e-03	3.0421685251917e+00	
6	8	4.5640842364493e-02	1.0068710309275e+01	3.6291530434717e-03	3.0343053454917e+00	
7	0	2.8977739759130e-02	1.0048319307692e+01	6.1425739947146e-04	3.0231891142354e+00	
7	1	2.6157506337957e-02	1.0018186212020e+01	6.8399745986150e-03	3.0133031155074e+00	
7	2	-8.0292750989353e-03	9.9148645043113e+00	-1.4399248328898e-03	2.9720505687637e+00	
7	3	3.8657181704717e-02	1.0049135757992e+01	6.0505226576569e-03	3.0263378819090e+00	
7	4	2.2238975913025e-02	1.0007073554940e+01	7.9886706901256e-03	3.0087937592560e+00	
7	5	-1.3044400572448e-02	9.9209926202699e+00	-8.1192054026501e-04	2.9723844659092e+00	
7	6	4.6499111127148e-02	1.0049164702925e+01	1.0003819092024e-02	3.0286991442155e+00	
7	7	1.9585067267822e-02	9.9965028786233e+00	9.6153983220382e-03	3.0048263837673e+00	
7	8	-1.3692769963339e-02	9.9289922031211e+00	2.2551156569960e-03	2.9745898299473e+00	
8	0	-1.4614835275713e-01	1.2181716805134e+01	-6.2738999676984e-02	3.6106705357131e+00	
8	1	-3.4561892767932e-02	1.1200611400312e+01	1.4016886105892e-01	3.3498148522633e+00	
8	2	3.0402967851744e-01	1.0749184588515e+01	2.6620721264799e-01	3.3159642801096e+00	
8	3	-6.1270117131662e-01	1.0892339876070e+01	-6.6296665849117e-01	3.0838916114261e+00	
8	4	-4.0028338848696e-01	1.0712766495473e+01	-2.7595697640232e-01	3.0937449320959e+00	
8	5	-1.7679408162252e-01	1.0559026670957e+01	3.5926394741504e-02	3.1146697768004e+00	
8	6	-7.0945529318966e-01	9.7614481027292e+00	-8.8611207748249e-01	2.7155978428618e+00	
8	7	-3.8938720631836e-01	1.0386329166872e+01	-4.7589226650996e-01	2.9990825881660e+00	
8	8	-2.7418118267366e-01	1.0533198750152e+01	-1.3905556828064e-01	3.0777052702436e+00	
9	0	3.8024620909459e-01	1.0619238621893e+01	2.3132593098643e-01	3.2998454492962e+00	
9	1	1.8764787161511e-01	1.0353617310732e+01	8.6949261841790e-02	3.1623795547041e+00	
9	2	4.2465586797369e-02	1.0198633455782e+01	2.2994102920656e-02	3.0723297127738e+00	
9	3	-1.0489269913715e-01	1.0456468398151e+01	9.1499801095541e-02	3.1054727097041e+00	
9	4	-6.4187628723515e-02	1.0297681280685e+01	4.2986402828507e-02	3.0700480955884e+00	
9	5	1.4089273451590e-02	1.0226561770663e+01	3.1496555710777e-02	3.0721953132342e+00	
9	6	-2.5401063815004e-01	1.0437707161217e+01	-4.1980481269164e-02	3.0551089569200e+00	
9	7	-1.4976476445707e-01	1.0312998835469e+01	-1.9655183489993e-03	3.0489702213035e+00	
9	8	-1.7791279902913e-02	1.0252988268397e+01	3.1675036646269e-02	3.0705590965481e+00	
10	0	1.6261994160409e-02	1.0170451305396e+01	2.4479695232270e-02	3.0560139898669e+00	
10	1	3.5039650253553e-02	1.0143756299963e+01	3.4617015319857e-02	3.0536387850649e+00	
10	2	4.4910574882019e-02	1.0096278921112e+01	3.3892626714345e-02	3.0423568487982e+00	
10	3	3.9501486790638e-02	1.0206337449646e+01	3.5381251636906e-02	3.0737516809311e+00	
10	4	2.3376372761066e-02	1.0149209748994e+01	3.4495679519101e-02	3.0517758365264e+00	
10	5	5.8189392142074e-03	1.0088739969467e+01	3.0780436155403e-02	3.0283676726044e+00	
10	6	1.8979646664267e-02	1.0223468737001e+01	3.7445015647804e-02	3.0727345150995e+00	
10	7	-6.2879688571549e-04	1.0149373815672e+01	3.1105721010897e-02	3.0446235056360e+00	
10	8	-1.4195148005596e-02	1.0089377110014e+01	2.9968792575309e-02	3.0225545886026e+00	
11	0	3.7553885855079e-02	1.0056325992864e+01	2.5227090124655e-02	3.0281639636158e+00	
11	1	1.1232082890114e-02	9.9871095517159e+00	8.9406554921289e-03	2.9995024903818e+00	
11	2	-1.0316575139039e-02	9.9290304487512e+00	1.5729552318102e-03	2.9756141620836e+00	
11	3	6.7973070784255e-04	1.0054728296250e+01	2.5359157834388e-02	3.0166224080875e+00	
11	4	2.6596532009426e-03	1.0003178361743e+01	1.4894727996394e-02	3.0017514044831e+00	
11	5	6.4347467159527e-03	9.9558171596197e+00	8.4953190011023e-03	2.9886755719007e+00	
11	6	-1.3498984109828e-02	1.0062857216921e+01	2.8766687488842e-02	3.0148074698432e+00	
11	7	-2.2039214358234e-03	1.0020836681078e+01	2.1905379921291e-02	3.0055898278926e+00	
11	8	7.9083383461924e-03	9.9760562718205e+00	1.4255379666940e-02	2.9951893830500e+00	
12	0	-4.5787019793945e-01	9.5559662135826e+00	-7.6115273954899e-01	2.7294288046929e+00	
12	1	-2.1683916403316e-01	1.0299322039305e+01	-4.4919525869145e-01	3.0247448625815e+00	
12	2	-2.1200215732061e-01	1.0491558468242e+01	-1.9750098720943e-01	3.0838668932764e+00	
12	3	3.5022504410686e-02	9.7799648268575e+00	-4.3730770409902e-01	2.9444961993804e+00	
12	4	1.8345502482218e-03	1.0171021521062e+01	-3.3031355241372e-01	3.0518568213932e+00	
12	5	-1.5928587712161e-01	1.0263569111117e+01	-2.4023936963073e-01	3.0312849701985e+00	
12	6	1.7202293725296e-01	9.8514381817719e+00	-2.4563452848291e-01	3.0070383357075e+00	
12	7	3.4164553343410e-02	9.9628594123114e+00	-2.6293823437217e-01	2.9991071896964e+00	
12	8	-1.2336474978715e-01	1.0028381831335e+01	-2.5381866869054e-01	2.9715051244644e+00	
13	0	-2.3372901316214e-01	1.0406294087288e+01	-1.1120008407606e-01	3.0517695222377e+00	
13	1	-1.4928521409846e-01	1.0303585574759e+01	-3.9385570666877e-02	3.0462901081982e+00	
13	2	-4.7052994637122e-02	1.0242383376492e+01	1.3895502101919e-02	3.0585991145564e+00	
13	3	-2.0962233972044e-01	1.0233657885399e+01	-1.8911720103900e-01	3.0072106637035e+00	
13	4	-1.4311346516774e-01	1.0221182274666e+01	-1.0351043024601e-01	3.0234206428496e+00	
13	5	-8.3127894582404e-02	1.0193485621343e+01	-3.4823555699002e-02	3.0331073180283e+00	
13	6	-1.5113642936909e-01	1.0075755642185e+01	-2.1967328352474e-01	2.9773857638449e+00	
13	7	-9.6250673313920e-02	1.0156217992969e+01	-1.3838887350229e-01	3.0179901958966e+00	
13	8	-7.2199945591136e-02	1.0164731944311e+01	-7.2410815331390e-02	3.0277595996158e+00	
14	0	-1.6864329620743e-02	1.0208968764934e+01	2.3999692860515e-02	3.0576313305940e+00	
14	1	-2.2015804867210e-02	1.0139796441439e+01	2.1467477313242e-02	3.0353341909714e+00	
14	2	-1.9700130644156e-02	1.0088047466706e+01	2.5229022872029e-02	3.0205042008184e+00	
14	3	-6.2892300125950e-02	1.0166277465198e+01	-1.5141772620745e-02	3.0310155495217e+00	
14	4	-4.5971205321484e-02	1.0117663681415e+01	-3.9716877940417e-03	3.0215077428280e+00	
14	5	-2.4160176345234e-02	1.0080459744032e+01	9.2106901937347e-03	3.0168898703061e+00	
14	6	-6.4954323912290e-02	1.0142428714057e+01	-4.8981483514292e-02	3.0232423170433e+00	
14	7	-4.2708754253452e-02	1.0107195714901e+01	-2.6029376378594e-02	3.0193460881942e+00	
14	8	-1.8150465720576e-02	1.0077359059784e+01	-5.3464440268074e-03	3.0177625782191e+00	
15	0	-1.4771005878766e-02	1.0065320525277e+01	2.6132103724351e-02	3.0151648558195e+00	
15	1	-5.6877128757629e-03	1.0026042054069e+01	2.0056532916120e-02	3.0061063023579e+00	
15	2	2.2803085161369e-03	9.9841612824345e+00	1.1882037894670e-02	2.9959324772852e+00	
15	3	-1.5743137284357e-02	1.0061036934402e+01	1.2588315313902e-02	3.0135881391352e+00	
15	4	-1.0433350401963e-02	1.0027284587720e+01	8.5859815053480e-03	3.0050553711953e+00	
15	5	-3.0287905322783e-03	9.9984200446745e+00	2.8358372827173e-03	2.9986173762427e+00	
15	6	-1.0719441618768e-02	1.0059322983700e+01	6.4293502615605e-04	3.0145810626243e+00	
15	7	-7.8096862897850e-03	1.0031685393501e+01	1.1056361533377e-03	3.0071627121634e+00	
15	8	4.0488662489135e-04	1.0016425711003e+01	1.7164066557908e-04	3.0050491792882e+00	
16	0	1.1322769445079e-01	9.8456253094026e+00	-2.0106883692467e-01	2.9876559011560e+00	
16	1	1.4445972834316e-02	9.8984018451292e+00	-2.3279889515125e-01	2.9738543453891e+00	
16	2	-7.4965669405718e-02	9.9730418994009e+00	-2.3082278650759e-01	2.9694228689985e+00	
16	3	6.4282101138605e-02	9.8785064392105e+00	-1.5837830700184e-01	2.9828365621047e+00	
16	4	4.8766731543531e-02	9.9426618465025e+00	-1.7152595237804e-01	2.9974285734138e+00	
16	5	3.4159037197347e-02	1.0008935162709e+01	-1.6928306230495e-01	3.0129282599718e+00	
16	6	1.0887173527165e-01	9.9514740950663e+00	-1.2204332891486e-01	3.0181037491014e+00	
16	7	1.0497627713959e-01	9.9963027565417e+00	-1.2291388216318e-01	3.0303837101044e+00	
16	8	9.3526090128847e-02	1.0023503717300e+01	-1.2670953138315e-01	3.0351089422287e+00	
17	0	-8.3473026395908e-02	1.0039907528893e+01	-2.0251099258662e-01	2.9869303507490e+00	
17	1	-5.0876339356724e-02	1.0130698501517e+01	-1.3703324603010e-01	3.0239466486482e+00	
17	2	-5.1635540927925e-02	1.0143659067385e+01	-8.4076315049459e-02	3.0276070579370e+00	
17	3	2.8645852852139e-02	1.0048080915868e+01	-1.5478509886226e-01	3.0230180306161e+00	
17	4	1.2291762516651e-02	1.0088294851729e+01	-1.2008509208461e-01	3.0301759842738e+00	
17	5	-2.1769407418621e-02	1.0087192268524e+01	-8.9946973060757e-02	3.0196268583317e+00	
17	6	7.9218023933199e-02	1.0029877142201e+01	-1.2446724647289e-01	3.0327285498402e+00	
17	7	4.5046609174109e-02	1.0032856949706e+01	-1.0888508256424e-01	3.0233710676640e+00	
17	8	8.8169238258509e-03	1.0031034125836e+01	-8.9905878587306e-02	3.0119553148985e+00	
18	0	-5.2591499506049e-02	1.0124485731553e+01	-6.2512059007168e-02	3.0215682696141e+00	
18	1	-3.3086541706409e-02	1.0097041589907e+01	-3.5724050530962e-02	3.0191865144602e+00	
18	2	-1.2807349117209e-02	1.0071403996103e+01	-1.2720099488320e-02	3.0175789940958e+00	
18	3	-3.0790988906427e-02	1.0076925177168e+01	-7.2965406281597e-02	3.0138402564784e+00	
18	4	-1.7551922084983e-02	1.0066499455030e+01	-4.4841131615624e-02	3.0146842598836e+00	
18	5	-6.2483929218091e-03	1.0051557478357e+01	-2.1425328049480e-02	3.0135927256305e+00	
18	6	-2.6288034625299e-04	1.0033105021909e+01	-7.4701567015456e-02	3.0098526424687e+00	
18	7	3.0942067436577e-03	1.0038147966957e+01	-4.7260072297313e-02	3.0123726521101e+00	
18	8	1.8059837274587e-03	1.0032351855091e+01	-2.5451462345268e-02	3.0102473516455e+00	
19	0	-7.2049967015024e-03	1.0054889501507e+01	-5.4683684856755e-03	3.0143053514417e+00	
19	1	-5.1540633772982e-03	1.0030956445284e+01	-1.9353687311597e-03	3.0077407145719e+00	
19	2	2.4390392384763e-03	1.0019955117407e+01	3.1774793781310e-04	3.0067182469935e+00	
19	3	-3.6985937658960e-03	1.0039847572389e+01	-1.3250216890214e-02	3.0108446935869e+00	
19	4	-2.9584907259093e-03	1.0022204848195e+01	-6.3266968416559e-03	3.0057739072407e+00	
19	5	9.2939416813209e-04	1.0011906948327e+01	-6.3274495668287e-04	3.0038509027485e+00	
19	6	3.0824143715336e-04	1.0025020114242e+01	-1.7459651878394e-02	3.0075985067039e+00	
19	7	-6.5665671195703e-05	1.0013752073565e+01	-8.9296649206077e-03	3.0041059223681e+00	
19	8	3.1382163697380e-04	1.0004241953192e+01	-1.5789312044611e-03	3.0013667324488e+00	
20	0	1.6084921239312e-01	9.9802348452317e+00	-1.0054185701223e-01	3.0423252172874e+00	
20	1	1.3784260174732e-01	1.0009461625583e+01	-1.0064742926782e-01	3.0441912681990e+00	
20	2	1.0584109190914e-01	1.0017700307818e+01	-1.0806011524899e-01	3.0370624199183e+00	
20	3	2.3419079081191e-01	9.9800937157894e+00	-6.0023109638073e-02	3.0642853519804e+00	
20	4	1.8836022040894e-01	9.9983763366101e+00	-6.4017117953609e-02	3.0560209671057e+00	
20	5	1.3704802165025e-01	1.0003868491267e+01	-7.2061376096488e-02	3.0422749538753e+00	
20	6	3.0704867223449e-01	9.9797452876344e+00	-2.1267955844390e-02	3.0860381879607e+00	
20	7	2.5113422732330e-01	9.9925437854600e+00	-2.6532669008240e-02	3.0731034038350e+00	
20	8	1.9325142489309e-01	1.0000749449074e+01	-3.2590768101201e-02	3.0582002621903e+00	
21	0	8.6605778862618e-02	1.0015199448576e+01	-1.0844915877694e-01	3.0305415682316e+00	
21	1	5.9335442227182e-02	1.0014303593206e+01	-9.5329499279997e-02	3.0220917106299e+00	
21	2	3.3651424075348e-02	1.0017109147631e+01	-7.8604562108375e-02	3.0152281715118e+00	
21	3	1.1435581789677e-01	1.0005649558243e+01	-7.0188610455206e-02	3.0360016128419e+00	
21	4	9.0232119234584e-02	1.0012217926335e+01	-5.5442530641458e-02	3.0307350136708e+00	
21	5	6.4570530045857e-02	1.0015197883198e+01	-4.4334494174720e-02	3.0239305239731e+00	
21	6	1.6256453905688e-01	1.0004867674535e+01	-2.8371837141551e-02	3.0502296640776e+00	
21	7	1.1325331084193e-01	1.0006757051435e+01	-1.4327179018567e-02	3.0360031086831e+00	
21	8	5.9279983090312e-02	9.9977681960824e+00	-1.1163885264285e-02	3.0171144537518e+00	
22	0	2.5487632742820e-02	1.0022533499107e+01	-6.5372044562217e-02	3.0144063395550e+00	
22	1	1.9059853452656e-02	1.0028902358181e+01	-4.2079245971802e-02	3.0143886634900e+00	
22	2	7.9333206835583e-03	1.0024307459137e+01	-2.3633104732262e-02	3.0096722339460e+00	
22	3	5.1786379908973e-02	1.0016454175109e+01	-3.7995382138458e-02	3.0204721665055e+00	
22	4	3.3105615396680e-02	1.0016835422454e+01	-2.5758517716385e-02	3.0149823113553e+00	
22	5	1.2252212147541e-02	1.0012147179414e+01	-1.4742033013344e-02	3.0073198174683e+00	
22	6	3.7758187096486e-02	9.9930918768352e+00	-1.1847857174179e-02	3.0092550191795e+00	
22	7	2.1009582216038e-02	9.9935648602463e+00	-8.7847237792853e-03	3.0043723327387e+00	
22	8	4.6144533408476e-03	9.9948626210030e+00	-3.3156924715824e-03	2.9998431223031e+00	
23	0	3.5750716701468e-03	1.0018764535269e+01	-1.6612222444768e-02	3.0067018820818e+00	
23	1	2.4778641125298e-03	1.0010735696872e+01	-8.4715400419826e-03	3.0039640682954e+00	
23	2	9.4736853922228e-04	1.0001695853105e+01	-1.3670878795339e-03	3.0007929664933e+00	
23	3	5.7423094793769e-03	1.0009929450415e+01	-1.0042167119593e-02	3.0047015279684e+00	
23	4	4.2604495598066e-03	1.0007080400221e+01	-4.5039518019998e-03	3.0034022549343e+00	
23	5	6.6166476516294e-04	9.9992918586519e+00	4.3921570632330e-04	2.9999860570251e+00	
23	6	5.8289418662927e-04	9.9979543713746e+00	-7.5417742828593e-04	2.9995611796684e+00	
23	7	4.4218376780503e-04	1.0001024738753e+01	9.2709628143875e-04	3.0004400767563e+00	
23	8	-3.4990883854613e-03	9.9952271287514e+00	2.4545046129630e-03	2.9975184121098e+00	
24	0	-2.1377475389959e+00	9.9589717489964e+00	-3.6293270739460e+00	2.3463672630002e+00	
24	1	-1.6272843518540e+00	1.1452258673030e+01	-2.3678650102342e+00	2.9474922963529e+00	
24	2	-1.5322107802682e+00	1.1976303160766e+01	-1.1347505909597e+00	3.1332277141494e+00	
24	3	-4.1539352849757e-01	9.8169903254348e+00	-1.6313914983866e+00	2.8204790390812e+00	
24	4	-4.5713678698310e-01	1.0593695317737e+01	-1.4162737275089e+00	3.0409675592261e+00	
24	5	-7.0400339873541e-01	1.0891779152416e+01	-1.2089282979665e+00	3.0563327261042e+00	
24	6	7.4165575512334e-02	9.1466682276639e+00	-7.6424787378029e-01	2.7662501409529e+00	
24	7	-1.7771971453083e-01	9.3533903228350e+00	-9.2963123182019e-01	2.7527011824913e+00	
24	8	-4.2446209555137e-01	9.5721125390589e+00	-1.0822116280935e+00	2.7442951330523e+00	
25	0	3.1330926826498e-02	8.9781424100709e+00	-6.4053892105358e-01	2.7028420010692e+00	
25	1	-1.4224810062028e-01	9.0599502465503e+00	-7.3727093854698e-01	2.6753106437790e+00	
25	2	-2.5942610629566e-01	9.2733604671629e+00	-8.1761818320061e-01	2.7041803082602e+00	
25	3	1.5203953872062e-01	9.3939563515949e+00	-3.8716760276589e-01	2.8637987670947e+00	
25	4	1.4818933846389e-01	9.4838322651878e+00	-3.6701875810184e-01	2.8896064810955e+00	
25	5	1.6662197532932e-01	9.6257014653991e+00	-3.3875157977253e-01	2.9376970322185e+00	
25	6	2.1341859895410e-01	9.7843433424072e+00	-1.8729443662183e-01	2.9993285824084e+00	
25	7	2.4186767461136e-01	9.8233889539953e+00	-1.5830564785628e-01	3.0195769885820e+00	
25	8	2.5848140274151e-01	9.8348187546870e+00	-1.2946496459996e-01	3.0279900472285e+00	
26	0	1.7515406147962e-01	9.8770368032357e+00	-1.3003450220783e-01	3.0156572594146e+00	
26	1	1.7661952867920e-01	9.8872352451511e+00	-1.3497675727016e-01	3.0191564321491e+00	
26	2	1.5993623303205e-01	9.8550865737575e+00	-1.4206800304272e-01	3.0045068420369e+00	
26	3	9.3503691760407e-02	9.8528577422492e+00	-1.0563041041025e-01	2.9839084302029e+00	
26	4	7.3572406254981e-02	9.8591669145038e+00	-1.4088437331791e-01	2.9798217962276e+00	
26	5	4.7914543377304e-02	9.8521140728897e+00	-1.7689691309331e-01	2.9700085848801e+00	
26	6	1.2483195501982e-01	9.8770980953964e+00	-9.2115503456107e-02	3.0005790151249e+00	
26	7	1.0661954694059e-01	9.8894246966178e+00	-1.1834425353991e-01	2.9988132730675e+00	
26	8	9.5102746963581e-02	9.9173743834110e+00	-1.4394116664896e-01	3.0037431391124e+00	
27	0	1.8981040963729e-01	9.9141034005264e+00	-7.6150899136568e-02	3.0311741430491e+00	
27	1	1.7919272126174e-01	9.9273506814044e+00	-8.4690716552411e-02	3.0319630207999e+00	
27	2	1.7680298458310e-01	9.9597965162419e+00	-9.2288879506895e-02	3.0409798502475e+00	
27	3	2.7860373022633e-01	9.9728130413010e+00	-3.4735773091315e-02	3.0754250314582e+00	
27	4	2.7394975895737e-01	9.9753139741195e+00	-3.1532816195463e-02	3.0747791199230e+00	
27	5	2.7036743991422e-01	9.9803154287981e+00	-2.7713933467831e-02	3.0752048606137e+00	
27	6	3.2053559389020e-01	1.0011439200536e+01	-4.1047916377574e-03	3.0995924383280e+00	
27	7	3.1643010126149e-01	1.0000872968810e+01	-1.1820675421977e-02	3.0951909210213e+00	
27	8	3.0623996138751e-01	9.9761092268438e+00	-1.9246362003962e-02	3.0847047564694e+00	
28	0	-3.5512822749327e-01	5.4435323281375e+00	-3.6241447837955e+00	1.5265212301933e+00	
28	1	-9.4579919936778e-01	7.1185862218963e+00	-4.0637436435530e+00	1.8518361067586e+00	
28	2	-1.4149039741440e+00	9.0772945755513e+00	-4.4515100039287e+00	2.2987171804222e+00	
28	3	3.3235324544953e-01	7.1640560213935e+00	-1.3670644785536e+00	2.2489227800529e+00	
28	4	4.0455853219313e-02	8.1224051622218e+00	-1.5406685793135e+00	2.4488583046323e+00	
28	5	-1.8519257428646e-01	9.2353352207404e+00	-1.6768098254278e+00	2.7150427939362e+00	
28	6	6.1760240520072e-01	8.7121944375674e+00	-4.2679638263007e-01	2.7989390528304e+00	
28	7	3.8558324887479e-01	8.8514551067193e+00	-5.0957696024290e-01	2.7711115066782e+00	
28	8	1.6449582489944e-01	9.0162231513560e+00	-5.6926432794640e-01	2.7542156928766e+00	
29	0	4.5839995484235e-01	9.1481481313189e+00	-3.7409343608220e-01	2.8819644258484e+00	
29	1	2.8678963228230e-01	9.0735977123024e+00	-4.6302474624695e-01	2.8081162033754e+00	
29	2	1.1164638204641e-01	8.9908037953756e+00	-5.3587394924571e-01	2.7307350532266e+00	
29	3	9.7597075425196e-02	9.3002513144360e+00	-2.6642384573503e-01	2.8193545169583e+00	
29	4	1.2355772383616e-01	9.3313956655548e+00	-3.4277673813926e-01	2.8364860168173e+00	
29	5	1.5159499321013e-01	9.3673854655873e+00	-4.1277147483808e-01	2.8556941376392e+00	
29	6	6.5074978035447e-02	9.5930462612791e+00	-1.3268780219961e-01	2.8974363717944e+00	
29	7	1.2694590438532e-01	9.6606022283766e+00	-1.7869870615361e-01	2.9362644398286e+00	
29	8	1.9650300033705e-01	9.7460925912117e+00	-2.2807540586279e-01	2.9827786774646e+00	
30	0	1.4503815259460e-01	9.7368909614844e+00	-7.7283807599788e-02	2.9645787342237e+00	
30	1	1.5707812567293e-01	9.7838367861345e+00	-1.0348950540416e-01	2.9822744735422e+00	
30	2	1.7700985444794e-01	9.8491967074102e+00	-1.3470123348303e-01	3.0078619685575e+00	
30	3	2.0781296960236e-01	9.8336142445843e+00	-5.2247143924278e-02	3.0124281642560e+00	
30	4	1.6091294462746e-01	9.8368421285823e+00	-6.2222947065155e-02	2.9993265219629e+00	
30	5	1.1700162161336e-01	9.8470436504888e+00	-7.3117481287654e-02	2.9892135816306e+00	
30	6	2.2002873063679e-01	9.9086693608385e+00	-5.0133639554872e-02	3.0386094274426e+00	
30	7	1.8214005669072e-01	9.8973013109338e+00	-5.9405884862606e-02	3.0238324102874e+00	
30	8	1.4233703096955e-01	9.8814664402205e+00	-6.5509562059032e-02	3.0071410413570e+00	
31	0	2.0193334728538e-01	9.9251220860530e+00	-4.5222366318692e-02	3.0381166300015e+00	
31	1	1.9786311898431e-01	9.9227871073545e+00	-5.8498191538996e-02	3.0361950679016e+00	
31	2	1.9141243827509e-01	9.9148977397035e+00	-6.8492348558904e-02	3.0318930533936e+00	
31	3	2.2958835573214e-01	9.9503446531510e+00	-1.9365194795934e-02	3.0539799026649e+00	
31	4	2.4916971201418e-01	9.9578388803758e+00	-3.0332530555311e-02	3.0621025777170e+00	
31	5	2.6967191867962e-01	9.9674817584952e+00	-4.1716829792739e-02	3.0711461031525e+00	
31	6	3.6478785975824e-01	1.0021657718354e+01	7.5421480563836e-04	3.1159336734338e+00	
31	7	3.4653104896908e-01	1.0012628400794e+01	2.5494940138039e-03	3.1077478349288e+00	
31	8	3.3249639135489e-01	1.0013450773974e+01	2.2917806546667e-04	3.1037841495988e+00	
32	0	-4.0310945941371e-01	3.1684143350285e+00	-3.4769598983261e-01	8.2959146268445e-01	
32	1	-4.7350926104220e-01	3.5488797140094e+00	-1.5056670974415e+00	9.2261113589015e-01	
32	2	-2.6125437965033e-01	4.5888726867044e+00	-2.6694961273568e+00	1.2982854921162e+00	
32	3	7.0600249990115e-01	6.0028916013770e+00	-1.6883634672585e-01	2.0126682303834e+00	
32	4	5.1758313493144e-01	6.1686270518088e+00	-6.5715674743842e-01	2.0058630560221e+00	
32	5	4.9425268087730e-01	6.7195699610437e+00	-1.1434496923233e+00	2.1641467925763e+00	
32	6	1.0965929444174e+00	8.5294310756689e+00	-7.6730465118551e-02	2.8878072060259e+00	
32	7	9.2124842758653e-01	8.5366199167575e+00	-2.6769177060001e-01	2.8373605033032e+00	
32	8	7.9342704956644e-01	8.6546960817380e+00	-4.4874024211965e-01	2.8344369393913e+00	
33	0	7.4383778658347e-01	9.1664149952359e+00	-5.3019967000126e-02	2.9730758345458e+00	
33	1	6.4944300874275e-01	9.1561971007185e+00	-2.0530603879458e-01	2.9416920328384e+00	
33	2	5.6705421540846e-01	9.1739931700494e+00	-3.4714642481663e-01	2.9223142156374e+00	
33	3	2.1202702964100e-02	9.2060921093387e+00	-1.9036365164206e-02	2.7681884436909e+00	
33	4	4.2324712142160e-02	9.2304920927034e+00	-1.0463631196064e-01	2.7818450414537e+00	
33	5	7.0964072912253e-02	9.2724325631161e+00	-1.8584481030875e-01	2.8030189908085e+00	
33	6	-5.6360853982017e-02	9.5222284491587e+00	-2.6992499857783e-03	2.8397602785530e+00	
33	7	-2.0373753297831e-02	9.5381098694714e+00	-3.5827076013160e-02	2.8553208348521e+00	
33	8	1.8642066063967e-02	9.5610583000319e+00	-7.0617690916272e-02	2.8739101098288e+00	
34	0	1.1737910500688e-01	9.7160628927649e+00	-4.4558214212101e-03	2.9500325993315e+00	
34	1	1.2434675775774e-01	9.7165734353347e+00	-2.5798755780422e-02	2.9522760579277e+00	
34	2	1.3319946315646e-01	9.7214824340828e+00	-4.9990034252432e-02	2.9564045691718e+00	
34	3	2.7365396329698e-01	9.8438893096413e+00	-1.0851052678504e-02	3.0352629818815e+00	
34	4	2.5225090791970e-01	9.8370477252735e+00	-3.3850844461696e-02	3.0267895899580e+00	
34	5	2.3329133931660e-01	9.8359076100454e+00	-5.7718893733859e-02	3.0207596848086e+00	
34	6	2.7198431435825e-01	9.9040252234196e+00	-1.0139252794855e-02	3.0528028613334e+00	
34	7	2.5512949097430e-01	9.9039396293092e+00	-3.3027527268716e-02	3.0477207360850e+00	
34	8	2.4127658849083e-01	9.9108585172998e+00	-5.4803972607671e-02	3.0456405317372e+00	
35	0	2.0892558273024e-01	9.9059937907516e+00	-5.3535822256187e-03	3.0344758120446e+00	
35	1	2.0585718702864e-01	9.9111287133585e+00	-2.2471427687959e-02	3.0350957701161e+00	
35	2	2.0515612172109e-01	9.9217874068848e+00	-3.8228352757853e-02	3.0380830585818e+00	
35	3	2.0724403203063e-01	9.9440583878682e+00	8.9716666541318e-04	3.0453907259696e+00	
35	4	2.1369225066163e-01	9.9461009691862e+00	-3.2427730265975e-03	3.0479379659544e+00	
35	5	2.1976860056913e-01	9.9472758568161e+00	-7.1458789174776e-03	3.0501133372156e+00	
35	6	3.7813776328758e-01	1.0056083820109e+01	-4.3662427878053e-04	3.1302664750190e+00	
35	7	3.7541465667000e-01	1.0047024943175e+01	-2.7278873925909e-04	3.1267318799535e+00	
35	8	3.6958048221141e-01	1.0030706907945e+01	-9.9620598997356e-04	3.1200862170469e+00	
36	0	-9.1051629878900e+00	-2.0736097662574e-01	3.9870325880137e-02	-2.7937571893547e+00	
36	1	-8.6835192650262e+00	-1.7949196310597e-01	-8.4985592957514e-02	-2.6589033684397e+00	
36	2	-8.3879563594103e+00	-4.4581152316452e-01	-1.4530930464812e-01	-2.6501303647724e+00	
36	3	-5.1696842191971e+00	3.7823382043966e-01	-5.6987835237947e-02	-1.4374351196272e+00	
36	4	-4.6784591168169e+00	5.9965150591474e-01	-5.6905384533172e-01	-1.2236422832706e+00	
36	5	-4.1167433073964e+00	9.8554750781691e-01	-1.1550096984976e+00	-9.3935873987386e-01	
36	6	-2.2823470534415e+00	5.1462507338908e-01	-1.6206500952847e-01	-5.3031659401572e-01	
36	7	-2.2060177473119e+00	7.2195835549073e-01	-9.3029342801969e-01	-4.4521781754634e-01	
36	8	-1.8626262098540e+00	1.5524368440249e+00	-1.9108337398022e+00	-9.3056809748751e-02	



Reaction Force
5.8907417765323e-09	 -3.4831002429867e+00	 
6.0082269758358e-10	 -3.7632104340491e+00	 
-1.4362253483771e-09	 -1.2668815702232e+01	 
-6.8097563074576e-09	 1.3184816598672e-08	 
-4.2331511178328e-09	 3.8221785363460e-09	 
-1.2092857461926e-09	 6.8180285757989e-10	 
2.0307111404873e-08	 -2.3479770600672e-08	 
1.7583302914809e-08	 -1.4091898231650e-08	 
1.2123733339302e-08	 -4.6625051059596e-09	 
-8.4391919260088e-09	 8.2245957379670e-09	 
-7.0145124708709e-09	 4.8228512017356e-09	 
-4.7611518777003e-09	 9.7881525627785e-10	 
-2.1109606278161e-09	 1.0560285807490e-08	 
7.9349903817777e-10	 3.9067850274299e-09	 
-7.9263722191705e-10	 -1.3707920163558e-09	 
-1.3019501904528e-09	 -9.4429780644195e-09	 
-1.3762217060398e-10	 -4.4094139450834e-09	 
4.8149455806994e-09	 2.4345969164286e-10	 
7.3060129739550e-09	 1.0201787744766e-08	 
3.7066960568641e-10	 -3.3956458012161e-10	 
-2.3603353438428e-09	 4.0495148206920e-09	 
-8.3191335732637e-09	 -4.2424162363447e-09	 
-3.4045254107204e-09	 -4.3527476991691e-09	 
-4.0169777226762e-10	 -1.2384098260765e-10	 
-5.6090832375923e-09	 -1.1118075330828e-08	 
-5.1595072138311e-10	 -2.7237010025855e-09	 
-2.7263710161013e-09	 -2.4719415867534e-09	 
-1.0763868948517e-09	 -1.5282121271829e+01	 
4.6409190685603e-10	 -2.2022095974211e+01	 
-1.0001557734362e-09	 -2.1528407164507e+01	 
-3.1876905495171e-10	 -1.4204096632394e+01	 
-2.5139035020056e-10	 -7.0481525613360e+00	 
-1.5991925117448e-09	 6.1635761656331e-10	 
4.9087768087312e-10	 -1.0756359653619e-09	 
-1.3147115215338e-09	 -1.0162277461888e-09	 
-9.0430504874432e-10	 3.4703180222051e-10	 
8.4448592069979e-10	 2.3293196012427e-11	 
2.9116061627357e-09	 -1.8542137401278e-09	 
-2.5771664402447e-09	 4.1900917502481e-10	 
-1.7448640273283e-09	 -4.4790387978831e-09	 
-8.9143772547570e-10	 -1.6926317349141e-10	 
1.0583304150581e-09	 4.0247631258780e-09	 
1.4237341233259e-09	 3.6446059378478e-09	 
1.7171003252269e-09	 -4.0785338812366e-10	 
1.1836755951655e-09	 1.1492305342499e-09	 
-7.0489969678049e-10	 1.4532633883290e-09	 
-2.5865997794769e-09	 1.7735460970042e-09	 
4.7813606410444e-10	 -1.8430151169612e-09	 
-2.7152891741685e-09	 -6.5158994053214e-10	 
2.2287997746054e-09	 1.9136712883775e-09	 
-1.3987842710263e-09	 2.7380197638543e-10	 
-6.2852533379678e-10	 2.3429146839225e-10	 
3.9084689632618e-09	 7.0642757217792e-10	 
-3.2789021852685e-10	 -1.8603415544914e-10	 
1.9040886311238e-09	 1.5070637173647e-09	 
-1.3429945983282e-10	 8.1402249551798e-10	 
9.0778370793037e-10	 1.4757615186714e-09	 
6.5472626417352e-11	 -2.1557121897316e-09	 
-3.2139339553285e-11	 -1.3455120314226e-09	 
2.0489559186690e-11	 -8.5140582434440e-10	 
9.9316245017519e-10	 3.8307704296019e-10	 
-1.1026179929457e-09	 -6.7643729646897e-10	 
-1.2319692110310e-09	 -6.7654627397460e-10	 
1.2156021950409e-09	 1.6190841026353e-09	 
-1.3759025869597e-09	 1.0255623271189e-10	 
1.6471991591896e-09	 -8.5205081071195e-10	 
-2.2946193799223e-09	 8.7500000037044e+00	 
-2.5504313695283e-10	 1.4166666665652e+01	 
-1.2566823731211e-10	 2.1249999999623e+01	 
8.7997305781206e-10	 2.1249999999555e+01	 
1.3814880648678e-09	 1.4166666667246e+01	 
-8.3382560025439e-10	 7.0833333328238e+00	 
3.3115394483660e-09	 1.7895212159986e-09	 
-3.6437024453841e-09	 1.3870445043180e-09	 
1.3201663024754e-09	 3.1873398001871e-10	 
3.3423835962669e-09	 -1.7383207429923e-09	 
1.2494336895940e-09	 -7.8598233926923e-10	 
2.5213103450990e-09	 4.5272361939212e-09	 
-3.1804894703914e-09	 -1.4161680484671e-09	 
-2.1487653286464e-09	 -4.4683499630417e-10	 
-2.6516167670644e-09	 3.3333333332095e+00	 
1.3990182428877e-09	 1.6666666684021e+00	 
3.3078077750297e-09	 3.1448886678425e-09	 
3.5102296197238e-09	 -2.2949574049946e-09	 
1.2319623020595e-08	 -3.0362197872400e-09	 
-7.4184949204009e-10	 1.8493290324128e-09	 
-8.2266002584858e-10	 -1.9519303510088e-09	 
-1.1195950184433e-09	 -4.1229544832622e-09	 
-6.8903101782281e-10	 -1.2998536047981e-09	 
8.4998787238572e-12	 -1.1284108153440e-09	 
-5.1881198244233e-09	 3.3333333325498e+00	 
-6.6753278708145e-10	 1.6666666659968e+00	 
6.1746913194662e-01	 -4.8593011559017e-11	 
9.2858838326992e-10	 -1.7429852144923e-09	 
-9.7935350274766e-01	 4.2780526417178e-10	 
1.7335786212580e-09	 1.6321165393035e-09	 
-7.1593243682276e-01	 -1.8870866828838e-10	 
-2.5657037197666e-11	 1.3243407743059e-10	 
-4.4271507731006e-01	 -9.0275655943679e-10	 
-7.0132729986296e-09	 -1.6826788383885e-09	 
-3.7660107749305e-01	 1.6262157246748e-09	 
4.3112819216750e-09	 2.4874953296038e-09	 
-2.5308006972414e-01	 1.6666666678842e+00	 
1.2560685136312e-09	 1.6666666660709e+00	 
1.2681408467393e+00	 -2.4256758299028e-10	 
-1.7182896555265e-09	 2.1136971355053e-09	 
8.8207216809845e-01	 -1.1283074626521e-09	 
-1.0110814269160e-10	 1.4613289814336e-09	 
