2

6

1   2

4   6

2   3

0.0 0.0 1.0 1.0
0.0 0.0 0.0 1.0 1.0 1.0

0   1.0 0.0 1.0
1   2.0 0.0 1.0
2   1.0 1.0 0.7071067811865476
3   2.0 2.0 0.7071067811865476
4   0.0 1.0 1.0
5   0.0 2.0 1.0

2   1

0   0

15  15

6.25000000000000000000e-02  1.25000000000000000000e-01  1.87500000000000000000e-01  2.50000000000000000000e-01  3.12500000000000000000e-01  3.75000000000000000000e-01  4.37500000000000000000e-01  5.00000000000000000000e-01  5.62500000000000000000e-01  6.25000000000000000000e-01  6.87500000000000000000e-01  7.50000000000000000000e-01  8.12500000000000000000e-01  8.75000000000000000000e-01  9.37500000000000000000e-01
6.25000000000000000000e-02  1.25000000000000000000e-01  1.87500000000000000000e-01  2.50000000000000000000e-01  3.12500000000000000000e-01  3.75000000000000000000e-01  4.37500000000000000000e-01  5.00000000000000000000e-01  5.62500000000000000000e-01  6.25000000000000000000e-01  6.87500000000000000000e-01  7.50000000000000000000e-01  8.12500000000000000000e-01  8.75000000000000000000e-01  9.37500000000000000000e-01