E  nu

No_patch

Total_Control_Point

2	2

9	9

6	6

Patch_connectivity

Constraint	Load	DistributedForce

0.0000000000 0.0000000000 0.0000000000 0.2500000000 0.5000000000 0.7500000000 1.0000000000 1.0000000000 1.0000000000 
0.0000000000 0.0000000000 0.0000000000 0.2500000000 0.5000000000 0.7500000000 1.0000000000 1.0000000000 1.0000000000 

0	3.00000000000000000000 3.00000000000000000000 1.00000000000000000000
1	3.87500000000000000000 3.00000000000000000000 1.00000000000000000000
2	5.62500000000000000000 3.00000000000000000000 1.00000000000000000000
3	7.37500000000000000000 3.00000000000000000000 1.00000000000000000000
4	9.12500000000000000000 3.00000000000000000000 1.00000000000000000000
5	10.00000000000000000000 3.00000000000000000000 1.00000000000000000000
6	3.00000000000000000000 3.87500000000000000000 1.00000000000000000000
7	3.87500000000000000000 3.87500000000000000000 1.00000000000000000000
8	5.62500000000000000000 3.87500000000000000000 1.00000000000000000000
9	7.37500000000000000000 3.87500000000000000000 1.00000000000000000000
10	9.12500000000000000000 3.87500000000000000000 1.00000000000000000000
11	10.00000000000000000000 3.87500000000000000000 1.00000000000000000000
12	3.00000000000000000000 5.62500000000000000000 1.00000000000000000000
13	3.87500000000000000000 5.62500000000000000000 1.00000000000000000000
14	5.62500000000000000000 5.62500000000000000000 1.00000000000000000000
15	7.37500000000000000000 5.62500000000000000000 1.00000000000000000000
16	9.12500000000000000000 5.62500000000000000000 1.00000000000000000000
17	10.00000000000000000000 5.62500000000000000000 1.00000000000000000000
18	3.00000000000000000000 7.37500000000000000000 1.00000000000000000000
19	3.87500000000000000000 7.37500000000000000000 1.00000000000000000000
20	5.62500000000000000000 7.37500000000000000000 1.00000000000000000000
21	7.37500000000000000000 7.37500000000000000000 1.00000000000000000000
22	9.12500000000000000000 7.37500000000000000000 1.00000000000000000000
23	10.00000000000000000000 7.37500000000000000000 1.00000000000000000000
24	3.00000000000000000000 9.12500000000000000000 1.00000000000000000000
25	3.87500000000000000000 9.12500000000000000000 1.00000000000000000000
26	5.62500000000000000000 9.12500000000000000000 1.00000000000000000000
27	7.37500000000000000000 9.12500000000000000000 1.00000000000000000000
28	9.12500000000000000000 9.12500000000000000000 1.00000000000000000000
29	10.00000000000000000000 9.12500000000000000000 1.00000000000000000000
30	3.00000000000000000000 10.00000000000000000000 1.00000000000000000000
31	3.87500000000000000000 10.00000000000000000000 1.00000000000000000000
32	5.62500000000000000000 10.00000000000000000000 1.00000000000000000000
33	7.37500000000000000000 10.00000000000000000000 1.00000000000000000000
34	9.12500000000000000000 10.00000000000000000000 1.00000000000000000000
35	10.00000000000000000000 10.00000000000000000000 1.00000000000000000000

Constraint

Load

DistributedForce
