E  nu

No_patch

Total_Control_Point

2	2

9	9

6	6

Patch_connectivity

Constraint	Load	DistributedForce

0.0000000000 0.0000000000 0.0000000000 0.2500000000 0.5000000000 0.7500000000 1.0000000000 1.0000000000 1.0000000000 
0.0000000000 0.0000000000 0.0000000000 0.2500000000 0.5000000000 0.7500000000 1.0000000000 1.0000000000 1.0000000000 

0	0.00000000000000000000 3.00000000000000000000 1.00000000000000000000
1	0.37500000000000000000 3.00000000000000000000 1.00000000000000000000
2	1.12500000000000000000 3.00000000000000000000 1.00000000000000000000
3	1.87500000000000000000 3.00000000000000000000 1.00000000000000000000
4	2.62500000000000000000 3.00000000000000000000 1.00000000000000000000
5	3.00000000000000000000 3.00000000000000000000 1.00000000000000000000
6	0.00000000000000000000 3.87500000000000000000 1.00000000000000000000
7	0.37500000000000000000 3.87500000000000000000 1.00000000000000000000
8	1.12500000000000000000 3.87500000000000000000 1.00000000000000000000
9	1.87500000000000000000 3.87500000000000000000 1.00000000000000000000
10	2.62500000000000000000 3.87500000000000000000 1.00000000000000000000
11	3.00000000000000000000 3.87500000000000000000 1.00000000000000000000
12	0.00000000000000000000 5.62500000000000000000 1.00000000000000000000
13	0.37500000000000000000 5.62500000000000000000 1.00000000000000000000
14	1.12500000000000000000 5.62500000000000000000 1.00000000000000000000
15	1.87500000000000000000 5.62500000000000000000 1.00000000000000000000
16	2.62500000000000000000 5.62500000000000000000 1.00000000000000000000
17	3.00000000000000000000 5.62500000000000000000 1.00000000000000000000
18	0.00000000000000000000 7.37500000000000000000 1.00000000000000000000
19	0.37500000000000000000 7.37500000000000000000 1.00000000000000000000
20	1.12500000000000000000 7.37500000000000000000 1.00000000000000000000
21	1.87500000000000000000 7.37500000000000000000 1.00000000000000000000
22	2.62500000000000000000 7.37500000000000000000 1.00000000000000000000
23	3.00000000000000000000 7.37500000000000000000 1.00000000000000000000
24	0.00000000000000000000 9.12500000000000000000 1.00000000000000000000
25	0.37500000000000000000 9.12500000000000000000 1.00000000000000000000
26	1.12500000000000000000 9.12500000000000000000 1.00000000000000000000
27	1.87500000000000000000 9.12500000000000000000 1.00000000000000000000
28	2.62500000000000000000 9.12500000000000000000 1.00000000000000000000
29	3.00000000000000000000 9.12500000000000000000 1.00000000000000000000
30	0.00000000000000000000 10.00000000000000000000 1.00000000000000000000
31	0.37500000000000000000 10.00000000000000000000 1.00000000000000000000
32	1.12500000000000000000 10.00000000000000000000 1.00000000000000000000
33	1.87500000000000000000 10.00000000000000000000 1.00000000000000000000
34	2.62500000000000000000 10.00000000000000000000 1.00000000000000000000
35	3.00000000000000000000 10.00000000000000000000 1.00000000000000000000

Constraint

Load

DistributedForce
