E  nu

No_patch

Total_Control_Point

2	2

9	9

6	6

Patch_connectivity

Constraint	Load	DistributedForce

0.0000000000 0.0000000000 0.0000000000 0.2500000000 0.5000000000 0.7500000000 1.0000000000 1.0000000000 1.0000000000 
-1.0000000000 -1.0000000000 -1.0000000000 -0.7500000000 -0.5000000000 -0.2500000000 0.0000000000 0.0000000000 0.0000000000 

0	0.70710678118654768376 0.70710678118654757274 1.00000000000000000000
1	0.99371843353822908451 0.99371843353822897349 1.00000000000000000000
2	1.56694173824159199704 1.56694173824159199704 1.00000000000000000000
3	2.14016504294495479854 2.14016504294495479854 1.00000000000000000000
4	2.71338834764831782209 2.71338834764831782209 1.00000000000000000000
5	3.00000000000000000000 3.00000000000000000000 1.00000000000000000000
6	0.63814491632014214151 0.77606864605295333703 0.98096988312782174013
7	0.89070730711771939347 1.05876738152502802848 0.98334864773684405037
8	1.39218397989130604486 1.62008144263343289992 0.98810617695488855983
9	1.88885477667596091145 2.17601617920893497526 0.99286370617293318031
10	2.38078845331195498858 2.72664855120205817940 0.99762123539097768976
11	2.62500000000000000000 3.00000000000000000000 1.00000000000000000000
12	0.47456896485780608597 0.88581929876693032977 0.96193976625564336924
13	0.65565344726240060158 1.15919607233557697690 0.96669729547368798972
14	1.01252736712041291334 1.69795587928358493457 0.97621235390977711965
15	1.36251160092681389280 2.22631457334395088665 0.98572741234586636061
16	1.70580375610083700977 2.74457047537766607448 0.99524247078195537952
17	1.87500000000000000000 3.00000000000000000000 1.00000000000000000000
18	0.29079789987237431026 0.96193976625564348026 0.96193976625564348026
19	0.39866544331559622405 1.22547368779538601302 0.96669729547368787870
20	0.61124640300284294181 1.74483560299975493102 0.97621235390977711965
21	0.81972334726251783188 2.25417089439158591091 0.98572741234586636061
22	1.02421398594250900871 2.75376714187515680976 0.99524247078195537952
23	1.12500000000000000000 3.00000000000000000000 1.00000000000000000000
24	0.09752680458061180335 1.00000000000000000000 0.98096988312782174013
25	0.13279827163072510654 1.25423332871344195283 0.98334864773684405037
26	0.20283173102377580199 1.75902774164546205071 0.98810617695488855983
27	0.27219402834849487638 2.25898448319580280597 0.99286370617293318031
28	0.34089476566537479929 2.75417276408932698573 0.99762123539097768976
29	0.37500000000000000000 3.00000000000000000000 1.00000000000000000000
30	0.00000000000000012246 1.00000000000000000000 1.00000000000000000000
31	0.00000000000000010716 1.25000000000000000000 1.00000000000000000000
32	0.00000000000000007654 1.75000000000000000000 1.00000000000000000000
33	0.00000000000000004592 2.25000000000000000000 1.00000000000000000000
34	0.00000000000000001531 2.75000000000000000000 1.00000000000000000000
35	0.00000000000000000000 3.00000000000000000000 1.00000000000000000000

Constraint

Load

DistributedForce
