2

6

1   2

4   6

2   3

0.0 0.0 1.0 1.0
0.0 0.0 0.0 1.0 1.0 1.0

0   1.0 0.0 1.0
1   2.0 0.0 1.0
2   1.0 1.0 0.7071067811865476
3   2.0 2.0 0.7071067811865476
4   0.0 1.0 1.0
5   0.0 2.0 1.0

2   1

0   0

6   6

1.42857142857142849213e-01 2.85714285714285698425e-01 4.28571428571428547638e-01 5.71428571428571396851e-01 7.14285714285714301575e-01 8.57142857142857095276e-01
1.42857142857142849213e-01 2.85714285714285698425e-01 4.28571428571428547638e-01 5.71428571428571396851e-01 7.14285714285714301575e-01 8.57142857142857095276e-01
