2

4

1   1

4   4

2   2

0.0 0.0 1.0 1.0
0.0 0.0 1.0 1.0

0   0.0 0.0 1.0
1   10.0 0.0 1.0
2   0.0 10.0 1.0
3   10.0 10.0 1.0

2   2

0   0

14  14

6.66666666666666657415e-02 1.33333333333333331483e-01 2.00000000000000011102e-01 2.66666666666666662966e-01 3.33333333333333314830e-01 4.00000000000000022204e-01 4.66666666666666674068e-01 5.33333333333333325932e-01 5.99999999999999977796e-01 6.66666666666666629659e-01 7.33333333333333281523e-01 8.00000000000000044409e-01 8.66666666666666696273e-01 9.33333333333333348136e-01
6.66666666666666657415e-02 1.33333333333333331483e-01 2.00000000000000011102e-01 2.66666666666666662966e-01 3.33333333333333314830e-01 4.00000000000000022204e-01 4.66666666666666674068e-01 5.33333333333333325932e-01 5.99999999999999977796e-01 6.66666666666666629659e-01 7.33333333333333281523e-01 8.00000000000000044409e-01 8.66666666666666696273e-01 9.33333333333333348136e-01
