206000  0.3

2

20

2   2
2   2


7   6
7   6


4   3
4   3


0	1	2	3	4	5	6	7	8	9	10	11
8	9	10	11	12	13	14	15	16	17	18	19


9   0   2

0.0000000000 	0.0000000000 	0.0000000000 	0.5000000000    1.0000000000 	1.0000000000 	1.0000000000																																																																																																																																																																																																																																																								
0.0000000000 	0.0000000000 	0.0000000000 	1.0000000000 	1.0000000000 	1.0000000000 

																																																																																																																																																																																																																																																																																																																																																																																																																																																																																																																							
0.0000000000 	0.0000000000 	0.0000000000 	0.5000000000 	1.0000000000 	1.0000000000 	1.0000000000 
0.0000000000 	0.0000000000 	0.0000000000 	1.0000000000 	1.0000000000 	1.0000000000 


0	0.0000000000000000 	0.0000000000000000 	1.0000000000000000 
1	2.5000000000000000 	0.0000000000000000 	1.0000000000000000 
2	7.5000000000000000 	0.0000000000000000 	1.0000000000000000 
3	10.0000000000000000 	0.0000000000000000 	1.0000000000000000 
4	0.0000000000000000 	2.5000000000000000 	1.0000000000000000 
5	2.5000000000000000 	2.5000000000000000 	1.0000000000000000 
6	7.5000000000000000 	2.5000000000000000 	1.0000000000000000 
7	10.0000000000000000 	2.5000000000000000 	1.0000000000000000 
8	0.0000000000000000 	5.0000000000000000 	1.0000000000000000 
9	2.5000000000000000 	5.0000000000000000 	1.0000000000000000 
10	7.5000000000000000 	5.0000000000000000 	1.0000000000000000 
11	10.0000000000000000 	5.0000000000000000 	1.0000000000000000 
12	0.0000000000000000 	7.5000000000000000 	1.0000000000000000 
13	2.5000000000000000 	7.5000000000000000 	1.0000000000000000 
14	7.5000000000000000 	7.5000000000000000 	1.0000000000000000 
15	10.0000000000000000 	7.5000000000000000 	1.0000000000000000 
16	0.0000000000000000 	10.0000000000000000 	1.0000000000000000 
17	2.5000000000000000 	10.0000000000000000 	1.0000000000000000 
18	7.5000000000000000 	10.0000000000000000 	1.0000000000000000 
19	10.0000000000000000 	10.0000000000000000 	1.0000000000000000 


0	0	0.0000000000000 
4	0	0.0000000000000 
8   0	0.0000000000000 
12	0	0.0000000000000 
16	0	0.0000000000000 
0	1	0.0000000000000 
1	1	0.0000000000000 
2	1	0.0000000000000 
3	1	0.0000000000000 



0   0   1   1.0     0.0000000000    1.0000000000    1.0 0.0 0.0
0   1   1   1.0     0.0000000000 	1.0000000000    1.0 0.0 0.0
