label=Strain@IntegrationPoint
num_items=128

0:	 1.237710e-03	 1.882228e-03	 7.627190e-04	 0.000000e+00	 1.820103e-04	 5.169018e-04	 1.798584e-04	 0.000000e+00	 5.263609e-05	 3.434826e-04	 6.396951e-05	 0.000000e+00	 7.666230e-04	 2.445148e-03	 1.053908e-03	 0.000000e+00	 6.742460e-05	 5.993842e-04	 2.140716e-04	 0.000000e+00	-1.412267e-05	 3.649414e-04	 9.287316e-05	 0.000000e+00	-2.659865e-04	 3.008068e-03	 1.006970e-03	 0.000000e+00	-1.347747e-04	 6.818666e-04	 1.892663e-04	 0.000000e+00	-1.294711e-04	 3.864002e-04	 9.820998e-05	 0.000000e+00	
1:	-2.167309e-04	 2.629070e-03	 9.339597e-04	 0.000000e+00	-2.046383e-04	 7.117786e-04	 1.368979e-04	 0.000000e+00	-1.788722e-04	 4.682507e-04	 1.415841e-05	 0.000000e+00	-4.730181e-04	 3.329555e-03	-4.744451e-04	 0.000000e+00	-2.680973e-04	 8.405920e-04	-1.660577e-04	 0.000000e+00	-1.866221e-04	 5.244523e-04	-1.546108e-04	 0.000000e+00	-7.293054e-04	 3.073414e-03	-1.975799e-03	 0.000000e+00	-3.315562e-04	 7.700144e-04	-5.167454e-04	 0.000000e+00	-1.943720e-04	 4.774444e-04	-3.411883e-04	 0.000000e+00	
2:	-2.161016e-04	 2.438198e-03	-3.849066e-03	 0.000000e+00	-1.925437e-04	 6.257521e-04	-8.596530e-04	 0.000000e+00	-1.586574e-04	 3.955413e-04	-4.764659e-04	 0.000000e+00	 3.207361e-04	 1.235600e-03	-3.362313e-03	 0.000000e+00	-4.478498e-05	 3.472996e-04	-7.682986e-04	 0.000000e+00	-1.158618e-04	 2.344707e-04	-4.511403e-04	 0.000000e+00	 8.575738e-04	 1.982605e-04	-2.667377e-03	 0.000000e+00	 1.029737e-04	 9.676356e-05	-5.759278e-04	 0.000000e+00	-7.306626e-05	 8.387176e-05	-3.814342e-04	 0.000000e+00	
3:	 9.590121e-04	-6.436651e-05	-2.242658e-03	 0.000000e+00	 8.561915e-05	 4.173871e-05	-4.955851e-04	 0.000000e+00	-2.922771e-05	 5.521584e-05	-2.780859e-04	 0.000000e+00	 8.438539e-04	-9.464480e-05	-1.179106e-03	 0.000000e+00	 5.615449e-05	 3.339870e-05	-2.624631e-04	 0.000000e+00	-4.125318e-05	 4.966236e-05	-1.407477e-04	 0.000000e+00	 9.731010e-05	-1.249231e-04	-9.834289e-05	 0.000000e+00	-1.058424e-04	 2.505870e-05	-2.487489e-05	 0.000000e+00	-1.299577e-04	 4.410888e-05	-5.619404e-07	 0.000000e+00	
4:	-8.201534e-05	 2.808146e-04	 3.779757e-05	 0.000000e+00	-8.003651e-05	 1.892279e-04	 1.117895e-06	 0.000000e+00	-7.805767e-05	 1.550569e-04	-8.232209e-06	 0.000000e+00	-8.954060e-05	 2.905782e-04	 8.440277e-05	 0.000000e+00	-8.367186e-05	 1.919111e-04	 5.235481e-06	 0.000000e+00	-7.780313e-05	 1.546856e-04	-1.471105e-05	 0.000000e+00	-1.027985e-04	 3.003417e-04	 1.301906e-04	 0.000000e+00	-9.017319e-05	 1.945944e-04	 8.897570e-06	 0.000000e+00	-7.754793e-05	 1.543143e-04	-2.128353e-05	 0.000000e+00	
5:	-7.779671e-05	 1.587380e-04	-3.004846e-06	 0.000000e+00	-7.887875e-05	 1.619086e-04	 2.936924e-06	 0.000000e+00	-7.996079e-05	 1.548719e-04	 3.098706e-06	 0.000000e+00	-7.662658e-05	 1.582744e-04	-4.351421e-06	 0.000000e+00	-7.845213e-05	 1.616250e-04	 6.021596e-06	 0.000000e+00	-8.027767e-05	 1.548318e-04	 5.631630e-06	 0.000000e+00	-7.475197e-05	 1.578109e-04	-5.684673e-06	 0.000000e+00	-7.776892e-05	 1.613414e-04	 9.125300e-06	 0.000000e+00	-8.078588e-05	 1.547917e-04	 8.189294e-06	 0.000000e+00	
6:	-7.850134e-05	 1.466586e-04	 9.759161e-07	 0.000000e+00	-7.240389e-05	 1.343252e-04	-1.310229e-06	 0.000000e+00	-6.630644e-05	 1.255028e-04	-1.366125e-06	 0.000000e+00	-7.895254e-05	 1.467775e-04	 1.536621e-06	 0.000000e+00	-7.257320e-05	 1.345651e-04	-2.589437e-06	 0.000000e+00	-6.619387e-05	 1.256455e-04	-2.673704e-06	 0.000000e+00	-7.967804e-05	 1.468964e-04	 2.118016e-06	 0.000000e+00	-7.285398e-05	 1.348051e-04	-3.867576e-06	 0.000000e+00	-6.602991e-05	 1.257882e-04	-3.999836e-06	 0.000000e+00	
7:	-6.318376e-05	 1.217887e-04	-5.391920e-07	 0.000000e+00	-5.855016e-05	 1.148626e-04	 3.520654e-07	 0.000000e+00	-5.391656e-05	 1.068229e-04	 3.652871e-07	 0.000000e+00	-6.301958e-05	 1.217907e-04	-1.246075e-06	 0.000000e+00	-5.849053e-05	 1.147282e-04	 2.005266e-07	 0.000000e+00	-5.396147e-05	 1.067209e-04	 1.990436e-07	 0.000000e+00	-6.277155e-05	 1.217927e-04	-1.972806e-06	 0.000000e+00	-5.839828e-05	 1.145938e-04	 4.431519e-08	 0.000000e+00	-5.402500e-05	 1.066189e-04	 4.330184e-08	 0.000000e+00	
8:	-5.120049e-05	 1.017120e-04	 3.582802e-08	 0.000000e+00	-4.650037e-05	 9.342009e-05	-3.133493e-07	 0.000000e+00	-4.180025e-05	 8.592308e-05	-3.070515e-07	 0.000000e+00	-5.126396e-05	 1.016952e-04	-3.225492e-07	 0.000000e+00	-4.652307e-05	 9.349026e-05	-8.227017e-07	 0.000000e+00	-4.178219e-05	 8.598025e-05	-7.712190e-07	 0.000000e+00	-5.135584e-05	 1.016785e-04	-6.686225e-07	 0.000000e+00	-4.655655e-05	 9.356042e-05	-1.328731e-06	 0.000000e+00	-4.175726e-05	 8.603742e-05	-1.241045e-06	 0.000000e+00	
9:	-3.931245e-05	 8.189809e-05	-1.660393e-07	 0.000000e+00	-3.546326e-05	 7.514023e-05	-1.000823e-08	 0.000000e+00	-3.161407e-05	 6.852196e-05	 2.258139e-09	 0.000000e+00	-3.928707e-05	 8.190824e-05	-5.395971e-07	 0.000000e+00	-3.545353e-05	 7.510162e-05	-2.831137e-07	 0.000000e+00	-3.161998e-05	 6.848926e-05	-2.310024e-07	 0.000000e+00	-3.925129e-05	 8.191840e-05	-9.199965e-07	 0.000000e+00	-3.543884e-05	 7.506300e-05	-5.581453e-07	 0.000000e+00	-3.162639e-05	 6.845656e-05	-4.612735e-07	 0.000000e+00	
10:	-2.958377e-05	 6.474831e-05	-4.547558e-08	 0.000000e+00	-2.645585e-05	 5.860957e-05	-8.875075e-08	 0.000000e+00	-2.332794e-05	 5.293748e-05	-6.970494e-08	 0.000000e+00	-2.959239e-05	 6.474061e-05	-2.727495e-07	 0.000000e+00	-2.645814e-05	 5.862670e-05	-2.855848e-07	 0.000000e+00	-2.332388e-05	 5.294867e-05	-2.196931e-07	 0.000000e+00	-2.960266e-05	 6.473291e-05	-4.964084e-07	 0.000000e+00	-2.646059e-05	 5.864383e-05	-4.815696e-07	 0.000000e+00	-2.331853e-05	 5.295986e-05	-3.715977e-07	 0.000000e+00	
11:	-2.175295e-05	 4.984783e-05	-3.505406e-08	 0.000000e+00	-1.946844e-05	 4.485103e-05	-2.919843e-09	 0.000000e+00	-1.718392e-05	 4.024131e-05	-1.365092e-08	 0.000000e+00	-2.174826e-05	 4.984385e-05	-1.525307e-07	 0.000000e+00	-1.946790e-05	 4.483812e-05	-7.044213e-08	 0.000000e+00	-1.718754e-05	 4.024645e-05	-3.793514e-08	 0.000000e+00	-2.174201e-05	 4.983987e-05	-2.720227e-07	 0.000000e+00	-1.946641e-05	 4.482521e-05	-1.375543e-07	 0.000000e+00	-1.719081e-05	 4.025160e-05	-5.938362e-08	 0.000000e+00	
12:	-1.201024e-04	 2.676544e-04	 3.825398e-05	 0.000000e+00	-1.028852e-04	 2.092234e-04	 3.039110e-05	 0.000000e+00	-8.566797e-05	 1.772221e-04	 2.786018e-05	 0.000000e+00	-1.434890e-04	 2.260331e-04	-6.219576e-05	 0.000000e+00	-1.246097e-04	 2.021779e-04	-2.961713e-05	 0.000000e+00	-1.057305e-04	 1.836281e-04	 6.177597e-07	 0.000000e+00	-1.372547e-04	 1.844118e-04	-1.124358e-04	 0.000000e+00	-1.252516e-04	 1.951324e-04	-6.291352e-05	 0.000000e+00	-1.132485e-04	 1.900342e-04	-2.341064e-05	 0.000000e+00	
13:	-8.072697e-05	 1.696893e-04	 2.147911e-05	 0.000000e+00	-8.096449e-05	 1.594096e-04	 4.640622e-06	 0.000000e+00	-8.120201e-05	 1.501613e-04	-2.901454e-06	 0.000000e+00	-9.798785e-05	 1.751372e-04	 5.280220e-06	 0.000000e+00	-9.025938e-05	 1.624105e-04	-4.174857e-06	 0.000000e+00	-8.253092e-05	 1.517399e-04	-8.603670e-06	 0.000000e+00	-1.065709e-04	 1.805851e-04	-1.421065e-05	 0.000000e+00	-9.562639e-05	 1.654113e-04	-1.514229e-05	 0.000000e+00	-8.468188e-05	 1.533186e-04	-1.531783e-05	 0.000000e+00	
14:	-7.938736e-05	 1.452010e-04	-2.663155e-06	 0.000000e+00	-7.291384e-05	 1.366019e-04	-1.221594e-06	 0.000000e+00	-6.644032e-05	 1.277922e-04	-1.203153e-06	 0.000000e+00	-7.868743e-05	 1.463884e-04	-8.831054e-06	 0.000000e+00	-7.320777e-05	 1.373263e-04	-8.662930e-06	 0.000000e+00	-6.772810e-05	 1.282415e-04	-8.858631e-06	 0.000000e+00	-7.984887e-05	 1.475757e-04	-1.561836e-05	 0.000000e+00	-7.418475e-05	 1.380507e-04	-1.651474e-05	 0.000000e+00	-6.852064e-05	 1.286909e-04	-1.671566e-05	 0.000000e+00	
15:	-6.320959e-05	 1.225977e-04	-1.965720e-06	 0.000000e+00	-5.858076e-05	 1.140076e-04	-3.099537e-06	 0.000000e+00	-5.395193e-05	 1.059056e-04	-3.324655e-06	 0.000000e+00	-6.454874e-05	 1.229626e-04	-9.132807e-06	 0.000000e+00	-5.910253e-05	 1.141932e-04	-9.282390e-06	 0.000000e+00	-5.365633e-05	 1.058452e-04	-8.871056e-06	 0.000000e+00	-6.516232e-05	 1.233275e-04	-1.646223e-05	 0.000000e+00	-5.928560e-05	 1.143789e-04	-1.570175e-05	 0.000000e+00	-5.340888e-05	 1.057849e-04	-1.472813e-05	 0.000000e+00	
16:	-5.122792e-05	 1.014000e-04	-3.011584e-06	 0.000000e+00	-4.649570e-05	 9.379137e-05	-2.455013e-06	 0.000000e+00	-4.176349e-05	 8.631836e-05	-2.142985e-06	 0.000000e+00	-5.074535e-05	 1.011750e-04	-8.404762e-06	 0.000000e+00	-4.618798e-05	 9.338535e-05	-7.620824e-06	 0.000000e+00	-4.163061e-05	 8.588016e-05	-6.906707e-06	 0.000000e+00	-5.036694e-05	 1.009500e-04	-1.408203e-05	 0.000000e+00	-4.579006e-05	 9.297933e-05	-1.290519e-05	 0.000000e+00	-4.121318e-05	 8.544197e-05	-1.162345e-05	 0.000000e+00	
17:	-3.927077e-05	 8.204352e-05	-2.064938e-06	 0.000000e+00	-3.543676e-05	 7.500798e-05	-1.900291e-06	 0.000000e+00	-3.160274e-05	 6.838987e-05	-1.657231e-06	 0.000000e+00	-3.917486e-05	 8.164700e-05	-6.464407e-06	 0.000000e+00	-3.529308e-05	 7.466320e-05	-5.608672e-06	 0.000000e+00	-3.141130e-05	 6.805410e-05	-4.745463e-06	 0.000000e+00	-3.876082e-05	 8.125048e-05	-1.078256e-05	 0.000000e+00	-3.491018e-05	 7.431842e-05	-9.283265e-06	 0.000000e+00	-3.105954e-05	 6.771833e-05	-7.847434e-06	 0.000000e+00	
18:	-2.957510e-05	 6.472687e-05	-1.476681e-06	 0.000000e+00	-2.644113e-05	 5.870386e-05	-1.171559e-06	 0.000000e+00	-2.330716e-05	 5.301576e-05	-8.999922e-07	 0.000000e+00	-2.938136e-05	 6.437918e-05	-4.250967e-06	 0.000000e+00	-2.628726e-05	 5.834442e-05	-3.444287e-06	 0.000000e+00	-2.319316e-05	 5.266104e-05	-2.675745e-06	 0.000000e+00	-2.905175e-05	 6.403149e-05	-7.047490e-06	 0.000000e+00	-2.600262e-05	 5.798497e-05	-5.720929e-06	 0.000000e+00	-2.295350e-05	 5.230631e-05	-4.437090e-06	 0.000000e+00	
19:	-2.173172e-05	 4.986622e-05	-7.410660e-07	 0.000000e+00	-1.945173e-05	 4.483283e-05	-4.341116e-07	 0.000000e+00	-1.717173e-05	 4.029223e-05	-1.105597e-07	 0.000000e+00	-2.162574e-05	 4.951934e-05	-2.188358e-06	 0.000000e+00	-1.933340e-05	 4.447033e-05	-1.253771e-06	 0.000000e+00	-1.704106e-05	 3.987195e-05	-3.135923e-07	 0.000000e+00	-2.139913e-05	 4.917245e-05	-3.629561e-06	 0.000000e+00	-1.910670e-05	 4.410784e-05	-2.114253e-06	 0.000000e+00	-1.681426e-05	 3.945166e-05	-6.043607e-07	 0.000000e+00	
20:	-1.218026e-04	 1.714404e-04	-1.076247e-04	 0.000000e+00	-1.170602e-04	 1.900760e-04	-6.681620e-05	 0.000000e+00	-1.123177e-04	 1.890268e-04	-3.634385e-05	 0.000000e+00	-1.025641e-04	 1.684858e-04	-8.137207e-05	 0.000000e+00	-1.056555e-04	 1.797453e-04	-6.665569e-05	 0.000000e+00	-1.087469e-04	 1.791591e-04	-5.568826e-05	 0.000000e+00	-9.650597e-05	 1.655312e-04	-6.768416e-05	 0.000000e+00	-1.001039e-04	 1.694147e-04	-7.034010e-05	 0.000000e+00	-1.037018e-04	 1.692914e-04	-7.015779e-05	 0.000000e+00	
21:	-1.077942e-04	 1.802968e-04	-2.826615e-05	 0.000000e+00	-9.699188e-05	 1.657145e-04	-2.473452e-05	 0.000000e+00	-8.618952e-05	 1.537078e-04	-2.186430e-05	 0.000000e+00	-1.068144e-04	 1.738584e-04	-5.074428e-05	 0.000000e+00	-9.708212e-05	 1.637553e-04	-4.311680e-05	 0.000000e+00	-8.734984e-05	 1.534663e-04	-3.675191e-05	 0.000000e+00	-1.024227e-04	 1.674201e-04	-6.670399e-05	 0.000000e+00	-9.442919e-05	 1.617962e-04	-5.805247e-05	 0.000000e+00	-8.643572e-05	 1.532249e-04	-5.126470e-05	 0.000000e+00	
22:	-8.122784e-05	 1.478075e-04	-2.152005e-05	 0.000000e+00	-7.497944e-05	 1.380398e-04	-2.219467e-05	 0.000000e+00	-6.873104e-05	 1.285270e-04	-2.196204e-05	 0.000000e+00	-8.245954e-05	 1.474165e-04	-3.492385e-05	 0.000000e+00	-7.538635e-05	 1.372777e-04	-3.382001e-05	 0.000000e+00	-6.831316e-05	 1.275146e-04	-3.214046e-05	 0.000000e+00	-8.191870e-05	 1.470255e-04	-4.880762e-05	 0.000000e+00	-7.438950e-05	 1.365156e-04	-4.579099e-05	 0.000000e+00	-6.686030e-05	 1.265022e-04	-4.253017e-05	 0.000000e+00	
23:	-6.517793e-05	 1.231121e-04	-2.134871e-05	 0.000000e+00	-5.921610e-05	 1.140783e-04	-2.000188e-05	 0.000000e+00	-5.325427e-05	 1.053951e-04	-1.856619e-05	 0.000000e+00	-6.450411e-05	 1.220067e-04	-3.080702e-05	 0.000000e+00	-5.848752e-05	 1.128596e-04	-2.826965e-05	 0.000000e+00	-5.247093e-05	 1.041158e-04	-2.572270e-05	 0.000000e+00	-6.292827e-05	 1.209013e-04	-4.042052e-05	 0.000000e+00	-5.694510e-05	 1.116410e-04	-3.663412e-05	 0.000000e+00	-5.096194e-05	 1.028366e-04	-3.291740e-05	 0.000000e+00	
24:	-5.016227e-05	 1.005086e-04	-1.767926e-05	 0.000000e+00	-4.549847e-05	 9.248397e-05	-1.604648e-05	 0.000000e+00	-4.083467e-05	 8.494130e-05	-1.429300e-05	 0.000000e+00	-4.934343e-05	 9.921679e-05	-2.419029e-05	 0.000000e+00	-4.461237e-05	 9.118770e-05	-2.147719e-05	 0.000000e+00	-3.988132e-05	 8.365894e-05	-1.876387e-05	 0.000000e+00	-4.786358e-05	 9.792499e-05	-3.071654e-05	 0.000000e+00	-4.319928e-05	 8.989142e-05	-2.690266e-05	 0.000000e+00	-3.853497e-05	 8.237658e-05	-2.320902e-05	 0.000000e+00	
25:	-3.837242e-05	 8.076702e-05	-1.319898e-05	 0.000000e+00	-3.457471e-05	 7.386751e-05	-1.133231e-05	 0.000000e+00	-3.077700e-05	 6.729919e-05	-9.561007e-06	 0.000000e+00	-3.743662e-05	 7.950215e-05	-1.720851e-05	 0.000000e+00	-3.376649e-05	 7.266277e-05	-1.466353e-05	 0.000000e+00	-3.009636e-05	 6.619459e-05	-1.225257e-05	 0.000000e+00	-3.615934e-05	 7.823728e-05	-2.117342e-05	 0.000000e+00	-3.265979e-05	 7.145803e-05	-1.790561e-05	 0.000000e+00	-2.916025e-05	 6.509000e-05	-1.481049e-05	 0.000000e+00	
26:	-2.879355e-05	 6.363015e-05	-8.571821e-06	 0.000000e+00	-2.577516e-05	 5.760809e-05	-6.920392e-06	 0.000000e+00	-2.275678e-05	 5.194544e-05	-5.328055e-06	 0.000000e+00	-2.817753e-05	 6.259864e-05	-1.091417e-05	 0.000000e+00	-2.525362e-05	 5.667238e-05	-8.710714e-06	 0.000000e+00	-2.232970e-05	 5.106002e-05	-6.618028e-06	 0.000000e+00	-2.733528e-05	 6.156713e-05	-1.312465e-05	 0.000000e+00	-2.456332e-05	 5.573667e-05	-1.041978e-05	 0.000000e+00	-2.179137e-05	 5.017461e-05	-7.877360e-06	 0.000000e+00	
27:	-2.121287e-05	 4.881597e-05	-4.343122e-06	 0.000000e+00	-1.892563e-05	 4.373454e-05	-2.518716e-06	 0.000000e+00	-1.663840e-05	 3.902851e-05	-7.037876e-07	 0.000000e+00	-2.081683e-05	 4.793778e-05	-5.362640e-06	 0.000000e+00	-1.854178e-05	 4.281420e-05	-3.077716e-06	 0.000000e+00	-1.626673e-05	 3.799462e-05	-8.052218e-07	 0.000000e+00	-2.032722e-05	 4.705960e-05	-6.389354e-06	 0.000000e+00	-1.806764e-05	 4.189385e-05	-3.723317e-06	 0.000000e+00	-1.580805e-05	 3.696073e-05	-1.072662e-06	 0.000000e+00	
28:	-9.841258e-05	 1.662571e-04	-6.525059e-05	 0.000000e+00	-9.932288e-05	 1.673049e-04	-7.166892e-05	 0.000000e+00	-1.002332e-04	 1.665362e-04	-7.382973e-05	 0.000000e+00	-1.013377e-04	 1.717061e-04	-6.405395e-05	 0.000000e+00	-9.846321e-05	 1.703851e-04	-7.188196e-05	 0.000000e+00	-9.558869e-05	 1.669357e-04	-7.716245e-05	 0.000000e+00	-1.024394e-04	 1.771552e-04	-6.531876e-05	 0.000000e+00	-9.768213e-05	 1.734654e-04	-7.490352e-05	 0.000000e+00	-9.292489e-05	 1.673351e-04	-8.365072e-05	 0.000000e+00	
29:	-9.852832e-05	 1.651868e-04	-7.135037e-05	 0.000000e+00	-9.175924e-05	 1.603137e-04	-6.446583e-05	 0.000000e+00	-8.499016e-05	 1.520681e-04	-5.920547e-05	 0.000000e+00	-9.307764e-05	 1.639507e-04	-7.739594e-05	 0.000000e+00	-8.732296e-05	 1.571786e-04	-7.469118e-05	 0.000000e+00	-8.156828e-05	 1.483341e-04	-7.218611e-05	 0.000000e+00	-8.970007e-05	 1.627146e-04	-8.627716e-05	 0.000000e+00	-8.337527e-05	 1.540434e-04	-8.630577e-05	 0.000000e+00	-7.705046e-05	 1.446002e-04	-8.510960e-05	 0.000000e+00	
30:	-8.080018e-05	 1.458793e-04	-5.679754e-05	 0.000000e+00	-7.317041e-05	 1.353372e-04	-5.268192e-05	 0.000000e+00	-6.554063e-05	 1.252643e-04	-4.848452e-05	 0.000000e+00	-7.768368e-05	 1.423314e-04	-6.979742e-05	 0.000000e+00	-7.008896e-05	 1.320496e-04	-6.405836e-05	 0.000000e+00	-6.249425e-05	 1.220230e-04	-5.846411e-05	 0.000000e+00	-7.308350e-05	 1.387834e-04	-8.238857e-05	 0.000000e+00	-6.577588e-05	 1.287620e-04	-7.526425e-05	 0.000000e+00	-5.846826e-05	 1.187817e-04	-6.851132e-05	 0.000000e+00	
31:	-6.159640e-05	 1.196197e-04	-4.590506e-05	 0.000000e+00	-5.567183e-05	 1.103193e-04	-4.135996e-05	 0.000000e+00	-4.974726e-05	 1.015262e-04	-3.692172e-05	 0.000000e+00	-5.860266e-05	 1.163211e-04	-5.510139e-05	 0.000000e+00	-5.282395e-05	 1.069959e-04	-4.914653e-05	 0.000000e+00	-4.704525e-05	 9.830233e-05	-4.334707e-05	 0.000000e+00	-5.471837e-05	 1.130224e-04	-6.439442e-05	 0.000000e+00	-4.913951e-05	 1.036725e-04	-5.689153e-05	 0.000000e+00	-4.356065e-05	 9.507846e-05	-4.959257e-05	 0.000000e+00	
32:	-4.669510e-05	 9.664343e-05	-3.431008e-05	 0.000000e+00	-4.213099e-05	 8.867537e-05	-2.982590e-05	 0.000000e+00	-3.756687e-05	 8.124308e-05	-2.552992e-05	 0.000000e+00	-4.411476e-05	 9.353116e-05	-3.997268e-05	 0.000000e+00	-3.982287e-05	 8.579271e-05	-3.427022e-05	 0.000000e+00	-3.553098e-05	 7.863018e-05	-2.886902e-05	 0.000000e+00	-4.080413e-05	 9.041888e-05	-4.540219e-05	 0.000000e+00	-3.691025e-05	 8.291005e-05	-3.843679e-05	 0.000000e+00	-3.301636e-05	 7.601728e-05	-3.188574e-05	 0.000000e+00	
33:	-3.525569e-05	 7.715932e-05	-2.319376e-05	 0.000000e+00	-3.187745e-05	 7.048316e-05	-1.947494e-05	 0.000000e+00	-2.849921e-05	 6.422714e-05	-1.596508e-05	 0.000000e+00	-3.338057e-05	 7.471980e-05	-2.598598e-05	 0.000000e+00	-3.028260e-05	 6.833777e-05	-2.147555e-05	 0.000000e+00	-2.718463e-05	 6.236654e-05	-1.726007e-05	 0.000000e+00	-3.109116e-05	 7.228028e-05	-2.844584e-05	 0.000000e+00	-2.836911e-05	 6.619238e-05	-2.315417e-05	 0.000000e+00	-2.564706e-05	 6.050595e-05	-1.824345e-05	 0.000000e+00	
34:	-2.674289e-05	 6.077195e-05	-1.408529e-05	 0.000000e+00	-2.408553e-05	 5.503720e-05	-1.112343e-05	 0.000000e+00	-2.142818e-05	 4.954133e-05	-8.352243e-06	 0.000000e+00	-2.557891e-05	 5.907083e-05	-1.507370e-05	 0.000000e+00	-2.315883e-05	 5.356920e-05	-1.173765e-05	 0.000000e+00	-2.073875e-05	 4.825045e-05	-8.637541e-06	 0.000000e+00	-2.423443e-05	 5.736971e-05	-1.577165e-05	 0.000000e+00	-2.210198e-05	 5.210121e-05	-1.212369e-05	 0.000000e+00	-1.996954e-05	 4.695958e-05	-8.756953e-06	 0.000000e+00	
35:	-2.000078e-05	 4.644984e-05	-6.752263e-06	 0.000000e+00	-1.775287e-05	 4.127749e-05	-3.917725e-06	 0.000000e+00	-1.550496e-05	 3.627529e-05	-1.107448e-06	 0.000000e+00	-1.939270e-05	 4.523258e-05	-6.902606e-06	 0.000000e+00	-1.718710e-05	 4.007970e-05	-3.921776e-06	 0.000000e+00	-1.498151e-05	 3.495366e-05	-9.927661e-07	 0.000000e+00	-1.872843e-05	 4.401532e-05	-6.951579e-06	 0.000000e+00	-1.659580e-05	 3.888192e-05	-3.983874e-06	 0.000000e+00	-1.446318e-05	 3.363203e-05	-1.095550e-06	 0.000000e+00	
36:	-1.023618e-04	 1.807185e-04	-6.755806e-05	 0.000000e+00	-9.725477e-05	 1.754787e-04	-7.864027e-05	 0.000000e+00	-9.214771e-05	 1.678039e-04	-8.907847e-05	 0.000000e+00	-1.028354e-04	 1.875146e-04	-7.464193e-05	 0.000000e+00	-9.643086e-05	 1.793173e-04	-8.865214e-05	 0.000000e+00	-9.002628e-05	 1.690152e-04	-1.009735e-04	 0.000000e+00	-1.043386e-04	 1.943107e-04	-8.519945e-05	 0.000000e+00	-9.547422e-05	 1.831558e-04	-1.017701e-04	 0.000000e+00	-8.660986e-05	 1.702266e-04	-1.156070e-04	 0.000000e+00	
37:	-8.853811e-05	 1.623080e-04	-9.237608e-05	 0.000000e+00	-8.124082e-05	 1.524952e-04	-9.271411e-05	 0.000000e+00	-7.394353e-05	 1.424146e-04	-9.154677e-05	 0.000000e+00	-8.562631e-05	 1.621468e-04	-1.042318e-04	 0.000000e+00	-7.691044e-05	 1.503101e-04	-1.035230e-04	 0.000000e+00	-6.819457e-05	 1.386379e-04	-1.017690e-04	 0.000000e+00	-8.123027e-05	 1.619856e-04	-1.185791e-04	 0.000000e+00	-7.160768e-05	 1.481250e-04	-1.163428e-04	 0.000000e+00	-6.198510e-05	 1.348612e-04	-1.135214e-04	 0.000000e+00	
38:	-6.976912e-05	 1.364412e-04	-8.863269e-05	 0.000000e+00	-6.272106e-05	 1.262490e-04	-8.098850e-05	 0.000000e+00	-5.567300e-05	 1.161835e-04	-7.370204e-05	 0.000000e+00	-6.367889e-05	 1.319404e-04	-9.855432e-05	 0.000000e+00	-5.687667e-05	 1.209007e-04	-8.998999e-05	 0.000000e+00	-5.007444e-05	 1.104962e-04	-8.150991e-05	 0.000000e+00	-5.718858e-05	 1.274397e-04	-1.097015e-04	 0.000000e+00	-5.032798e-05	 1.155524e-04	-9.965141e-05	 0.000000e+00	-4.346738e-05	 1.048089e-04	-8.941213e-05	 0.000000e+00	
39:	-5.204203e-05	 1.104139e-04	-6.912849e-05	 0.000000e+00	-4.661227e-05	 1.011102e-04	-6.064861e-05	 0.000000e+00	-4.118251e-05	 9.264301e-05	-5.244999e-05	 0.000000e+00	-4.664120e-05	 1.047482e-04	-7.596444e-05	 0.000000e+00	-4.164512e-05	 9.562837e-05	-6.565490e-05	 0.000000e+00	-3.664904e-05	 8.749750e-05	-5.584387e-05	 0.000000e+00	-4.021367e-05	 9.908258e-05	-8.268076e-05	 0.000000e+00	-3.589292e-05	 9.014652e-05	-7.037191e-05	 0.000000e+00	-3.157217e-05	 8.235198e-05	-5.877879e-05	 0.000000e+00	
40:	-3.855339e-05	 8.809206e-05	-4.780211e-05	 0.000000e+00	-3.494819e-05	 8.079491e-05	-4.015330e-05	 0.000000e+00	-3.134299e-05	 7.414051e-05	-3.297939e-05	 0.000000e+00	-3.431522e-05	 8.320822e-05	-5.043144e-05	 0.000000e+00	-3.129112e-05	 7.640888e-05	-4.168880e-05	 0.000000e+00	-2.826702e-05	 7.030391e-05	-3.351608e-05	 0.000000e+00	-2.963472e-05	 7.832439e-05	-5.253573e-05	 0.000000e+00	-2.729741e-05	 7.202285e-05	-4.264185e-05	 0.000000e+00	-2.496010e-05	 6.646730e-05	-3.341290e-05	 0.000000e+00	
41:	-2.957781e-05	 7.055281e-05	-2.924771e-05	 0.000000e+00	-2.711697e-05	 6.471325e-05	-2.356303e-05	 0.000000e+00	-2.465613e-05	 5.926106e-05	-1.829946e-05	 0.000000e+00	-2.681566e-05	 6.705588e-05	-2.934237e-05	 0.000000e+00	-2.485219e-05	 6.177562e-05	-2.310975e-05	 0.000000e+00	-2.288873e-05	 5.684360e-05	-1.735028e-05	 0.000000e+00	-2.387017e-05	 6.355895e-05	-2.879313e-05	 0.000000e+00	-2.246196e-05	 5.883799e-05	-2.205609e-05	 0.000000e+00	-2.105375e-05	 5.442614e-05	-1.584424e-05	 0.000000e+00	
42:	-2.337482e-05	 5.625366e-05	-1.569419e-05	 0.000000e+00	-2.143243e-05	 5.117857e-05	-1.192935e-05	 0.000000e+00	-1.949004e-05	 4.619284e-05	-8.468785e-06	 0.000000e+00	-2.185613e-05	 5.411949e-05	-1.458152e-05	 0.000000e+00	-2.027107e-05	 4.947594e-05	-1.073908e-05	 0.000000e+00	-1.868602e-05	 4.484882e-05	-7.234855e-06	 0.000000e+00	-2.029770e-05	 5.198532e-05	-1.294827e-05	 0.000000e+00	-1.910773e-05	 4.777331e-05	-9.109355e-06	 0.000000e+00	-1.791776e-05	 4.350480e-05	-5.642583e-06	 0.000000e+00	
43:	-1.832066e-05	 4.331985e-05	-6.669768e-06	 0.000000e+00	-1.624451e-05	 3.824201e-05	-3.812780e-06	 0.000000e+00	-1.416836e-05	 3.295837e-05	-1.050544e-06	 0.000000e+00	-1.765539e-05	 4.214712e-05	-5.535906e-06	 0.000000e+00	-1.569868e-05	 3.724077e-05	-3.060867e-06	 0.000000e+00	-1.374198e-05	 3.196498e-05	-7.058410e-07	 0.000000e+00	-1.704503e-05	 4.097439e-05	-4.120277e-06	 0.000000e+00	-1.523587e-05	 3.623953e-05	-2.209214e-06	 0.000000e+00	-1.342672e-05	 3.097158e-05	-4.434258e-07	 0.000000e+00	
44:	-1.055582e-04	 1.984644e-04	-9.300045e-05	 0.000000e+00	-9.480115e-05	 1.851611e-04	-1.103028e-04	 0.000000e+00	-8.404405e-05	 1.703988e-04	-1.247198e-04	 0.000000e+00	-1.062784e-04	 2.059423e-04	-1.104565e-04	 0.000000e+00	-9.260302e-05	 1.882138e-04	-1.274095e-04	 0.000000e+00	-7.892760e-05	 1.697793e-04	-1.420007e-04	 0.000000e+00	-1.049793e-04	 2.134203e-04	-1.332538e-04	 0.000000e+00	-8.896807e-05	 1.912665e-04	-1.490197e-04	 0.000000e+00	-7.295689e-05	 1.691597e-04	-1.629477e-04	 0.000000e+00	
45:	-7.801437e-05	 1.612360e-04	-1.275151e-04	 0.000000e+00	-6.805050e-05	 1.460400e-04	-1.241658e-04	 0.000000e+00	-5.808664e-05	 1.317547e-04	-1.201951e-04	 0.000000e+00	-7.175288e-05	 1.588214e-04	-1.443419e-04	 0.000000e+00	-6.077245e-05	 1.410602e-04	-1.385417e-04	 0.000000e+00	-4.979203e-05	 1.248561e-04	-1.315351e-04	 0.000000e+00	-6.461730e-05	 1.564068e-04	-1.643817e-04	 0.000000e+00	-5.196957e-05	 1.360803e-04	-1.554115e-04	 0.000000e+00	-3.932184e-05	 1.179574e-04	-1.446498e-04	 0.000000e+00	
46:	-5.315356e-05	 1.238858e-04	-1.155885e-04	 0.000000e+00	-4.616492e-05	 1.115224e-04	-1.040881e-04	 0.000000e+00	-3.917629e-05	 1.006780e-04	-9.252338e-05	 0.000000e+00	-4.465609e-05	 1.161738e-04	-1.247280e-04	 0.000000e+00	-3.798693e-05	 1.030213e-04	-1.095330e-04	 0.000000e+00	-3.131777e-05	 9.216963e-05	-9.497671e-05	 0.000000e+00	-3.402121e-05	 1.084618e-04	-1.351800e-04	 0.000000e+00	-2.845341e-05	 9.452032e-05	-1.154209e-04	 0.000000e+00	-2.288560e-05	 8.366127e-05	-9.700342e-05	 0.000000e+00	
47:	-3.603183e-05	 9.505362e-05	-8.510182e-05	 0.000000e+00	-3.221455e-05	 8.638162e-05	-7.174422e-05	 0.000000e+00	-2.839726e-05	 7.893697e-05	-5.922376e-05	 0.000000e+00	-2.856961e-05	 8.687378e-05	-8.631422e-05	 0.000000e+00	-2.579475e-05	 7.892543e-05	-7.135918e-05	 0.000000e+00	-2.301990e-05	 7.234685e-05	-5.744127e-05	 0.000000e+00	-2.082600e-05	 7.869395e-05	-8.680088e-05	 0.000000e+00	-1.931603e-05	 7.146924e-05	-7.008998e-05	 0.000000e+00	-1.780605e-05	 6.575672e-05	-5.461618e-05	 0.000000e+00	
48:	-2.673609e-05	 7.514859e-05	-5.257513e-05	 0.000000e+00	-2.484477e-05	 6.925925e-05	-4.216268e-05	 0.000000e+00	-2.295344e-05	 6.410883e-05	-3.245577e-05	 0.000000e+00	-2.189766e-05	 6.911883e-05	-5.025825e-05	 0.000000e+00	-2.081595e-05	 6.414818e-05	-3.930650e-05	 0.000000e+00	-1.973424e-05	 5.984054e-05	-2.910488e-05	 0.000000e+00	-1.730190e-05	 6.308907e-05	-4.687724e-05	 0.000000e+00	-1.707938e-05	 5.903710e-05	-3.547063e-05	 0.000000e+00	-1.685686e-05	 5.557226e-05	-2.485872e-05	 0.000000e+00	
49:	-2.209409e-05	 6.143218e-05	-2.766090e-05	 0.000000e+00	-2.103224e-05	 5.708974e-05	-2.077970e-05	 0.000000e+00	-1.997039e-05	 5.302985e-05	-1.443272e-05	 0.000000e+00	-1.928000e-05	 5.762046e-05	-2.418372e-05	 0.000000e+00	-1.880072e-05	 5.401950e-05	-1.732089e-05	 0.000000e+00	-1.832144e-05	 5.064894e-05	-1.097129e-05	 0.000000e+00	-1.681537e-05	 5.380873e-05	-1.985272e-05	 0.000000e+00	-1.689530e-05	 5.094927e-05	-1.306630e-05	 0.000000e+00	-1.697523e-05	 4.826803e-05	-6.772109e-06	 0.000000e+00	
50:	-1.938601e-05	 5.078099e-05	-1.153225e-05	 0.000000e+00	-1.843963e-05	 4.686697e-05	-7.805080e-06	 0.000000e+00	-1.749324e-05	 4.285481e-05	-4.446775e-06	 0.000000e+00	-1.801867e-05	 4.877648e-05	-8.184757e-06	 0.000000e+00	-1.745747e-05	 4.545499e-05	-4.836103e-06	 0.000000e+00	-1.689627e-05	 4.196515e-05	-1.811131e-06	 0.000000e+00	-1.693265e-05	 4.677197e-05	-4.139112e-06	 0.000000e+00	-1.670636e-05	 4.404300e-05	-1.247069e-06	 0.000000e+00	-1.648008e-05	 4.107549e-05	 1.366481e-06	 0.000000e+00	
51:	-1.672012e-05	 4.045303e-05	-3.080642e-06	 0.000000e+00	-1.500970e-05	 3.588270e-05	-1.609085e-06	 0.000000e+00	-1.329927e-05	 3.070484e-05	-2.970141e-07	 0.000000e+00	-1.629067e-05	 3.983411e-05	-7.895351e-07	 0.000000e+00	-1.477076e-05	 3.565768e-05	-2.130307e-07	 0.000000e+00	-1.325085e-05	 3.078158e-05	 1.804165e-07	 0.000000e+00	-1.603501e-05	 3.921519e-05	 1.990988e-06	 0.000000e+00	-1.473184e-05	 3.543267e-05	 1.569937e-06	 0.000000e+00	-1.342866e-05	 3.085833e-05	 9.422583e-07	 0.000000e+00	
52:	-1.034332e-04	 2.194376e-04	-1.486368e-04	 0.000000e+00	-8.613831e-05	 1.932867e-04	-1.635953e-04	 0.000000e+00	-6.884344e-05	 1.676168e-04	-1.758313e-04	 0.000000e+00	-1.015484e-04	 2.326381e-04	-1.822062e-04	 0.000000e+00	-7.924340e-05	 1.971762e-04	-1.955871e-04	 0.000000e+00	-5.693834e-05	 1.629342e-04	-2.026821e-04	 0.000000e+00	-1.009428e-04	 2.458386e-04	-2.265437e-04	 0.000000e+00	-6.966395e-05	 2.010658e-04	-2.375251e-04	 0.000000e+00	-3.838506e-05	 1.582515e-04	-2.386575e-04	 0.000000e+00	
53:	-5.980394e-05	 1.530267e-04	-1.754911e-04	 0.000000e+00	-4.603467e-05	 1.305093e-04	-1.630586e-04	 0.000000e+00	-3.226539e-05	 1.114962e-04	-1.494112e-04	 0.000000e+00	-4.646284e-05	 1.438258e-04	-1.964912e-04	 0.000000e+00	-3.276890e-05	 1.163446e-04	-1.730500e-04	 0.000000e+00	-1.907496e-05	 9.619104e-05	-1.509595e-04	 0.000000e+00	-2.615060e-05	 1.346248e-04	-2.251391e-04	 0.000000e+00	-1.538585e-05	 1.021799e-04	-1.864365e-04	 0.000000e+00	-4.621095e-06	 8.088584e-05	-1.516500e-04	 0.000000e+00	
54:	-2.693068e-05	 1.020368e-04	-1.384012e-04	 0.000000e+00	-2.236727e-05	 8.843144e-05	-1.161412e-04	 0.000000e+00	-1.780386e-05	 7.815829e-05	-9.565333e-05	 0.000000e+00	-1.446151e-05	 8.766922e-05	-1.368031e-04	 0.000000e+00	-1.230137e-05	 7.600805e-05	-1.110191e-04	 0.000000e+00	-1.014124e-05	 6.775568e-05	-8.778394e-05	 0.000000e+00	-1.810794e-06	 7.330164e-05	-1.330850e-04	 0.000000e+00	-2.917970e-06	 6.358467e-05	-1.036917e-04	 0.000000e+00	-4.025146e-06	 5.735307e-05	-7.762413e-05	 0.000000e+00	
55:	-1.627668e-05	 7.363371e-05	-8.475534e-05	 0.000000e+00	-1.559198e-05	 6.714306e-05	-6.746911e-05	 0.000000e+00	-1.490727e-05	 6.210217e-05	-5.145432e-05	 0.000000e+00	-9.711674e-06	 6.442407e-05	-7.628779e-05	 0.000000e+00	-1.039562e-05	 5.973238e-05	-5.913894e-05	 0.000000e+00	-1.107956e-05	 5.613345e-05	-4.317947e-05	 0.000000e+00	-4.918067e-06	 5.521442e-05	-6.562060e-05	 0.000000e+00	-6.879408e-06	 5.232170e-05	-4.900622e-05	 0.000000e+00	-8.840748e-06	 5.016473e-05	-3.349919e-05	 0.000000e+00	
56:	-1.479308e-05	 5.979696e-05	-4.359376e-05	 0.000000e+00	-1.508536e-05	 5.632361e-05	-3.227266e-05	 0.000000e+00	-1.537764e-05	 5.338226e-05	-2.172238e-05	 0.000000e+00	-1.159265e-05	 5.451341e-05	-3.556913e-05	 0.000000e+00	-1.267193e-05	 5.210980e-05	-2.502380e-05	 0.000000e+00	-1.375120e-05	 5.012460e-05	-1.512266e-05	 0.000000e+00	-9.913574e-06	 4.922986e-05	-2.629139e-05	 0.000000e+00	-1.163899e-05	 4.789598e-05	-1.664817e-05	 0.000000e+00	-1.336440e-05	 4.686695e-05	-7.522510e-06	 0.000000e+00	
57:	-1.557522e-05	 5.189796e-05	-1.681612e-05	 0.000000e+00	-1.596195e-05	 4.947375e-05	-1.028681e-05	 0.000000e+00	-1.634867e-05	 4.717136e-05	-4.188632e-06	 0.000000e+00	-1.428677e-05	 4.914330e-05	-1.067058e-05	 0.000000e+00	-1.504796e-05	 4.747337e-05	-5.012672e-06	 0.000000e+00	-1.580915e-05	 4.578358e-05	 4.030691e-07	 0.000000e+00	-1.413580e-05	 4.638865e-05	-3.607226e-06	 0.000000e+00	-1.506127e-05	 4.547298e-05	 1.021696e-06	 0.000000e+00	-1.598674e-05	 4.439580e-05	 5.597416e-06	 0.000000e+00	
58:	-1.644414e-05	 4.587148e-05	-1.719137e-06	 0.000000e+00	-1.638549e-05	 4.346311e-05	 8.010779e-07	 0.000000e+00	-1.632685e-05	 4.079893e-05	 3.094661e-06	 0.000000e+00	-1.606542e-05	 4.478148e-05	 2.462476e-06	 0.000000e+00	-1.618488e-05	 4.288228e-05	 4.219763e-06	 0.000000e+00	-1.630435e-05	 4.073820e-05	 5.883442e-06	 0.000000e+00	-1.629958e-05	 4.369147e-05	 7.204413e-06	 0.000000e+00	-1.644918e-05	 4.230146e-05	 8.210911e-06	 0.000000e+00	-1.659879e-05	 4.067747e-05	 9.256825e-06	 0.000000e+00	
59:	-1.597022e-05	 3.910834e-05	 3.450956e-06	 0.000000e+00	-1.480332e-05	 3.562259e-05	 2.393549e-06	 0.000000e+00	-1.363642e-05	 3.135396e-05	 1.127739e-06	 0.000000e+00	-1.606418e-05	 3.936007e-05	 5.777001e-06	 0.000000e+00	-1.511938e-05	 3.650025e-05	 3.684720e-06	 0.000000e+00	-1.417458e-05	 3.298045e-05	 1.401512e-06	 0.000000e+00	-1.642637e-05	 3.961179e-05	 8.730960e-06	 0.000000e+00	-1.568422e-05	 3.737790e-05	 5.740506e-06	 0.000000e+00	-1.494208e-05	 3.460693e-05	 2.576602e-06	 0.000000e+00	
60:	-9.965868e-05	 2.465316e-04	-2.553915e-04	 0.000000e+00	-6.213138e-05	 1.918496e-04	-2.567470e-04	 0.000000e+00	-2.460408e-05	 1.452676e-04	-2.511160e-04	 0.000000e+00	-7.266928e-05	 2.357126e-04	-3.283161e-04	 0.000000e+00	-3.482352e-05	 1.562886e-04	-2.848981e-04	 0.000000e+00	 3.022231e-06	 1.053312e-04	-2.478941e-04	 0.000000e+00	-1.104556e-05	 2.248937e-04	-4.400903e-04	 0.000000e+00	 1.221260e-05	 1.207275e-04	-3.292438e-04	 0.000000e+00	 3.547076e-05	 6.539480e-05	-2.382117e-04	 0.000000e+00	
61:	-1.144302e-05	 1.220363e-04	-2.333830e-04	 0.000000e+00	-3.742446e-06	 9.107040e-05	-1.862584e-04	 0.000000e+00	 3.958125e-06	 7.174688e-05	-1.448252e-04	 0.000000e+00	 1.386161e-05	 8.797657e-05	-2.201486e-04	 0.000000e+00	 1.326527e-05	 6.705722e-05	-1.636210e-04	 0.000000e+00	 1.266894e-05	 5.564612e-05	-1.163197e-04	 0.000000e+00	 3.850663e-05	 5.391689e-05	-1.945520e-04	 0.000000e+00	 2.568121e-05	 4.304404e-05	-1.309952e-04	 0.000000e+00	 1.285579e-05	 3.954536e-05	-8.019964e-05	 0.000000e+00	
62:	 5.241769e-06	 6.549253e-05	-1.247173e-04	 0.000000e+00	 1.952427e-06	 5.771515e-05	-9.534739e-05	 0.000000e+00	-1.336914e-06	 5.289242e-05	-6.903151e-05	 0.000000e+00	 1.082650e-05	 5.302418e-05	-9.697615e-05	 0.000000e+00	 5.091280e-06	 4.996798e-05	-7.271534e-05	 0.000000e+00	-6.439361e-07	 4.796605e-05	-4.979818e-05	 0.000000e+00	 7.296636e-06	 4.055583e-05	-6.292643e-05	 0.000000e+00	 1.018067e-06	 4.222080e-05	-4.588860e-05	 0.000000e+00	-5.260501e-06	 4.303967e-05	-2.848407e-05	 0.000000e+00	
63:	-3.062730e-06	 5.134563e-05	-5.727413e-05	 0.000000e+00	-5.704141e-06	 4.932536e-05	-4.181333e-05	 0.000000e+00	-8.345552e-06	 4.789338e-05	-2.728021e-05	 0.000000e+00	-3.295124e-06	 4.726021e-05	-3.976383e-05	 0.000000e+00	-6.670691e-06	 4.643913e-05	-2.758395e-05	 0.000000e+00	-1.004626e-05	 4.605662e-05	-1.579638e-05	 0.000000e+00	-8.110142e-06	 4.317479e-05	-2.083634e-05	 0.000000e+00	-1.162434e-05	 4.355289e-05	-1.210391e-05	 0.000000e+00	-1.513854e-05	 4.421986e-05	-3.228417e-06	 0.000000e+00	
64:	-9.700491e-06	 4.731371e-05	-2.062853e-05	 0.000000e+00	-1.171532e-05	 4.649284e-05	-1.190398e-05	 0.000000e+00	-1.373015e-05	 4.585626e-05	-3.488661e-06	 0.000000e+00	-1.161954e-05	 4.601242e-05	-1.064904e-05	 0.000000e+00	-1.365055e-05	 4.588476e-05	-4.313786e-06	 0.000000e+00	-1.568157e-05	 4.564069e-05	 2.301591e-06	 0.000000e+00	-1.656612e-05	 4.471113e-05	 2.687793e-07	 0.000000e+00	-1.795775e-05	 4.527667e-05	 3.880266e-06	 0.000000e+00	-1.934939e-05	 4.542512e-05	 8.361214e-06	 0.000000e+00	
65:	-1.458440e-05	 4.555475e-05	 2.157724e-08	 0.000000e+00	-1.550519e-05	 4.491337e-05	 3.919448e-06	 0.000000e+00	-1.642598e-05	 4.408162e-05	 7.895848e-06	 0.000000e+00	-1.647242e-05	 4.544372e-05	 4.956078e-06	 0.000000e+00	-1.715918e-05	 4.499065e-05	 7.502938e-06	 0.000000e+00	-1.784593e-05	 4.438975e-05	 1.039206e-05	 0.000000e+00	-1.980072e-05	 4.533269e-05	 1.007639e-05	 0.000000e+00	-1.996006e-05	 4.506793e-05	 1.131955e-05	 0.000000e+00	-2.011941e-05	 4.469788e-05	 1.316872e-05	 0.000000e+00	
66:	-1.672247e-05	 4.350825e-05	 9.204718e-06	 0.000000e+00	-1.682054e-05	 4.234398e-05	 9.754784e-06	 0.000000e+00	-1.691861e-05	 4.094968e-05	 1.042760e-05	 0.000000e+00	-1.800976e-05	 4.396862e-05	 1.116559e-05	 0.000000e+00	-1.788599e-05	 4.307093e-05	 1.089198e-05	 0.000000e+00	-1.776223e-05	 4.194585e-05	 1.089447e-05	 0.000000e+00	-2.001557e-05	 4.442900e-05	 1.342153e-05	 0.000000e+00	-1.949939e-05	 4.379789e-05	 1.232717e-05	 0.000000e+00	-1.898320e-05	 4.294202e-05	 1.166226e-05	 0.000000e+00	
67:	-1.676152e-05	 4.002506e-05	 9.673276e-06	 0.000000e+00	-1.612360e-05	 3.813118e-05	 6.242638e-06	 0.000000e+00	-1.548567e-05	 3.583576e-05	 2.678223e-06	 0.000000e+00	-1.756465e-05	 4.119353e-05	 9.818703e-06	 0.000000e+00	-1.700943e-05	 3.984216e-05	 5.931501e-06	 0.000000e+00	-1.645421e-05	 3.843212e-05	 2.029380e-06	 0.000000e+00	-1.865702e-05	 4.236200e-05	 1.037690e-05	 0.000000e+00	-1.805229e-05	 4.155314e-05	 6.414529e-06	 0.000000e+00	-1.744756e-05	 4.102849e-05	 2.556102e-06	 0.000000e+00	
68:	 3.641118e-05	 2.016444e-04	-4.526310e-04	 0.000000e+00	 4.508645e-05	 1.002267e-04	-3.181027e-04	 0.000000e+00	 5.376172e-05	 5.035914e-05	-2.064364e-04	 0.000000e+00	 7.152931e-05	 1.325675e-04	-3.303688e-04	 0.000000e+00	 5.640138e-05	 6.533664e-05	-2.044300e-04	 0.000000e+00	 4.127345e-05	 3.862562e-05	-9.842669e-05	 0.000000e+00	 3.850392e-05	 6.349068e-05	-1.639437e-04	 0.000000e+00	 2.828181e-06	 3.044661e-05	-5.886406e-05	 0.000000e+00	-3.284756e-05	 2.689210e-05	 2.920656e-05	 0.000000e+00	
69:	 5.024823e-05	 4.308934e-05	-1.605419e-04	 0.000000e+00	 2.949887e-05	 3.780849e-05	-1.052977e-04	 0.000000e+00	 8.749509e-06	 3.734531e-05	-5.867224e-05	 0.000000e+00	 3.091973e-05	 3.994023e-05	-6.827032e-05	 0.000000e+00	 1.046719e-05	 4.382977e-05	-5.186530e-05	 0.000000e+00	-9.985346e-06	 4.588562e-05	-2.630791e-05	 0.000000e+00	-4.334187e-05	 3.679112e-05	 3.790134e-05	 0.000000e+00	-4.372976e-05	 4.985105e-05	 8.068518e-06	 0.000000e+00	-4.411764e-05	 5.442593e-05	 5.159160e-06	 0.000000e+00	
70:	 1.042518e-06	 3.904506e-05	-4.348795e-05	 0.000000e+00	-4.693129e-06	 4.156093e-05	-3.155667e-05	 0.000000e+00	-1.042878e-05	 4.302536e-05	-1.836634e-05	 0.000000e+00	-1.697894e-05	 4.632167e-05	-1.652898e-05	 0.000000e+00	-2.055981e-05	 4.704045e-05	-1.270091e-05	 0.000000e+00	-2.414068e-05	 4.790257e-05	-6.257646e-06	 0.000000e+00	-4.420653e-05	 5.359828e-05	 7.766480e-06	 0.000000e+00	-4.412410e-05	 5.251997e-05	 4.820346e-06	 0.000000e+00	-4.404167e-05	 5.277978e-05	 5.845561e-06	 0.000000e+00	
71:	-1.305267e-05	 4.344199e-05	-1.251258e-05	 0.000000e+00	-1.633400e-05	 4.414682e-05	-5.948597e-06	 0.000000e+00	-1.961533e-05	 4.494277e-05	 1.313465e-06	 0.000000e+00	-2.568954e-05	 4.844565e-05	-3.614915e-06	 0.000000e+00	-2.743129e-05	 4.907409e-05	-1.328337e-06	 0.000000e+00	-2.917303e-05	 4.926379e-05	 3.028303e-06	 0.000000e+00	-4.363241e-05	 5.344931e-05	 5.492483e-06	 0.000000e+00	-4.230844e-05	 5.400137e-05	 2.912252e-06	 0.000000e+00	-4.098447e-05	 5.358480e-05	 3.774062e-06	 0.000000e+00	
72:	-2.078295e-05	 4.542595e-05	 3.986320e-06	 0.000000e+00	-2.151413e-05	 4.595502e-05	 6.187946e-06	 0.000000e+00	-2.224531e-05	 4.605558e-05	 9.519017e-06	 0.000000e+00	-2.947783e-05	 4.918371e-05	 4.556489e-06	 0.000000e+00	-2.878353e-05	 4.889424e-05	 5.040574e-06	 0.000000e+00	-2.808923e-05	 4.843774e-05	 6.958191e-06	 0.000000e+00	-3.988393e-05	 5.294147e-05	 4.070708e-06	 0.000000e+00	-3.742589e-05	 5.183345e-05	 3.128120e-06	 0.000000e+00	-3.496786e-05	 5.081990e-05	 3.923155e-06	 0.000000e+00	
73:	-2.237518e-05	 4.593106e-05	 1.075001e-05	 0.000000e+00	-2.209031e-05	 4.561938e-05	 1.141930e-05	 0.000000e+00	-2.180544e-05	 4.521504e-05	 1.286179e-05	 0.000000e+00	-2.750370e-05	 4.809836e-05	 7.573380e-06	 0.000000e+00	-2.618584e-05	 4.743714e-05	 7.544288e-06	 0.000000e+00	-2.486797e-05	 4.668412e-05	 8.599290e-06	 0.000000e+00	-3.346787e-05	 5.026566e-05	 4.007456e-06	 0.000000e+00	-3.077119e-05	 4.925490e-05	 3.280941e-06	 0.000000e+00	-2.807452e-05	 4.815320e-05	 3.949401e-06	 0.000000e+00	
74:	-2.148194e-05	 4.493328e-05	 1.293039e-05	 0.000000e+00	-2.065510e-05	 4.431163e-05	 1.157424e-05	 0.000000e+00	-1.982826e-05	 4.350790e-05	 1.075989e-05	 0.000000e+00	-2.403083e-05	 4.620589e-05	 8.576392e-06	 0.000000e+00	-2.247188e-05	 4.535015e-05	 7.242881e-06	 0.000000e+00	-2.091292e-05	 4.445635e-05	 6.683897e-06	 0.000000e+00	-2.654778e-05	 4.747849e-05	 3.881908e-06	 0.000000e+00	-2.399784e-05	 4.638867e-05	 2.731238e-06	 0.000000e+00	-2.144789e-05	 4.540480e-05	 2.587818e-06	 0.000000e+00	
75:	-1.938780e-05	 4.298129e-05	 9.544478e-06	 0.000000e+00	-1.870098e-05	 4.235616e-05	 5.913767e-06	 0.000000e+00	-1.801417e-05	 4.213892e-05	 2.409228e-06	 0.000000e+00	-2.022545e-05	 4.394100e-05	 5.893541e-06	 0.000000e+00	-1.942190e-05	 4.340473e-05	 3.290547e-06	 0.000000e+00	-1.861836e-05	 4.335853e-05	 7.712621e-07	 0.000000e+00	-2.045182e-05	 4.490072e-05	 2.295739e-06	 0.000000e+00	-1.957878e-05	 4.445331e-05	 8.118779e-07	 0.000000e+00	-1.870574e-05	 4.457815e-05	-6.307390e-07	 0.000000e+00	
76:	-1.658827e-04	 2.607005e-04	-3.254795e-04	 0.000000e+00	-1.681554e-04	 2.796062e-04	-2.258996e-04	 0.000000e+00	-1.704281e-04	 2.887803e-04	-1.266517e-04	 0.000000e+00	-1.426840e-04	 2.150564e-04	-1.485958e-04	 0.000000e+00	-1.474646e-04	 2.263339e-04	-1.381261e-04	 0.000000e+00	-1.522453e-04	 2.329309e-04	-1.277299e-04	 0.000000e+00	-1.202881e-04	 1.694123e-04	-9.736278e-05	 0.000000e+00	-1.243778e-04	 1.730617e-04	-1.134981e-04	 0.000000e+00	-1.284675e-04	 1.770815e-04	-1.294484e-04	 0.000000e+00	
77:	-1.080584e-04	 1.569315e-04	-1.020798e-04	 0.000000e+00	-1.104713e-04	 1.582827e-04	-1.083891e-04	 0.000000e+00	-1.128841e-04	 1.611844e-04	-1.144729e-04	 0.000000e+00	-9.505740e-05	 1.596852e-04	-8.659258e-05	 0.000000e+00	-9.541649e-05	 1.607669e-04	-8.082834e-05	 0.000000e+00	-9.577558e-05	 1.624037e-04	-7.495778e-05	 0.000000e+00	-9.313095e-05	 1.624389e-04	-6.828139e-05	 0.000000e+00	-9.291228e-05	 1.632512e-04	-6.276196e-05	 0.000000e+00	-9.269361e-05	 1.636230e-04	-5.725547e-05	 0.000000e+00	
78:	-9.651978e-05	 1.651371e-04	-5.906526e-05	 0.000000e+00	-9.656416e-05	 1.657416e-04	-5.828342e-05	 0.000000e+00	-9.660853e-05	 1.657301e-04	-5.753941e-05	 0.000000e+00	-1.011250e-04	 1.716556e-04	-5.264102e-05	 0.000000e+00	-1.014285e-04	 1.718159e-04	-5.681550e-05	 0.000000e+00	-1.017319e-04	 1.717516e-04	-6.099402e-05	 0.000000e+00	-1.029133e-04	 1.781741e-04	-5.413760e-05	 0.000000e+00	-1.030577e-04	 1.778901e-04	-5.842236e-05	 0.000000e+00	-1.032021e-04	 1.777732e-04	-6.267738e-05	 0.000000e+00	
79:	-1.028666e-04	 1.824362e-04	-5.808733e-05	 0.000000e+00	-1.027509e-04	 1.820020e-04	-6.062039e-05	 0.000000e+00	-1.026352e-04	 1.818007e-04	-6.311791e-05	 0.000000e+00	-1.041075e-04	 1.905643e-04	-6.496474e-05	 0.000000e+00	-1.036383e-04	 1.900582e-04	-6.581706e-05	 0.000000e+00	-1.031690e-04	 1.896196e-04	-6.664777e-05	 0.000000e+00	-1.074734e-04	 1.986924e-04	-7.170834e-05	 0.000000e+00	-1.068228e-04	 1.981144e-04	-7.292669e-05	 0.000000e+00	-1.061721e-04	 1.974386e-04	-7.413734e-05	 0.000000e+00	
80:	-1.101938e-04	 2.040869e-04	-7.648414e-05	 0.000000e+00	-1.094982e-04	 2.032875e-04	-7.861900e-05	 0.000000e+00	-1.088025e-04	 2.023570e-04	-8.074386e-05	 0.000000e+00	-1.128728e-04	 2.144969e-04	-9.194248e-05	 0.000000e+00	-1.119183e-04	 2.130089e-04	-9.513528e-05	 0.000000e+00	-1.109638e-04	 2.114402e-04	-9.829627e-05	 0.000000e+00	-1.125583e-04	 2.249069e-04	-1.162368e-04	 0.000000e+00	-1.110750e-04	 2.227302e-04	-1.198610e-04	 0.000000e+00	-1.095918e-04	 2.205235e-04	-1.234316e-04	 0.000000e+00	
81:	-1.113288e-04	 2.327597e-04	-1.328638e-04	 0.000000e+00	-1.094427e-04	 2.303115e-04	-1.366580e-04	 0.000000e+00	-1.075566e-04	 2.278544e-04	-1.404022e-04	 0.000000e+00	-1.124733e-04	 2.493359e-04	-1.620432e-04	 0.000000e+00	-1.101772e-04	 2.466434e-04	-1.662207e-04	 0.000000e+00	-1.078811e-04	 2.439637e-04	-1.703820e-04	 0.000000e+00	-1.184555e-04	 2.659122e-04	-1.943810e-04	 0.000000e+00	-1.161697e-04	 2.629753e-04	-1.986720e-04	 0.000000e+00	-1.138838e-04	 2.600731e-04	-2.029809e-04	 0.000000e+00	
82:	-1.226089e-04	 2.735346e-04	-2.185684e-04	 0.000000e+00	-1.203890e-04	 2.693686e-04	-2.220165e-04	 0.000000e+00	-1.181692e-04	 2.651857e-04	-2.254280e-04	 0.000000e+00	-1.071888e-04	 2.831528e-04	-2.983030e-04	 0.000000e+00	-1.031502e-04	 2.750074e-04	-3.005080e-04	 0.000000e+00	-9.911156e-05	 2.666456e-04	-3.024556e-04	 0.000000e+00	-5.987331e-05	 2.927710e-04	-4.260487e-04	 0.000000e+00	-5.128345e-05	 2.806462e-04	-4.294788e-04	 0.000000e+00	-4.269359e-05	 2.681055e-04	-4.324306e-04	 0.000000e+00	
83:	-1.958253e-05	 2.754290e-04	-4.465095e-04	 0.000000e+00	-7.719296e-06	 2.601328e-04	-4.515256e-04	 0.000000e+00	 4.143939e-06	 2.451435e-04	-4.562867e-04	 0.000000e+00	 4.214687e-05	 2.062152e-04	-4.240749e-04	 0.000000e+00	 5.105221e-05	 1.839998e-04	-4.102864e-04	 0.000000e+00	 5.995755e-05	 1.647750e-04	-3.972308e-04	 0.000000e+00	 9.020352e-05	 1.370015e-04	-5.038701e-04	 0.000000e+00	 8.392513e-05	 1.078669e-04	-4.380671e-04	 0.000000e+00	 7.764675e-05	 8.440654e-05	-3.739852e-04	 0.000000e+00	
84:	-1.069126e-04	 1.848812e-04	-3.902113e-04	 0.000000e+00	-1.285826e-04	 2.142900e-04	-3.915249e-04	 0.000000e+00	-1.502525e-04	 2.444525e-04	-3.915742e-04	 0.000000e+00	-1.191309e-04	 1.727427e-04	-1.651498e-04	 0.000000e+00	-1.281896e-04	 1.892734e-04	-1.595055e-04	 0.000000e+00	-1.372483e-04	 2.059942e-04	-1.530875e-04	 0.000000e+00	-1.144663e-04	 1.606042e-04	-9.596946e-05	 0.000000e+00	-1.169863e-04	 1.642567e-04	-9.034012e-05	 0.000000e+00	-1.195062e-04	 1.675358e-04	-8.442775e-05	 0.000000e+00	
85:	-1.050791e-04	 1.573483e-04	-1.016381e-04	 0.000000e+00	-1.063708e-04	 1.574139e-04	-9.932948e-05	 0.000000e+00	-1.076625e-04	 1.570270e-04	-9.690220e-05	 0.000000e+00	-9.425043e-05	 1.582978e-04	-8.643438e-05	 0.000000e+00	-9.453099e-05	 1.589153e-04	-8.869175e-05	 0.000000e+00	-9.481155e-05	 1.593720e-04	-9.090441e-05	 0.000000e+00	-9.251190e-05	 1.592473e-04	-6.620599e-05	 0.000000e+00	-9.269701e-05	 1.604167e-04	-6.941992e-05	 0.000000e+00	-9.288212e-05	 1.617169e-04	-7.266312e-05	 0.000000e+00	
86:	-9.524185e-05	 1.620228e-04	-5.571049e-05	 0.000000e+00	-9.572762e-05	 1.631429e-04	-5.778433e-05	 0.000000e+00	-9.621339e-05	 1.644365e-04	-5.989424e-05	 0.000000e+00	-9.960946e-05	 1.706110e-04	-4.829480e-05	 0.000000e+00	-1.002280e-04	 1.710100e-04	-4.898437e-05	 0.000000e+00	-1.008466e-04	 1.714372e-04	-4.965934e-05	 0.000000e+00	-1.026065e-04	 1.791993e-04	-4.890424e-05	 0.000000e+00	-1.027307e-04	 1.788771e-04	-5.000708e-05	 0.000000e+00	-1.028550e-04	 1.784379e-04	-5.104464e-05	 0.000000e+00	
87:	-1.037997e-04	 1.840419e-04	-5.222781e-05	 0.000000e+00	-1.034041e-04	 1.834953e-04	-5.431903e-05	 0.000000e+00	-1.030084e-04	 1.828247e-04	-5.634685e-05	 0.000000e+00	-1.061223e-04	 1.920955e-04	-5.874632e-05	 0.000000e+00	-1.052956e-04	 1.914986e-04	-6.169055e-05	 0.000000e+00	-1.044689e-04	 1.908992e-04	-6.462851e-05	 0.000000e+00	-1.089630e-04	 2.001491e-04	-6.663859e-05	 0.000000e+00	-1.084123e-04	 1.995019e-04	-6.893312e-05	 0.000000e+00	-1.078615e-04	 1.989736e-04	-7.127853e-05	 0.000000e+00	
88:	-1.108207e-04	 2.059474e-04	-7.268927e-05	 0.000000e+00	-1.106751e-04	 2.051678e-04	-7.405136e-05	 0.000000e+00	-1.105295e-04	 2.044785e-04	-7.545261e-05	 0.000000e+00	-1.138444e-04	 2.178194e-04	-8.705714e-05	 0.000000e+00	-1.135811e-04	 2.166352e-04	-8.859101e-05	 0.000000e+00	-1.133178e-04	 2.153214e-04	-9.006670e-05	 0.000000e+00	-1.165814e-04	 2.296915e-04	-1.050715e-04	 0.000000e+00	-1.149956e-04	 2.281027e-04	-1.094982e-04	 0.000000e+00	-1.134098e-04	 2.261644e-04	-1.137695e-04	 0.000000e+00	
89:	-1.180581e-04	 2.384690e-04	-1.161148e-04	 0.000000e+00	-1.152894e-04	 2.364671e-04	-1.231680e-04	 0.000000e+00	-1.125207e-04	 2.341865e-04	-1.300874e-04	 0.000000e+00	-1.206350e-04	 2.567607e-04	-1.436546e-04	 0.000000e+00	-1.172796e-04	 2.537438e-04	-1.513840e-04	 0.000000e+00	-1.139242e-04	 2.509114e-04	-1.591522e-04	 0.000000e+00	-1.232960e-04	 2.750524e-04	-1.866205e-04	 0.000000e+00	-1.214888e-04	 2.710206e-04	-1.892942e-04	 0.000000e+00	-1.196816e-04	 2.676364e-04	-1.921792e-04	 0.000000e+00	
90:	-1.241434e-04	 2.851986e-04	-2.223889e-04	 0.000000e+00	-1.238690e-04	 2.803605e-04	-2.198585e-04	 0.000000e+00	-1.235945e-04	 2.759478e-04	-2.174448e-04	 0.000000e+00	-1.131122e-04	 3.017741e-04	-3.015098e-04	 0.000000e+00	-1.112040e-04	 2.951801e-04	-2.996502e-04	 0.000000e+00	-1.092958e-04	 2.877849e-04	-2.974098e-04	 0.000000e+00	-8.468662e-05	 3.183496e-04	-3.947692e-04	 0.000000e+00	-7.498700e-05	 3.099997e-04	-4.087612e-04	 0.000000e+00	-6.528738e-05	 2.996219e-04	-4.218747e-04	 0.000000e+00	
91:	-5.964604e-05	 3.141087e-04	-3.872584e-04	 0.000000e+00	-4.356374e-05	 2.996159e-04	-4.137080e-04	 0.000000e+00	-2.748144e-05	 2.844685e-04	-4.395376e-04	 0.000000e+00	 5.446355e-06	 2.829592e-04	-4.374112e-04	 0.000000e+00	 2.063109e-05	 2.491125e-04	-4.335235e-04	 0.000000e+00	 3.581582e-05	 2.205571e-04	-4.304010e-04	 0.000000e+00	 9.949974e-05	 2.518098e-04	-7.638620e-04	 0.000000e+00	 9.664438e-05	 1.986090e-04	-6.560542e-04	 0.000000e+00	 9.378903e-05	 1.566456e-04	-5.503969e-04	 0.000000e+00	
92:	-1.290891e-04	 5.026611e-05	-3.338753e-06	 0.000000e+00	-1.277730e-04	 5.047743e-05	-1.604394e-05	 0.000000e+00	-1.264568e-04	 5.105267e-05	-2.915135e-05	 0.000000e+00	-6.330969e-05	 6.782497e-05	-5.273376e-06	 0.000000e+00	-6.369480e-05	 6.852352e-05	-2.343295e-05	 0.000000e+00	-6.407991e-05	 7.015211e-05	-4.180894e-05	 0.000000e+00	-4.761148e-05	 8.538383e-05	-6.085124e-06	 0.000000e+00	-4.867602e-05	 8.656960e-05	-2.658538e-05	 0.000000e+00	-4.974056e-05	 8.925155e-05	-4.711627e-05	 0.000000e+00	
93:	-1.250185e-04	 5.158398e-05	-3.790136e-05	 0.000000e+00	-1.213921e-04	 5.327657e-05	-5.541837e-05	 0.000000e+00	-1.177657e-04	 5.601783e-05	-7.419751e-05	 0.000000e+00	-6.466501e-05	 7.154517e-05	-5.265058e-05	 0.000000e+00	-6.629057e-05	 7.496435e-05	-7.181016e-05	 0.000000e+00	-6.791613e-05	 7.971720e-05	-9.161741e-05	 0.000000e+00	-5.106825e-05	 9.150636e-05	-5.868732e-05	 0.000000e+00	-5.456631e-05	 9.665213e-05	-7.792194e-05	 0.000000e+00	-5.806437e-05	 1.034166e-04	-9.718978e-05	 0.000000e+00	
94:	-1.146223e-04	 5.825240e-05	-8.953554e-05	 0.000000e+00	-1.074463e-04	 6.557522e-05	-1.245356e-04	 0.000000e+00	-1.002703e-04	 7.764152e-05	-1.624559e-04	 0.000000e+00	-6.971868e-05	 8.317148e-05	-1.028711e-04	 0.000000e+00	-7.428760e-05	 9.142067e-05	-1.221910e-04	 0.000000e+00	-7.885652e-05	 1.027563e-04	-1.428616e-04	 0.000000e+00	-6.131783e-05	 1.080906e-04	-1.065550e-04	 0.000000e+00	-6.900025e-05	 1.172661e-04	-1.193080e-04	 0.000000e+00	-7.668268e-05	 1.278712e-04	-1.318425e-04	 0.000000e+00	
95:	-9.833786e-05	 8.732733e-05	-1.946243e-04	 0.000000e+00	-9.887319e-05	 1.158597e-04	-2.675602e-04	 0.000000e+00	-9.940851e-05	 1.604656e-04	-3.438959e-04	 0.000000e+00	-8.394797e-05	 1.109710e-04	-1.514566e-04	 0.000000e+00	-9.687581e-05	 1.308611e-04	-1.601651e-04	 0.000000e+00	-1.098037e-04	 1.584796e-04	-1.699801e-04	 0.000000e+00	-8.261601e-05	 1.346146e-04	-1.328723e-04	 0.000000e+00	-9.532345e-05	 1.458625e-04	-1.232517e-04	 0.000000e+00	-1.080309e-04	 1.564935e-04	-1.124445e-04	 0.000000e+00	
96:	-5.911935e-05	 9.845990e-05	-5.254819e-06	 0.000000e+00	-6.014684e-05	 9.963609e-05	-2.297842e-05	 0.000000e+00	-6.117432e-05	 1.022837e-04	-4.067194e-05	 0.000000e+00	-7.760893e-05	 1.258368e-04	-3.005365e-06	 0.000000e+00	-7.840788e-05	 1.264929e-04	-1.316772e-05	 0.000000e+00	-7.920682e-05	 1.279693e-04	-2.327707e-05	 0.000000e+00	-8.923858e-05	 1.532137e-04	-1.826120e-06	 0.000000e+00	-8.968293e-05	 1.533497e-04	-8.008158e-06	 0.000000e+00	-9.012728e-05	 1.536549e-04	-1.411427e-05	 0.000000e+00	
97:	-6.239527e-05	 1.045028e-04	-5.050684e-05	 0.000000e+00	-6.556357e-05	 1.094919e-04	-6.653082e-05	 0.000000e+00	-6.873186e-05	 1.159697e-04	-8.240061e-05	 0.000000e+00	-8.009085e-05	 1.292036e-04	-2.872409e-05	 0.000000e+00	-8.232987e-05	 1.319278e-04	-3.724900e-05	 0.000000e+00	-8.456890e-05	 1.354091e-04	-4.559016e-05	 0.000000e+00	-9.059039e-05	 1.539044e-04	-1.738639e-05	 0.000000e+00	-9.173753e-05	 1.543637e-04	-2.243622e-05	 0.000000e+00	-9.288466e-05	 1.548484e-04	-2.727275e-05	 0.000000e+00	
98:	-7.137845e-05	 1.203967e-04	-9.024385e-05	 0.000000e+00	-7.730515e-05	 1.287002e-04	-1.010234e-04	 0.000000e+00	-8.323186e-05	 1.378231e-04	-1.111781e-04	 0.000000e+00	-8.608333e-05	 1.377677e-04	-4.988443e-05	 0.000000e+00	-8.904864e-05	 1.421481e-04	-5.612735e-05	 0.000000e+00	-9.201395e-05	 1.469082e-04	-6.191832e-05	 0.000000e+00	-9.349645e-05	 1.551386e-04	-2.989275e-05	 0.000000e+00	-9.445172e-05	 1.555960e-04	-3.401748e-05	 0.000000e+00	-9.540698e-05	 1.559933e-04	-3.786322e-05	 0.000000e+00	
99:	-8.714007e-05	 1.433656e-04	-1.137638e-04	 0.000000e+00	-9.464390e-05	 1.510920e-04	-1.118607e-04	 0.000000e+00	-1.021477e-04	 1.562336e-04	-1.083497e-04	 0.000000e+00	-9.316417e-05	 1.497948e-04	-6.590310e-05	 0.000000e+00	-9.415158e-05	 1.540620e-04	-7.360579e-05	 0.000000e+00	-9.513898e-05	 1.573264e-04	-8.054670e-05	 0.000000e+00	-9.543012e-05	 1.562239e-04	-4.141870e-05	 0.000000e+00	-9.455437e-05	 1.570319e-04	-5.002581e-05	 0.000000e+00	-9.367863e-05	 1.584192e-04	-5.871719e-05	 0.000000e+00	
100:	-9.309127e-05	 1.634127e-04	-1.673286e-06	 0.000000e+00	-9.328643e-05	 1.634009e-04	-7.344602e-06	 0.000000e+00	-9.348158e-05	 1.633732e-04	-1.294565e-05	 0.000000e+00	-9.839602e-05	 1.710843e-04	-1.618163e-06	 0.000000e+00	-9.832117e-05	 1.710850e-04	-7.151174e-06	 0.000000e+00	-9.824632e-05	 1.710845e-04	-1.265628e-05	 0.000000e+00	-1.025646e-04	 1.787559e-04	-1.534628e-06	 0.000000e+00	-1.024527e-04	 1.787691e-04	-6.848688e-06	 0.000000e+00	-1.023408e-04	 1.787958e-04	-1.217720e-05	 0.000000e+00	
101:	-9.367540e-05	 1.633438e-04	-1.607167e-05	 0.000000e+00	-9.414631e-05	 1.631790e-04	-2.113724e-05	 0.000000e+00	-9.461722e-05	 1.628566e-04	-2.601490e-05	 0.000000e+00	-9.815436e-05	 1.710814e-04	-1.590526e-05	 0.000000e+00	-9.791323e-05	 1.710366e-04	-2.153745e-05	 0.000000e+00	-9.767209e-05	 1.709372e-04	-2.709861e-05	 0.000000e+00	-1.022180e-04	 1.788189e-04	-1.536111e-05	 0.000000e+00	-1.019076e-04	 1.788943e-04	-2.099437e-05	 0.000000e+00	-1.015972e-04	 1.790177e-04	-2.667348e-05	 0.000000e+00	
102:	-9.481723e-05	 1.625962e-04	-2.869490e-05	 0.000000e+00	-9.503367e-05	 1.620199e-04	-3.302760e-05	 0.000000e+00	-9.525010e-05	 1.612803e-04	-3.717329e-05	 0.000000e+00	-9.748012e-05	 1.708531e-04	-3.025526e-05	 0.000000e+00	-9.706155e-05	 1.706480e-04	-3.555944e-05	 0.000000e+00	-9.664298e-05	 1.703641e-04	-4.081970e-05	 0.000000e+00	-1.014293e-04	 1.791099e-04	-3.000684e-05	 0.000000e+00	-1.011628e-04	 1.792760e-04	-3.581722e-05	 0.000000e+00	-1.008963e-04	 1.794479e-04	-4.172680e-05	 0.000000e+00	
103:	-9.529416e-05	 1.608189e-04	-3.998560e-05	 0.000000e+00	-9.522912e-05	 1.606473e-04	-4.579800e-05	 0.000000e+00	-9.516409e-05	 1.613572e-04	-5.187830e-05	 0.000000e+00	-9.675891e-05	 1.701803e-04	-4.316147e-05	 0.000000e+00	-9.757588e-05	 1.701016e-04	-4.601111e-05	 0.000000e+00	-9.839284e-05	 1.703612e-04	-4.891359e-05	 0.000000e+00	-1.009689e-04	 1.795417e-04	-4.433220e-05	 0.000000e+00	-1.014851e-04	 1.795559e-04	-4.720732e-05	 0.000000e+00	-1.020013e-04	 1.793651e-04	-4.992022e-05	 0.000000e+00	
104:	-1.045876e-04	 1.844637e-04	-1.526061e-06	 0.000000e+00	-1.045449e-04	 1.844580e-04	-6.840102e-06	 0.000000e+00	-1.045021e-04	 1.844432e-04	-1.217245e-05	 0.000000e+00	-1.092025e-04	 1.964071e-04	-1.710882e-06	 0.000000e+00	-1.091804e-04	 1.963237e-04	-7.622669e-06	 0.000000e+00	-1.091582e-04	 1.961391e-04	-1.352365e-05	 0.000000e+00	-1.155179e-04	 2.083505e-04	-2.069811e-06	 0.000000e+00	-1.153562e-04	 2.081894e-04	-9.085624e-06	 0.000000e+00	-1.151945e-04	 2.078351e-04	-1.606151e-05	 0.000000e+00	
105:	-1.044599e-04	 1.844328e-04	-1.531110e-05	 0.000000e+00	-1.043577e-04	 1.844488e-04	-2.078815e-05	 0.000000e+00	-1.042556e-04	 1.845128e-04	-2.631982e-05	 0.000000e+00	-1.091400e-04	 1.959871e-04	-1.689483e-05	 0.000000e+00	-1.090997e-04	 1.956790e-04	-2.256513e-05	 0.000000e+00	-1.090593e-04	 1.953158e-04	-2.820328e-05	 0.000000e+00	-1.150149e-04	 2.075414e-04	-1.997757e-05	 0.000000e+00	-1.145592e-04	 2.069092e-04	-2.640821e-05	 0.000000e+00	-1.141036e-04	 2.061188e-04	-3.271996e-05	 0.000000e+00	
106:	-1.042584e-04	 1.845712e-04	-2.960782e-05	 0.000000e+00	-1.043702e-04	 1.846940e-04	-3.539939e-05	 0.000000e+00	-1.044819e-04	 1.848432e-04	-4.128286e-05	 0.000000e+00	-1.090926e-04	 1.950819e-04	-3.147331e-05	 0.000000e+00	-1.092474e-04	 1.946849e-04	-3.704408e-05	 0.000000e+00	-1.094022e-04	 1.943002e-04	-4.253860e-05	 0.000000e+00	-1.137594e-04	 2.055926e-04	-3.615947e-05	 0.000000e+00	-1.130324e-04	 2.046757e-04	-4.158652e-05	 0.000000e+00	-1.123053e-04	 2.037571e-04	-4.676916e-05	 0.000000e+00	
107:	-1.044770e-04	 1.849264e-04	-4.418773e-05	 0.000000e+00	-1.043482e-04	 1.848228e-04	-4.810216e-05	 0.000000e+00	-1.042194e-04	 1.843734e-04	-5.182240e-05	 0.000000e+00	-1.091831e-04	 1.940693e-04	-4.568785e-05	 0.000000e+00	-1.082754e-04	 1.934680e-04	-5.100742e-05	 0.000000e+00	-1.073676e-04	 1.925807e-04	-5.623793e-05	 0.000000e+00	-1.117712e-04	 2.032122e-04	-5.008960e-05	 0.000000e+00	-1.106627e-04	 2.021133e-04	-5.648577e-05	 0.000000e+00	-1.095542e-04	 2.007880e-04	-6.289801e-05	 0.000000e+00	
108:	-1.198650e-04	 2.171144e-04	-2.312210e-06	 0.000000e+00	-1.195640e-04	 2.169183e-04	-1.006883e-05	 0.000000e+00	-1.192630e-04	 2.164825e-04	-1.778805e-05	 0.000000e+00	-1.267934e-04	 2.352882e-04	-2.704090e-06	 0.000000e+00	-1.263906e-04	 2.350496e-04	-1.181737e-05	 0.000000e+00	-1.259877e-04	 2.345031e-04	-2.093101e-05	 0.000000e+00	-1.327963e-04	 2.534620e-04	-3.142746e-06	 0.000000e+00	-1.324994e-04	 2.531808e-04	-1.398710e-05	 0.000000e+00	-1.322025e-04	 2.525237e-04	-2.486961e-05	 0.000000e+00	
109:	-1.189216e-04	 2.161190e-04	-2.211170e-05	 0.000000e+00	-1.180495e-04	 2.153152e-04	-2.920170e-05	 0.000000e+00	-1.171774e-04	 2.142860e-04	-3.617842e-05	 0.000000e+00	-1.255203e-04	 2.340414e-04	-2.611115e-05	 0.000000e+00	-1.243168e-04	 2.329721e-04	-3.479410e-05	 0.000000e+00	-1.231134e-04	 2.315497e-04	-4.346983e-05	 0.000000e+00	-1.318392e-04	 2.519638e-04	-3.121963e-05	 0.000000e+00	-1.308878e-04	 2.506289e-04	-4.219810e-05	 0.000000e+00	-1.299364e-04	 2.488133e-04	-5.327543e-05	 0.000000e+00	
110:	-1.164645e-04	 2.135886e-04	-3.985726e-05	 0.000000e+00	-1.148870e-04	 2.123020e-04	-4.544641e-05	 0.000000e+00	-1.133095e-04	 2.109152e-04	-5.080388e-05	 0.000000e+00	-1.221030e-04	 2.305562e-04	-4.814765e-05	 0.000000e+00	-1.198341e-04	 2.285188e-04	-5.553909e-05	 0.000000e+00	-1.175652e-04	 2.260570e-04	-6.291079e-05	 0.000000e+00	-1.291373e-04	 2.475239e-04	-5.967566e-05	 0.000000e+00	-1.273426e-04	 2.447356e-04	-7.065292e-05	 0.000000e+00	-1.255480e-04	 2.411987e-04	-8.182237e-05	 0.000000e+00	
111:	-1.125525e-04	 2.100597e-04	-5.439027e-05	 0.000000e+00	-1.115287e-04	 2.084711e-04	-6.150462e-05	 0.000000e+00	-1.105049e-04	 2.067276e-04	-6.861537e-05	 0.000000e+00	-1.164631e-04	 2.244481e-04	-6.743043e-05	 0.000000e+00	-1.149446e-04	 2.216747e-04	-7.548937e-05	 0.000000e+00	-1.134261e-04	 2.189320e-04	-8.337204e-05	 0.000000e+00	-1.241635e-04	 2.388364e-04	-8.749723e-05	 0.000000e+00	-1.212006e-04	 2.348783e-04	-9.548006e-05	 0.000000e+00	-1.182377e-04	 2.311364e-04	-1.031139e-04	 0.000000e+00	
112:	-1.360577e-04	 2.652695e-04	-3.507352e-06	 0.000000e+00	-1.358841e-04	 2.649279e-04	-1.577879e-05	 0.000000e+00	-1.357105e-04	 2.641379e-04	-2.806786e-05	 0.000000e+00	-1.442186e-04	 2.876722e-04	-4.557654e-06	 0.000000e+00	-1.438441e-04	 2.871652e-04	-2.040202e-05	 0.000000e+00	-1.434696e-04	 2.860292e-04	-3.615572e-05	 0.000000e+00	-1.560332e-04	 3.100749e-04	-6.020328e-06	 0.000000e+00	-1.548622e-04	 3.094025e-04	-2.643147e-05	 0.000000e+00	-1.536912e-04	 3.079205e-04	-4.664365e-05	 0.000000e+00	
113:	-1.354776e-04	 2.634689e-04	-3.532245e-05	 0.000000e+00	-1.348509e-04	 2.619175e-04	-4.798296e-05	 0.000000e+00	-1.342242e-04	 2.598520e-04	-6.069096e-05	 0.000000e+00	-1.430281e-04	 2.850839e-04	-4.531979e-05	 0.000000e+00	-1.418854e-04	 2.830539e-04	-6.096509e-05	 0.000000e+00	-1.407428e-04	 2.805228e-04	-7.637528e-05	 0.000000e+00	-1.524155e-04	 3.066988e-04	-5.798544e-05	 0.000000e+00	-1.492026e-04	 3.041903e-04	-7.654349e-05	 0.000000e+00	-1.459897e-04	 3.011937e-04	-9.458383e-05	 0.000000e+00	
114:	-1.337131e-04	 2.584042e-04	-6.827906e-05	 0.000000e+00	-1.325835e-04	 2.553582e-04	-8.170153e-05	 0.000000e+00	-1.314539e-04	 2.515870e-04	-9.525515e-05	 0.000000e+00	-1.399540e-04	 2.788268e-04	-8.542430e-05	 0.000000e+00	-1.383862e-04	 2.756459e-04	-1.010752e-04	 0.000000e+00	-1.368183e-04	 2.721447e-04	-1.164356e-04	 0.000000e+00	-1.437961e-04	 2.992493e-04	-1.044248e-04	 0.000000e+00	-1.394707e-04	 2.959336e-04	-1.200773e-04	 0.000000e+00	-1.351453e-04	 2.927023e-04	-1.350176e-04	 0.000000e+00	
115:	-1.299242e-04	 2.490873e-04	-1.013912e-04	 0.000000e+00	-1.257969e-04	 2.447102e-04	-1.086410e-04	 0.000000e+00	-1.216697e-04	 2.402924e-04	-1.155833e-04	 0.000000e+00	-1.349210e-04	 2.699261e-04	-1.235439e-04	 0.000000e+00	-1.299688e-04	 2.652940e-04	-1.328036e-04	 0.000000e+00	-1.250167e-04	 2.595524e-04	-1.420710e-04	 0.000000e+00	-1.327099e-04	 2.907649e-04	-1.441606e-04	 0.000000e+00	-1.286659e-04	 2.858777e-04	-1.613079e-04	 0.000000e+00	-1.246219e-04	 2.788124e-04	-1.787779e-04	 0.000000e+00	
116:	-1.645639e-04	 3.399851e-04	-7.114554e-06	 0.000000e+00	-1.627138e-04	 3.389660e-04	-3.091236e-05	 0.000000e+00	-1.608637e-04	 3.366964e-04	-5.452145e-05	 0.000000e+00	-1.816506e-04	 4.203686e-04	-1.042024e-05	 0.000000e+00	-1.791574e-04	 4.183234e-04	-4.538553e-05	 0.000000e+00	-1.766641e-04	 4.136932e-04	-8.030566e-05	 0.000000e+00	-2.017489e-04	 5.007521e-04	-1.569997e-05	 0.000000e+00	-1.994020e-04	 4.976808e-04	-6.917216e-05	 0.000000e+00	-1.970550e-04	 4.906900e-04	-1.227427e-04	 0.000000e+00	
117:	-1.588707e-04	 3.348132e-04	-6.751952e-05	 0.000000e+00	-1.538719e-04	 3.308168e-04	-8.836808e-05	 0.000000e+00	-1.488731e-04	 3.258880e-04	-1.087024e-04	 0.000000e+00	-1.738968e-04	 4.098132e-04	-9.961447e-05	 0.000000e+00	-1.668799e-04	 4.011823e-04	-1.309363e-04	 0.000000e+00	-1.598630e-04	 3.900789e-04	-1.620385e-04	 0.000000e+00	-1.942144e-04	 4.848132e-04	-1.529631e-04	 0.000000e+00	-1.867998e-04	 4.715479e-04	-2.032296e-04	 0.000000e+00	-1.793851e-04	 4.542697e-04	-2.535710e-04	 0.000000e+00	
118:	-1.454213e-04	 3.226176e-04	-1.192730e-04	 0.000000e+00	-1.385580e-04	 3.167252e-04	-1.350870e-04	 0.000000e+00	-1.316948e-04	 3.105470e-04	-1.501117e-04	 0.000000e+00	-1.546862e-04	 3.825000e-04	-1.780805e-04	 0.000000e+00	-1.439131e-04	 3.678879e-04	-2.018400e-04	 0.000000e+00	-1.331399e-04	 3.513126e-04	-2.249670e-04	 0.000000e+00	-1.732058e-04	 4.423825e-04	-2.802340e-04	 0.000000e+00	-1.593851e-04	 4.190505e-04	-3.211644e-04	 0.000000e+00	-1.455645e-04	 3.920782e-04	-3.616191e-04	 0.000000e+00	
119:	-1.287815e-04	 3.067624e-04	-1.613526e-04	 0.000000e+00	-1.256332e-04	 2.990594e-04	-1.854460e-04	 0.000000e+00	-1.224848e-04	 2.897142e-04	-2.095073e-04	 0.000000e+00	-1.278093e-04	 3.408991e-04	-2.394233e-04	 0.000000e+00	-1.202636e-04	 3.237744e-04	-2.653720e-04	 0.000000e+00	-1.127179e-04	 3.079182e-04	-2.897539e-04	 0.000000e+00	-1.356113e-04	 3.750357e-04	-3.773169e-04	 0.000000e+00	-1.152277e-04	 3.484894e-04	-3.891128e-04	 0.000000e+00	-9.484407e-05	 3.261222e-04	-3.978071e-04	 0.000000e+00	
120:	-2.073153e-04	 5.240464e-04	-1.675133e-05	 0.000000e+00	-2.054384e-04	 5.210630e-04	-7.428752e-05	 0.000000e+00	-2.035616e-04	 5.142650e-04	-1.320325e-04	 0.000000e+00	-9.174105e-05	 5.237136e-04	-1.210370e-05	 0.000000e+00	-9.166194e-05	 5.220583e-04	-5.434395e-05	 0.000000e+00	-9.158282e-05	 5.182834e-04	-9.702909e-05	 0.000000e+00	 1.983662e-04	 5.233807e-04	-4.812113e-06	 0.000000e+00	 1.953492e-04	 5.230536e-04	-2.243437e-05	 0.000000e+00	 1.923323e-04	 5.223018e-04	-4.073759e-05	 0.000000e+00	
121:	-2.010535e-04	 5.085372e-04	-1.649219e-04	 0.000000e+00	-1.943114e-04	 4.954173e-04	-2.203529e-04	 0.000000e+00	-1.875693e-04	 4.781195e-04	-2.762280e-04	 0.000000e+00	-9.108811e-05	 5.150647e-04	-1.224523e-04	 0.000000e+00	-8.946718e-05	 5.070786e-04	-1.677619e-04	 0.000000e+00	-8.784624e-05	 4.958882e-04	-2.144897e-04	 0.000000e+00	 1.888769e-04	 5.215923e-04	-5.442382e-05	 0.000000e+00	 1.800197e-04	 5.187400e-04	-8.425777e-05	 0.000000e+00	 1.711625e-04	 5.136569e-04	-1.164838e-04	 0.000000e+00	
122:	-1.813443e-04	 4.661110e-04	-3.061568e-04	 0.000000e+00	-1.666941e-04	 4.418650e-04	-3.530385e-04	 0.000000e+00	-1.520438e-04	 4.130125e-04	-4.002192e-04	 0.000000e+00	-8.559537e-05	 4.877715e-04	-2.423873e-04	 0.000000e+00	-7.948120e-05	 4.691039e-04	-2.924247e-04	 0.000000e+00	-7.336702e-05	 4.441878e-04	-3.452670e-04	 0.000000e+00	 1.638699e-04	 5.094320e-04	-1.434204e-04	 0.000000e+00	 1.476662e-04	 4.963429e-04	-2.056454e-04	 0.000000e+00	 1.314625e-04	 4.753630e-04	-2.731811e-04	 0.000000e+00	
123:	-1.390365e-04	 3.942743e-04	-4.131648e-04	 0.000000e+00	-1.089873e-04	 3.613882e-04	-4.090643e-04	 0.000000e+00	-7.893803e-05	 3.280088e-04	-4.030829e-04	 0.000000e+00	-6.441790e-05	 4.262510e-04	-3.700781e-04	 0.000000e+00	-3.977849e-05	 3.809995e-04	-4.031724e-04	 0.000000e+00	-1.513908e-05	 3.162883e-04	-4.401148e-04	 0.000000e+00	 1.231738e-04	 4.582276e-04	-3.428416e-04	 0.000000e+00	 1.108934e-04	 4.006109e-04	-5.174476e-04	 0.000000e+00	 9.861308e-05	 3.045677e-04	-7.016309e-04	 0.000000e+00	
124:	-1.848466e-04	 7.882216e-05	-2.601490e-07	 0.000000e+00	-1.839459e-04	 7.932400e-05	-2.961824e-08	 0.000000e+00	-1.830451e-04	 7.834975e-05	 3.347350e-07	 0.000000e+00	-1.724929e-04	 7.398168e-05	-3.878439e-07	 0.000000e+00	-1.713486e-04	 7.397926e-05	-1.967431e-06	 0.000000e+00	-1.702043e-04	 7.292898e-05	-2.584846e-06	 0.000000e+00	-1.608785e-04	 6.914120e-05	-8.348176e-07	 0.000000e+00	-1.591225e-04	 6.863451e-05	-4.034198e-06	 0.000000e+00	-1.573665e-04	 6.750820e-05	-5.443058e-06	 0.000000e+00	
125:	-1.820935e-04	 7.722489e-05	-7.718471e-07	 0.000000e+00	-1.797240e-04	 7.618831e-05	-1.698137e-06	 0.000000e+00	-1.773546e-04	 7.654903e-05	 2.530056e-06	 0.000000e+00	-1.686166e-04	 7.189505e-05	-3.705917e-06	 0.000000e+00	-1.643046e-04	 7.030256e-05	-5.246795e-06	 0.000000e+00	-1.599926e-04	 6.907244e-05	-3.200777e-06	 0.000000e+00	-1.552382e-04	 6.656521e-05	-6.657080e-06	 0.000000e+00	-1.496804e-04	 6.441680e-05	-9.272511e-06	 0.000000e+00	-1.441226e-04	 6.159584e-05	-9.868631e-06	 0.000000e+00	
126:	-1.771161e-04	 7.726244e-05	 2.266268e-06	 0.000000e+00	-1.786661e-04	 7.722251e-05	-4.897063e-07	 0.000000e+00	-1.802160e-04	 7.527878e-05	 5.593909e-06	 0.000000e+00	-1.577814e-04	 6.846111e-05	-5.525392e-06	 0.000000e+00	-1.544950e-04	 6.664179e-05	-9.532638e-06	 0.000000e+00	-1.512085e-04	 6.371521e-05	-6.155406e-07	 0.000000e+00	-1.396133e-04	 5.965978e-05	-1.428490e-05	 0.000000e+00	-1.296749e-04	 5.606107e-05	-1.918940e-05	 0.000000e+00	-1.197366e-04	 5.215164e-05	-7.084803e-06	 0.000000e+00	
127:	-1.752263e-04	 7.311590e-05	-6.264833e-07	 0.000000e+00	-1.565291e-04	 6.526010e-05	-1.153247e-05	 0.000000e+00	-1.378319e-04	 5.183390e-05	 1.204641e-05	 0.000000e+00	-1.430332e-04	 6.153885e-05	-5.416438e-06	 0.000000e+00	-1.182251e-04	 5.754442e-05	-4.368390e-05	 0.000000e+00	-9.341710e-05	 5.330726e-05	-8.893743e-05	 0.000000e+00	-1.132108e-04	 4.996180e-05	-9.674155e-06	 0.000000e+00	-1.007235e-04	 4.982874e-05	-7.293523e-05	 0.000000e+00	-8.823612e-05	 5.478062e-05	-1.846533e-04	 0.000000e+00	
