label=Stress@IntegrationPoint
num_items=128

0	: 5.669221e+02	 6.690535e+02	 6.043081e+01	 3.707927e+02	 1.119047e+02	 1.649721e+02	 1.425032e+01	 8.306302e+01	 5.541798e+01	 1.015060e+02	 5.068353e+00	 4.707719e+01	 5.031869e+02	 7.691686e+02	 8.350197e+01	 3.817067e+02	 8.993187e+01	 1.742270e+02	 1.696105e+01	 7.924766e+01	 3.945556e+01	 9.952264e+01	 7.358412e+00	 4.169346e+01	 2.837372e+02	 8.025490e+02	 7.978303e+01	 3.258859e+02	 4.366315e+01	 1.730694e+02	 1.499572e+01	 6.501976e+01	 1.001885e+01	 9.176460e+01	 7.781252e+00	 3.053504e+01	
1	: 2.523537e+02	 7.033037e+02	 7.399835e+01	 2.866972e+02	 2.784438e+01	 1.730612e+02	 1.084652e+01	 6.027168e+01	 6.047145e+00	 1.085912e+02	 1.121782e+00	 3.439152e+01	 2.645332e+02	 8.670949e+02	-3.759065e+01	 3.394884e+02	 2.555569e+01	 2.012403e+02	-1.315688e+01	 6.803880e+01	 1.057738e+01	 1.232553e+02	-1.224993e+01	 4.014981e+01	 1.630214e+02	 7.656061e+02	-1.565441e+02	 2.785882e+02	-4.298461e-01	 1.741267e+02	-4.094213e+01	 5.210907e+01	 2.841576e+00	 1.092986e+02	-2.703262e+01	 3.364206e+01	
2	: 2.298438e+02	 6.504481e+02	-3.049645e+02	 2.640876e+02	 2.097438e+01	 1.506428e+02	-6.811097e+01	 5.148515e+01	 3.011641e+00	 9.083082e+01	-3.775076e+01	 2.815274e+01	 2.357888e+02	 3.807595e+02	-2.663987e+02	 1.849645e+02	 2.885601e+01	 9.098633e+01	-6.087289e+01	 3.595270e+01	-4.263431e+00	 5.125081e+01	-3.574419e+01	 1.409621e+01	 2.613743e+02	 1.568985e+02	-2.113383e+02	 1.254818e+02	 4.005538e+01	 3.907131e+01	-4.563120e+01	 2.373801e+01	-1.029400e+01	 1.457464e+01	-3.022133e+01	 1.284192e+00	
3	: 2.582917e+02	 9.612557e+01	-1.776875e+02	 1.063252e+02	 2.870333e+01	 2.174997e+01	-3.926559e+01	 1.513599e+01	-1.542877e+00	 1.183818e+01	-2.203296e+01	 3.088590e+00	 2.227590e+02	 7.404306e+01	-9.342149e+01	 8.904062e+01	 1.954138e+01	 1.593546e+01	-2.079516e+01	 1.064305e+01	-5.537644e+00	 8.868972e+00	-1.115155e+01	 9.993984e-01	 1.213821e+01	-2.307720e+01	-7.791783e+00	-3.281696e+00	-2.637278e+01	-5.629993e+00	-1.970856e+00	-9.600832e+00	-3.079611e+01	-3.213245e+00	-4.452297e-02	-1.020281e+01	
4	: 1.063026e+01	 6.812485e+01	 2.994730e+00	 2.362653e+01	 2.942665e-01	 4.296232e+01	 8.857164e-02	 1.297697e+01	-3.218082e+00	 3.372160e+01	-6.522443e-01	 9.151057e+00	 9.703801e+00	 6.993801e+01	 6.687296e+00	 2.389254e+01	-3.949509e-01	 4.327436e+01	 4.148112e-01	 1.286382e+01	-3.191623e+00	 3.364889e+01	-1.165568e+00	 9.137181e+00	 7.187653e+00	 7.106986e+01	 1.031510e+01	 2.347725e+01	-1.878924e+00	 4.324579e+01	 7.049613e-01	 1.241006e+01	-3.164982e+00	 3.357626e+01	-1.686311e+00	 9.123382e+00	
5	:-2.708231e+00	 3.477342e+01	-2.380762e-01	 9.619556e+00	-2.631473e+00	 3.552406e+01	 2.326948e-01	 9.867775e+00	-3.767811e+00	 3.344414e+01	 2.455128e-01	 8.902899e+00	-2.438835e+00	 3.478394e+01	-3.447665e-01	 9.703531e+00	-2.546868e+00	 3.549612e+01	 4.770957e-01	 9.884777e+00	-3.860448e+00	 3.339536e+01	 4.461984e-01	 8.860475e+00	-1.974081e+00	 3.487818e+01	-4.504010e-01	 9.871231e+00	-2.391111e+00	 3.549869e+01	 7.230045e-01	 9.932272e+00	-4.006144e+00	 3.332385e+01	 6.488440e-01	 8.795312e+00	
6	:-4.339219e+00	 3.133996e+01	 7.732258e-02	 8.100224e+00	-4.114125e+00	 2.864448e+01	-1.038104e-01	 7.359107e+00	-3.471763e+00	 2.692262e+01	-1.082392e-01	 7.035257e+00	-4.450209e+00	 3.131932e+01	 1.217476e-01	 8.060732e+00	-4.132560e+00	 2.869090e+01	-2.051631e-01	 7.367502e+00	-3.423586e+00	 2.697557e+01	-2.118396e-01	 7.065596e+00	-4.637262e+00	 3.126607e+01	 1.678120e-01	 7.988642e+00	-4.181902e+00	 2.872407e+01	-3.064310e-01	 7.362651e+00	-3.361161e+00	 2.703463e+01	-3.169101e-01	 7.102040e+00	
7	:-3.047222e+00	 2.626380e+01	-4.272060e-02	 6.964974e+00	-2.585429e+00	 2.489383e+01	 2.789441e-02	 6.692519e+00	-2.255988e+00	 2.321503e+01	 2.894198e-02	 6.287713e+00	-3.001456e+00	 2.628387e+01	-9.872752e-02	 6.984724e+00	-2.584864e+00	 2.486365e+01	 1.588788e-02	 6.683635e+00	-2.280560e+00	 2.318142e+01	 1.577038e-02	 6.270257e+00	-2.932437e+00	 2.631390e+01	-1.563069e-01	 7.014439e+00	-2.575255e+00	 2.483734e+01	 3.511127e-03	 6.678626e+00	-2.310298e+00	 2.314559e+01	 3.430838e-03	 6.250587e+00	
8	:-2.110214e+00	 2.212053e+01	 2.838681e-03	 6.003095e+00	-1.792293e+00	 2.037972e+01	-2.482691e-02	 5.576228e+00	-1.379904e+00	 1.885933e+01	-2.432792e-02	 5.243829e+00	-2.129806e+00	 2.210834e+01	-2.555582e-02	 5.993560e+00	-1.790249e+00	 2.039648e+01	-6.518329e-02	 5.581869e+00	-1.368099e+00	 1.887733e+01	-6.110427e-02	 5.252770e+00	-2.157276e+00	 2.209277e+01	-5.297548e-02	 5.980650e+00	-1.791193e+00	 2.041196e+01	-1.052764e-01	 5.586229e+00	-1.354392e+00	 1.889615e+01	-9.832896e-02	 5.262527e+00	
9	:-1.168373e+00	 1.803884e+01	-1.315542e-02	 5.061139e+00	-9.041072e-01	 1.662229e+01	-7.929598e-04	 4.715455e+00	-6.232521e-01	 1.524446e+01	 1.789141e-04	 4.386362e+00	-1.160128e+00	 1.804467e+01	-4.275269e-02	 5.065362e+00	-9.059975e-01	 1.661274e+01	-2.243131e-02	 4.712023e+00	-6.287785e-01	 1.523469e+01	-1.830249e-02	 4.381772e+00	-1.148998e+00	 1.805174e+01	-7.289203e-02	 5.070822e+00	-9.065133e-01	 1.660378e+01	-4.422228e-02	 4.709179e+00	-6.344411e-01	 1.522486e+01	-3.654705e-02	 4.377125e+00	
10	:-5.087186e-01	 1.443929e+01	-3.603065e-03	 4.179171e+00	-3.708899e-01	 1.310871e+01	-7.031790e-03	 3.821346e+00	-1.776022e-01	 1.190753e+01	-5.522776e-03	 3.518979e+00	-5.120251e-01	 1.443613e+01	-2.161015e-02	 4.177231e+00	-3.694873e-01	 1.311319e+01	-2.262710e-02	 3.823110e+00	-1.751472e-01	 1.191112e+01	-1.740645e-02	 3.520792e+00	-5.157884e-01	 1.443277e+01	-3.933082e-02	 4.175095e+00	-3.681326e-01	 1.311765e+01	-3.815513e-02	 3.824854e+00	-1.723311e-01	 1.191486e+01	-2.944197e-02	 3.522758e+00	
11	:-1.080385e-01	 1.123793e+01	-2.777360e-03	 3.338968e+00	-6.837515e-02	 1.012379e+01	-2.313414e-04	 3.016623e+00	 1.729141e-02	 9.116982e+00	-1.081573e-03	 2.740282e+00	-1.072107e-01	 1.123739e+01	-1.208512e-02	 3.339052e+00	-6.976070e-02	 1.012027e+01	-5.581184e-03	 3.015153e+00	 1.689945e-02	 9.117978e+00	-3.005630e-03	 2.740463e+00	-1.059514e-01	 1.123702e+01	-2.155257e-02	 3.339322e+00	-7.088230e-02	 1.011687e+01	-1.089853e-02	 3.013795e+00	 1.660405e-02	 9.119016e+00	-4.705010e-03	 2.740686e+00	
12	:-1.495623e+00	 5.994893e+01	 3.030892e+00	 1.753599e+01	-3.665462e+00	 4.579174e+01	 2.407911e+00	 1.263788e+01	-2.694222e+00	 3.896374e+01	 2.207383e+00	 1.088086e+01	-1.292743e+01	 4.562761e+01	-4.927818e+00	 9.810053e+00	-1.052718e+01	 4.125609e+01	-2.346588e+00	 9.218673e+00	-7.496394e+00	 3.835582e+01	 4.894557e-02	 9.257829e+00	-1.614515e+01	 3.482661e+01	-8.908376e+00	 5.604437e+00	-1.154250e+01	 3.922604e+01	-4.984686e+00	 8.305062e+00	-8.819855e+00	 3.923878e+01	-1.854843e+00	 9.125679e+00	
13	:-2.219286e+00	 3.746206e+01	 1.701807e+00	 1.057283e+01	-3.506853e+00	 3.458320e+01	 3.676801e-01	 9.322904e+00	-4.671853e+00	 3.199033e+01	-2.298844e-01	 8.195542e+00	-6.358403e+00	 3.692141e+01	 4.183559e-01	 9.168902e+00	-5.727761e+00	 3.431069e+01	-3.307771e-01	 8.574880e+00	-4.852749e+00	 3.227017e+01	-6.816754e-01	 8.225227e+00	-8.091089e+00	 3.741208e+01	-1.125921e+00	 8.796299e+00	-6.859433e+00	 3.450500e+01	-1.199736e+00	 8.293671e+00	-5.261607e+00	 3.245232e+01	-1.213643e+00	 8.157214e+00	
14	:-4.758147e+00	 3.083047e+01	-2.110038e-01	 7.821697e+00	-3.984964e+00	 2.921522e+01	-9.678786e-02	 7.569076e+00	-3.236802e+00	 2.754158e+01	-9.532670e-02	 7.291433e+00	-4.422935e+00	 3.124292e+01	-6.996912e-01	 8.045996e+00	-3.980375e+00	 2.938118e+01	-6.863706e-01	 7.620241e+00	-3.540513e+00	 2.751313e+01	-7.018761e-01	 7.191787e+00	-4.603897e+00	 3.143415e+01	-1.237455e+00	 8.049077e+00	-4.165203e+00	 2.946596e+01	-1.308476e+00	 7.590226e+00	-3.706886e+00	 2.754355e+01	-1.324394e+00	 7.150999e+00	
15	:-2.958240e+00	 2.648507e+01	-1.557455e-01	 7.058049e+00	-2.695533e+00	 2.465308e+01	-2.455787e-01	 6.587265e+00	-2.374817e+00	 2.295644e+01	-2.634150e-01	 6.174488e+00	-3.286226e+00	 2.642711e+01	-7.235993e-01	 6.942266e+00	-2.818162e+00	 2.464255e+01	-7.354509e-01	 6.547317e+00	-2.300014e+00	 2.297485e+01	-7.028606e-01	 6.202451e+00	-3.413007e+00	 2.645539e+01	-1.304315e+00	 6.912714e+00	-2.846864e+00	 2.467227e+01	-1.244062e+00	 6.547623e+00	-2.238562e+00	 2.298753e+01	-1.166921e+00	 6.224691e+00	
16	:-2.154892e+00	 2.203077e+01	-2.386101e-01	 5.962763e+00	-1.746873e+00	 2.048323e+01	-1.945126e-01	 5.620908e+00	-1.322733e+00	 1.897331e+01	-1.697904e-01	 5.295174e+00	-2.047815e+00	 2.202572e+01	-6.659158e-01	 5.993370e+00	-1.709791e+00	 2.040721e+01	-6.038037e-01	 5.609227e+00	-1.337960e+00	 1.886759e+01	-5.472237e-01	 5.258890e+00	-1.969625e+00	 2.200829e+01	-1.115730e+00	 6.011598e+00	-1.647701e+00	 2.034191e+01	-1.022488e+00	 5.608263e+00	-1.274283e+00	 1.879569e+01	-9.209350e-01	 5.256421e+00	
17	:-1.139529e+00	 1.808412e+01	-1.636066e-01	 5.083377e+00	-9.124747e-01	 1.658877e+01	-1.505615e-01	 4.702888e+00	-6.358108e-01	 1.520917e+01	-1.313037e-01	 4.372009e+00	-1.160058e+00	 1.798556e+01	-5.121800e-01	 5.047650e+00	-9.136081e-01	 1.651023e+01	-4.443794e-01	 4.678987e+00	-6.226265e-01	 1.513881e+01	-3.759867e-01	 4.354856e+00	-1.092368e+00	 1.792481e+01	-8.543106e-01	 5.049732e+00	-8.484042e-01	 1.646013e+01	-7.355202e-01	 4.683517e+00	-5.649873e-01	 1.508751e+01	-6.217582e-01	 4.356756e+00	
18	:-5.088627e-01	 1.443437e+01	-1.169986e-01	 4.177653e+00	-3.556001e-01	 1.313661e+01	-9.282354e-02	 3.834302e+00	-1.625339e-01	 1.193171e+01	-7.130707e-02	 3.530754e+00	-4.964577e-01	 1.436098e+01	-3.368074e-01	 4.159357e+00	-3.556496e-01	 1.305522e+01	-2.728935e-01	 3.809870e+00	-1.730802e-01	 1.184689e+01	-2.120013e-01	 3.502144e+00	-4.463768e-01	 1.430374e+01	-5.583780e-01	 4.157208e+00	-3.194368e-01	 1.298937e+01	-4.532736e-01	 3.800979e+00	-1.487779e-01	 1.177701e+01	-3.515540e-01	 3.488469e+00	
19	:-9.996520e-02	 1.124555e+01	-5.871523e-02	 3.343677e+00	-6.590359e-02	 1.012073e+01	-3.439500e-02	 3.016447e+00	 2.672368e-02	 9.132551e+00	-8.759727e-03	 2.747782e+00	-1.118009e-01	 1.116196e+01	-1.733853e-01	 3.315047e+00	-7.617254e-02	 1.003427e+01	-9.933722e-02	 2.987428e+00	 1.300924e-02	 9.031532e+00	-2.484616e-02	 2.713362e+00	-9.018732e-02	 1.109269e+01	-2.875729e-01	 3.300752e+00	-5.638734e-02	 9.960685e+00	-1.675139e-01	 2.971289e+00	 2.595394e-02	 8.941939e+00	-4.788397e-02	 2.690368e+00	
20	:-1.340177e+01	 3.306597e+01	-8.527188e+00	 5.899260e+00	-9.871878e+00	 3.879739e+01	-5.293899e+00	 8.677654e+00	-8.681449e+00	 3.907007e+01	-2.879551e+00	 9.116586e+00	-8.417917e+00	 3.453306e+01	-6.447172e+00	 7.834543e+00	-7.937029e+00	 3.728802e+01	-5.281182e+00	 8.805298e+00	-8.863964e+00	 3.675806e+01	-4.412224e+00	 8.368229e+00	-7.089103e+00	 3.443371e+01	-5.362668e+00	 8.203381e+00	-7.625288e+00	 3.508304e+01	-5.573100e+00	 8.237324e+00	-8.637660e+00	 3.462126e+01	-5.558655e+00	 7.795080e+00	
21	:-8.464588e+00	 3.718676e+01	-2.239548e+00	 8.616653e+00	-7.202069e+00	 3.442678e+01	-1.959735e+00	 8.167413e+00	-5.633439e+00	 3.238105e+01	-1.732326e+00	 8.024285e+00	-8.958046e+00	 3.551780e+01	-4.020508e+00	 7.967927e+00	-7.459929e+00	 3.387277e+01	-3.416178e+00	 7.923852e+00	-5.983899e+00	 3.217620e+01	-2.911882e+00	 7.857692e+00	-8.505365e+00	 3.425433e+01	-5.285008e+00	 7.724689e+00	-6.957091e+00	 3.364477e+01	-4.599542e+00	 8.006305e+00	-5.759098e+00	 3.221789e+01	-4.061742e+00	 7.937639e+00	
22	:-4.958755e+00	 3.133453e+01	-1.705050e+00	 7.912733e+00	-4.386878e+00	 2.936848e+01	-1.758500e+00	 7.494479e+00	-3.784706e+00	 2.747311e+01	-1.740069e+00	 7.106520e+00	-5.346781e+00	 3.107973e+01	-2.767043e+00	 7.719885e+00	-4.590288e+00	 2.910878e+01	-2.679585e+00	 7.355549e+00	-3.789147e+00	 2.724202e+01	-2.546513e+00	 7.035861e+00	-5.243267e+00	 3.103559e+01	-3.867065e+00	 7.737696e+00	-4.404423e+00	 2.901593e+01	-3.628055e+00	 7.383451e+00	-3.506579e+00	 2.713393e+01	-3.369698e+00	 7.088206e+00	
23	:-3.442945e+00	 2.639378e+01	-1.691475e+00	 6.885250e+00	-2.863316e+00	 2.459718e+01	-1.584765e+00	 6.520158e+00	-2.242016e+00	 2.289781e+01	-1.471014e+00	 6.196738e+00	-3.387462e+00	 2.616732e+01	-2.440864e+00	 6.833958e+00	-2.806104e+00	 2.434583e+01	-2.239826e+00	 6.461918e+00	-2.176824e+00	 2.263616e+01	-2.038029e+00	 6.137800e+00	-3.081845e+00	 2.604806e+01	-3.202549e+00	 6.889866e+00	-2.523210e+00	 2.419121e+01	-2.902549e+00	 6.500399e+00	-1.910405e+00	 2.246074e+01	-2.608071e+00	 6.165102e+00	
24	:-1.965326e+00	 2.191021e+01	-1.400742e+00	 5.983465e+00	-1.625712e+00	 2.023920e+01	-1.271375e+00	 5.584046e+00	-1.228821e+00	 1.870183e+01	-1.132446e+00	 5.241903e+00	-1.891778e+00	 2.164930e+01	-1.916615e+00	 5.927257e+00	-1.534047e+00	 1.998504e+01	-1.701655e+00	 5.535298e+00	-1.116854e+00	 1.845953e+01	-1.486676e+00	 5.202802e+00	-1.634930e+00	 2.146695e+01	-2.433695e+00	 5.949606e+00	-1.296242e+00	 1.979351e+01	-2.131519e+00	 5.549181e+00	-8.959047e-01	 1.826393e+01	-1.838868e+00	 5.210407e+00	
25	:-1.042117e+00	 1.783690e+01	-1.045765e+00	 5.038436e+00	-8.089625e-01	 1.637496e+01	-8.978680e-01	 4.669799e+00	-5.364484e-01	 1.500486e+01	-7.575259e-01	 4.340522e+00	-9.329390e-01	 1.759736e+01	-1.363444e+00	 4.999326e+00	-7.280170e-01	 1.613693e+01	-1.161803e+00	 4.622673e+00	-4.789795e-01	 1.477943e+01	-9.707808e-01	 4.290136e+00	-7.290631e-01	 1.739840e+01	-1.677586e+00	 5.000801e+00	-5.643000e-01	 1.593437e+01	-1.418675e+00	 4.611021e+00	-3.506655e-01	 1.458437e+01	-1.173446e+00	 4.270112e+00	
26	:-4.224743e-01	 1.422313e+01	-6.791520e-01	 4.140196e+00	-3.011515e-01	 1.291189e+01	-5.483080e-01	 3.783221e+00	-1.371138e-01	 1.170031e+01	-4.221459e-01	 3.468960e+00	-3.742382e-01	 1.401029e+01	-8.647382e-01	 4.090817e+00	-2.677282e-01	 1.271439e+01	-6.901566e-01	 3.733999e+00	-1.239114e-01	 1.150554e+01	-5.243515e-01	 3.414488e+00	-2.632664e-01	 1.382435e+01	-1.039876e+00	 4.068324e+00	-1.875102e-01	 1.253695e+01	-8.255670e-01	 3.704832e+00	-7.985538e-02	 1.132399e+01	-6.241293e-01	 3.373239e+00	
27	:-8.090191e-02	 1.101597e+01	-3.441089e-01	 3.280522e+00	-5.054182e-02	 9.878686e+00	-1.995598e-01	 2.948443e+00	 2.443232e-02	 8.845496e+00	-5.576163e-02	 2.660978e+00	-7.544709e-02	 1.081952e+01	-4.248861e-01	 3.223221e+00	-5.347623e-02	 9.669087e+00	-2.438498e-01	 2.884683e+00	 4.624865e-03	 8.602962e+00	-6.379835e-02	 2.582276e+00	-4.404253e-02	 1.063418e+01	-5.062334e-01	 3.177040e+00	-3.137168e-02	 9.470219e+00	-2.950013e-01	 2.831654e+00	 8.945606e-03	 8.370769e+00	-8.498783e-02	 2.513914e+00	
28	:-7.531554e+00	 3.440841e+01	-5.169855e+00	 8.063056e+00	-7.659461e+00	 3.459078e+01	-5.678383e+00	 8.079396e+00	-8.003243e+00	 3.426945e+01	-5.849587e+00	 7.879861e+00	-7.695118e+00	 3.557184e+01	-5.075043e+00	 8.363015e+00	-7.054991e+00	 3.554713e+01	-5.695263e+00	 8.547642e+00	-6.667817e+00	 3.493220e+01	-6.113640e+00	 8.479315e+00	-7.353006e+00	 3.695199e+01	-5.175256e+00	 8.879694e+00	-6.472312e+00	 3.649414e+01	-5.934663e+00	 9.006548e+00	-5.881650e+00	 3.535955e+01	-6.627711e+00	 8.843371e+00	
29	:-7.690842e+00	 3.409786e+01	-5.653145e+00	 7.922107e+00	-6.392872e+00	 3.355100e+01	-5.107678e+00	 8.147438e+00	-5.495718e+00	 3.206890e+01	-4.690895e+00	 7.971954e+00	-6.326236e+00	 3.440287e+01	-6.132140e+00	 8.422991e+00	-5.535263e+00	 3.320882e+01	-5.917839e+00	 8.302068e+00	-4.990570e+00	 3.144012e+01	-5.719361e+00	 7.934865e+00	-5.536518e+00	 3.446150e+01	-6.835806e+00	 8.677494e+00	-4.813142e+00	 3.280858e+01	-6.838073e+00	 8.398631e+00	-4.181511e+00	 3.094159e+01	-6.743299e+00	 8.028023e+00	
30	:-5.069314e+00	 3.085067e+01	-4.500113e+00	 7.734406e+00	-4.206411e+00	 2.883402e+01	-4.174029e+00	 7.388284e+00	-3.287736e+00	 2.694751e+01	-3.841466e+00	 7.097933e+00	-4.626748e+00	 3.023717e+01	-5.530104e+00	 7.683128e+00	-3.742620e+00	 2.828857e+01	-5.075393e+00	 7.363785e+00	-2.828168e+00	 2.641072e+01	-4.632156e+00	 7.074767e+00	-3.772745e+00	 2.980001e+01	-6.527710e+00	 7.808179e+00	-2.937286e+00	 2.788949e+01	-5.963245e+00	 7.485662e+00	-2.096949e+00	 2.599036e+01	-5.428205e+00	 7.168022e+00	
31	:-2.864813e+00	 2.585097e+01	-3.637093e+00	 6.895847e+00	-2.327200e+00	 2.397601e+01	-3.276981e+00	 6.494643e+00	-1.729299e+00	 2.224172e+01	-2.925336e+00	 6.153728e+00	-2.426656e+00	 2.529203e+01	-4.365726e+00	 6.859612e+00	-1.932437e+00	 2.339286e+01	-3.893918e+00	 6.438128e+00	-1.363156e+00	 2.166884e+01	-3.434422e+00	 6.091706e+00	-1.741542e+00	 2.483893e+01	-5.102019e+00	 6.929215e+00	-1.305686e+00	 2.290914e+01	-4.507560e+00	 6.481036e+00	-7.799936e-01	 2.118897e+01	-3.929257e+00	 6.122694e+00	
32	:-1.463211e+00	 2.125043e+01	-2.718414e+00	 5.936167e+00	-1.144520e+00	 1.958326e+01	-2.363129e+00	 5.531621e+00	-7.621533e-01	 1.806465e+01	-2.022755e+00	 5.190750e+00	-1.117545e+00	 2.069404e+01	-3.167066e+00	 5.872948e+00	-8.470551e-01	 1.905818e+01	-2.715256e+00	 5.463339e+00	-5.081202e-01	 1.758203e+01	-2.287315e+00	 5.122174e+00	-5.693634e-01	 2.022444e+01	-3.597251e+00	 5.896522e+00	-3.819547e-01	 1.860495e+01	-3.045377e+00	 5.466900e+00	-1.213301e-01	 1.715631e+01	-2.526331e+00	 5.110494e+00	
33	:-6.065842e-01	 1.720687e+01	-1.837659e+00	 4.980086e+00	-4.632089e-01	 1.575701e+01	-1.543014e+00	 4.588140e+00	-2.699012e-01	 1.442366e+01	-1.264926e+00	 4.246127e+00	-3.765290e-01	 1.675322e+01	-2.058889e+00	 4.913008e+00	-2.759178e-01	 1.535162e+01	-1.701524e+00	 4.522710e+00	-1.264833e-01	 1.406393e+01	-1.367528e+00	 4.181235e+00	-3.158515e-02	 1.634881e+01	-2.253786e+00	 4.895168e+00	-2.633111e-04	 1.498410e+01	-1.834523e+00	 4.495150e+00	 7.877277e-02	 1.373071e+01	-1.445442e+00	 4.142845e+00	
34	:-1.934960e-01	 1.367424e+01	-1.115988e+00	 4.044223e+00	-1.381442e-01	 1.239977e+01	-8.813182e-01	 3.678487e+00	-5.440384e-02	 1.119153e+01	-6.617546e-01	 3.341139e+00	-7.288755e-02	 1.334084e+01	-1.194301e+00	 3.980386e+00	-5.562701e-02	 1.210281e+01	-9.299828e-01	 3.614156e+00	-1.663279e-02	 1.091550e+01	-6.843590e-01	 3.269661e+00	 9.777593e-02	 1.302889e+01	-1.249600e+00	 3.938000e+00	 6.297805e-02	 1.182133e+01	-9.605692e-01	 3.565292e+00	 4.325908e-02	 1.064895e+01	-6.938201e-01	 3.207663e+00	
35	:-2.598491e-02	 1.050388e+01	-5.349870e-01	 3.143369e+00	-1.733568e-02	 9.336706e+00	-3.104044e-01	 2.795811e+00	 1.153488e-02	 8.216712e+00	-8.774394e-02	 2.468474e+00	-2.026556e-03	 1.023859e+01	-5.468988e-01	 3.070970e+00	-2.797230e-03	 9.071789e+00	-3.107253e-01	 2.720698e+00	-3.790345e-04	 7.912425e+00	-7.865762e-02	 2.373614e+00	 3.751443e-02	 9.979985e+00	-5.507790e-01	 3.005250e+00	 1.882260e-02	 8.809908e+00	-3.156454e-01	 2.648619e+00	-1.371283e-02	 7.607529e+00	-8.680127e-02	 2.278145e+00	
36	:-6.908025e+00	 3.794933e+01	-5.352677e+00	 9.312390e+00	-6.114526e+00	 3.710324e+01	-6.230729e+00	 9.296615e+00	-5.610423e+00	 3.558190e+01	-7.057756e+00	 8.991444e+00	-6.231665e+00	 3.977765e+01	-5.913938e+00	 1.006380e+01	-5.429853e+00	 3.826562e+01	-7.023977e+00	 9.850730e+00	-4.878169e+00	 3.616995e+01	-8.000205e+00	 9.387534e+00	-5.840805e+00	 4.148363e+01	-6.750418e+00	 1.069285e+01	-4.708373e+00	 3.944377e+01	-8.063325e+00	 1.042062e+01	-3.786802e+00	 3.691190e+01	-9.159635e+00	 9.937530e+00	
37	:-5.262619e+00	 3.448684e+01	-7.319028e+00	 8.767265e+00	-4.405237e+00	 3.263293e+01	-7.345811e+00	 8.468308e+00	-3.579681e+00	 3.070476e+01	-7.253321e+00	 8.137524e+00	-4.474314e+00	 3.478819e+01	-8.258362e+00	 9.094164e+00	-3.464079e+00	 3.254164e+01	-8.202207e+00	 8.723268e+00	-2.434298e+00	 3.034069e+01	-8.063239e+00	 8.371919e+00	-3.274413e+00	 3.526595e+01	-9.395116e+00	 9.597460e+00	-2.253272e+00	 3.256591e+01	-9.217927e+00	 9.093791e+00	-1.161210e+00	 3.003135e+01	-8.994384e+00	 8.661043e+00	
38	:-3.131996e+00	 2.954442e+01	-7.022437e+00	 7.923726e+00	-2.388819e+00	 2.755567e+01	-6.416781e+00	 7.550056e+00	-1.630586e+00	 2.560206e+01	-5.839469e+00	 7.191443e+00	-1.978032e+00	 2.902011e+01	-7.808535e+00	 8.112624e+00	-1.403749e+00	 2.676713e+01	-7.129976e+00	 7.609015e+00	-7.539809e-01	 2.469029e+01	-6.458093e+00	 7.180892e+00	-7.131208e-01	 2.854335e+01	-8.691732e+00	 8.349070e+00	-2.233729e-01	 2.606229e+01	-7.895458e+00	 7.751676e+00	 4.022898e-01	 2.389837e+01	-7.084192e+00	 7.290198e+00	
39	:-1.309389e+00	 2.443363e+01	-5.477103e+00	 6.937271e+00	-9.093797e-01	 2.249895e+01	-4.805236e+00	 6.476872e+00	-4.099603e-01	 2.079624e+01	-4.155653e+00	 6.115883e+00	-4.850397e-01	 2.350436e+01	-6.018721e+00	 6.905797e+00	-1.834493e-01	 2.156912e+01	-5.201889e+00	 6.415701e+00	 2.356787e-01	 1.990813e+01	-4.424553e+00	 6.043143e+00	 6.240230e-01	 2.269712e+01	-6.550860e+00	 6.996343e+00	 7.601835e-01	 2.073259e+01	-5.575620e+00	 6.447831e+00	 1.032009e+00	 1.908460e+01	-4.657088e+00	 6.034984e+00	
40	:-2.217480e-01	 1.984668e+01	-3.787398e+00	 5.887481e+00	-8.923723e-02	 1.825159e+01	-3.181377e+00	 5.448706e+00	 1.196628e-01	 1.683474e+01	-2.612982e+00	 5.086321e+00	 3.731037e-01	 1.899605e+01	-3.995722e+00	 5.810746e+00	 4.036342e-01	 1.746994e+01	-3.303036e+00	 5.362073e+00	 5.166881e-01	 1.613639e+01	-2.655505e+00	 4.995923e+00	 1.090618e+00	 1.819798e+01	-4.162447e+00	 5.786580e+00	 9.898583e-01	 1.672830e+01	-3.378547e+00	 5.315447e+00	 9.777564e-01	 1.546548e+01	-2.647330e+00	 4.932972e+00	
41	: 1.827768e-01	 1.604963e+01	-2.317319e+00	 4.869721e+00	 1.711761e-01	 1.472273e+01	-1.866917e+00	 4.468173e+00	 2.056136e-01	 1.350326e+01	-1.449880e+00	 4.112662e+00	 5.331445e-01	 1.540817e+01	-2.324819e+00	 4.782395e+00	 4.500899e-01	 1.417727e+01	-1.831003e+00	 4.388207e+00	 4.084234e-01	 1.304293e+01	-1.374676e+00	 4.035406e+00	 9.343549e-01	 1.478851e+01	-2.281302e+00	 4.716859e+00	 7.637936e-01	 1.364671e+01	-1.747521e+00	 4.323151e+00	 6.299702e-01	 1.259063e+01	-1.255351e+00	 3.966180e+00	
42	: 2.035140e-01	 1.282156e+01	-1.243463e+00	 3.907524e+00	 1.389990e-01	 1.164505e+01	-9.451717e-01	 3.535215e+00	 8.510425e-02	 1.049331e+01	-6.709883e-01	 3.173526e+00	 3.710212e-01	 1.241023e+01	-1.155305e+00	 3.834377e+00	 2.587006e-01	 1.131092e+01	-8.508659e-01	 3.470886e+00	 1.483331e-01	 1.021616e+01	-5.732231e-01	 3.109348e+00	 5.495481e-01	 1.200363e+01	-1.025901e+00	 3.765952e+00	 3.789538e-01	 1.097703e+01	-7.217412e-01	 3.406794e+00	 2.016458e-01	 9.934759e+00	-4.470662e-01	 3.040921e+00	
43	: 6.793583e-02	 9.835586e+00	-5.284508e-01	 2.971057e+00	 4.018765e-02	 8.674207e+00	-3.020895e-01	 2.614318e+00	-1.201977e-02	 7.455755e+00	-8.323542e-02	 2.233121e+00	 1.130483e-01	 9.589445e+00	-4.386141e-01	 2.910748e+00	 7.255670e-02	 8.461424e+00	-2.425148e-01	 2.560194e+00	-1.184222e-02	 7.230952e+00	-5.592433e-02	 2.165733e+00	 1.429308e-01	 9.336777e+00	-3.264527e-01	 2.843912e+00	 8.190334e-02	 8.238775e+00	-1.750377e-01	 2.496203e+00	-4.247959e-02	 6.992943e+00	-3.513296e-02	 2.085139e+00	
44	:-5.685382e+00	 4.249052e+01	-7.368497e+00	 1.104154e+01	-4.283402e+00	 4.007985e+01	-8.739377e+00	 1.073893e+01	-3.054816e+00	 3.726460e+01	-9.881644e+00	 1.026293e+01	-4.996374e+00	 4.447861e+01	-8.751554e+00	 1.184467e+01	-3.311040e+00	 4.118763e+01	-1.009475e+01	 1.136298e+01	-1.709614e+00	 3.770086e+01	-1.125083e+01	 1.079737e+01	-3.747378e+00	 4.670670e+01	-1.055780e+01	 1.288780e+01	-1.940239e+00	 4.246616e+01	-1.180695e+01	 1.215778e+01	-1.275208e-01	 3.823865e+01	-1.291048e+01	 1.143334e+01	
45	:-2.471702e+00	 3.544029e+01	-1.010312e+01	 9.890576e+00	-1.514630e+00	 3.241049e+01	-9.837753e+00	 9.268757e+00	-4.493302e-01	 2.963322e+01	-9.523151e+00	 8.755168e+00	-1.022312e+00	 3.551484e+01	-1.143632e+01	 1.034776e+01	-8.821257e-02	 3.189449e+01	-1.097676e+01	 9.541884e+00	 1.030952e+00	 2.870596e+01	-1.042163e+01	 8.921073e+00	 6.694692e-01	 3.569328e+01	-1.302409e+01	 1.090883e+01	 1.761054e+00	 3.155972e+01	-1.231337e+01	 9.996232e+00	 3.114540e+00	 2.803725e+01	-1.146072e+01	 9.345538e+00	
46	:-1.653913e-02	 2.803739e+01	-9.158163e+00	 8.406255e+00	 4.521157e-01	 2.543949e+01	-8.246976e+00	 7.767481e+00	 1.101304e+00	 2.326283e+01	-7.330699e+00	 7.309239e+00	 1.423332e+00	 2.690869e+01	-9.882295e+00	 8.499606e+00	 1.709623e+00	 2.405401e+01	-8.678386e+00	 7.729090e+00	 2.269349e+00	 2.183735e+01	-7.525078e+00	 7.232010e+00	 3.455927e+00	 2.603401e+01	-1.071041e+01	 8.846981e+00	 3.343029e+00	 2.282963e+01	-9.144889e+00	 7.851799e+00	 3.596468e+00	 2.048005e+01	-7.685656e+00	 7.222955e+00	
47	: 1.304853e+00	 2.207685e+01	-6.742683e+00	 7.014512e+00	 1.332781e+00	 2.012571e+01	-5.684350e+00	 6.437548e+00	 1.506575e+00	 1.851492e+01	-4.692344e+00	 6.006450e+00	 2.402043e+00	 2.069538e+01	-6.838742e+00	 6.929227e+00	 2.226900e+00	 1.882102e+01	-5.653843e+00	 6.314376e+00	 2.214549e+00	 1.732651e+01	-4.551116e+00	 5.862318e+00	 3.577263e+00	 1.934735e+01	-6.877300e+00	 6.877383e+00	 3.137362e+00	 1.752333e+01	-5.553283e+00	 6.198209e+00	 2.877179e+00	 1.611866e+01	-4.327282e+00	 5.698753e+00	
48	: 1.516998e+00	 1.766180e+01	-4.165568e+00	 5.753640e+00	 1.341551e+00	 1.625342e+01	-3.340581e+00	 5.278491e+00	 1.253921e+00	 1.504994e+01	-2.571495e+00	 4.891159e+00	 2.142118e+00	 1.656473e+01	-3.982000e+00	 5.612055e+00	 1.851342e+00	 1.531489e+01	-3.114285e+00	 5.149869e+00	 1.639363e+00	 1.424891e+01	-2.306002e+00	 4.766481e+00	 2.699942e+00	 1.543882e+01	-3.714120e+00	 5.441629e+00	 2.280089e+00	 1.434162e+01	-2.810366e+00	 4.986514e+00	 1.930012e+00	 1.340724e+01	-1.969576e+00	 4.601176e+00	
49	: 1.174118e+00	 1.440982e+01	-2.191594e+00	 4.675181e+00	 9.524937e-01	 1.333182e+01	-1.646391e+00	 4.285295e+00	 7.644497e-01	 1.233218e+01	-1.143515e+00	 3.928989e+00	 1.501478e+00	 1.368724e+01	-1.916095e+00	 4.556616e+00	 1.206426e+00	 1.274563e+01	-1.372348e+00	 4.185617e+00	 9.387547e-01	 1.186791e+01	-8.692639e-01	 3.841999e+00	 1.731930e+00	 1.292313e+01	-1.572946e+00	 4.396519e+00	 1.369928e+00	 1.212068e+01	-1.035253e+00	 4.047184e+00	 1.029107e+00	 1.136765e+01	-5.365594e-01	 3.719028e+00	
50	: 6.592361e-01	 1.177801e+01	-9.137094e-01	 3.731173e+00	 4.565094e-01	 1.080509e+01	-6.184025e-01	 3.378481e+00	 2.421190e-01	 9.804964e+00	-3.523214e-01	 3.014125e+00	 8.001817e-01	 1.138464e+01	-6.484846e-01	 3.655448e+00	 5.610605e-01	 1.053026e+01	-3.831682e-01	 3.327398e+00	 3.019322e-01	 9.629203e+00	-1.434973e-01	 2.979341e+00	 8.631157e-01	 1.095785e+01	-3.279450e-01	 3.546289e+00	 6.015391e-01	 1.022798e+01	-9.880627e-02	 3.248855e+00	 3.116123e-01	 9.431956e+00	 1.082674e-01	 2.923071e+00	
51	: 1.710682e-01	 9.230814e+00	-2.440816e-01	 2.820565e+00	 1.022159e-01	 8.166703e+00	-1.274890e-01	 2.480676e+00	-3.883795e-02	 6.934121e+00	-2.353265e-02	 2.068585e+00	 2.166019e-01	 9.110222e+00	-6.255547e-02	 2.798047e+00	 1.417324e-01	 8.132701e+00	-1.687859e-02	 2.482330e+00	-1.629012e-02	 6.961157e+00	 1.429454e-02	 2.083460e+00	 2.139429e-01	 8.968976e+00	 1.577475e-01	 2.754876e+00	 1.257853e-01	 8.074930e+00	 1.243874e-01	 2.460215e+00	-5.647685e-02	 6.961307e+00	 7.465585e-02	 2.071449e+00	
52	:-2.603505e+00	 4.855909e+01	-1.177661e+01	 1.378668e+01	-9.154364e-01	 4.336268e+01	-1.296178e+01	 1.273417e+01	 8.298009e-01	 3.829966e+01	-1.393125e+01	 1.173884e+01	-5.120258e-01	 5.244368e+01	-1.443634e+01	 1.557950e+01	 1.458834e+00	 4.526072e+01	-1.549651e+01	 1.401586e+01	 3.574659e+00	 3.841600e+01	-1.605866e+01	 1.259720e+01	 1.224745e+00	 5.617626e+01	-1.794923e+01	 1.722030e+01	 4.577548e+00	 4.747780e+01	-1.881929e+01	 1.561660e+01	 8.163110e+00	 3.932244e+01	-1.890901e+01	 1.424567e+01	
53	: 1.602543e+00	 3.532802e+01	-1.390429e+01	 1.107917e+01	 2.744760e+00	 3.072019e+01	-1.291926e+01	 1.003948e+01	 4.303458e+00	 2.708415e+01	-1.183796e+01	 9.416281e+00	 4.208639e+00	 3.436207e+01	-1.556815e+01	 1.157121e+01	 4.740043e+00	 2.836880e+01	-1.371089e+01	 9.932653e+00	 6.142302e+00	 2.440753e+01	-1.196063e+01	 9.164950e+00	 8.747883e+00	 3.422461e+01	-1.783795e+01	 1.289175e+01	 7.877079e+00	 2.650673e+01	-1.477151e+01	 1.031514e+01	 8.331506e+00	 2.188107e+01	-1.201535e+01	 9.063772e+00	
54	: 4.658596e+00	 2.509498e+01	-1.096563e+01	 8.926073e+00	 4.307120e+00	 2.186445e+01	-9.201956e+00	 7.851472e+00	 4.351665e+00	 1.955797e+01	-7.578687e+00	 7.172892e+00	 6.408861e+00	 2.259265e+01	-1.083902e+01	 8.700454e+00	 5.621999e+00	 1.961565e+01	-8.796126e+00	 7.571294e+00	 5.240259e+00	 1.758392e+01	-6.955189e+00	 6.847255e+00	 8.209471e+00	 2.011190e+01	-1.054442e+01	 8.496412e+00	 6.747618e+00	 1.728573e+01	-8.215575e+00	 7.210004e+00	 5.699988e+00	 1.542608e+01	-6.150220e+00	 6.337819e+00	
55	: 4.237433e+00	 1.848477e+01	-6.715230e+00	 6.816662e+00	 3.655919e+00	 1.676624e+01	-5.345630e+00	 6.126648e+00	 3.246703e+00	 1.544974e+01	-4.076765e+00	 5.608932e+00	 4.963431e+00	 1.671109e+01	-6.044340e+00	 6.502357e+00	 4.216179e+00	 1.532877e+01	-4.685623e+00	 5.863485e+00	 3.598796e+00	 1.424947e+01	-3.421142e+00	 5.354481e+00	 5.198204e+00	 1.472689e+01	-5.199170e+00	 5.977529e+00	 4.310521e+00	 1.369162e+01	-3.882801e+00	 5.400642e+00	 3.510278e+00	 1.286038e+01	-2.654167e+00	 4.911197e+00	
56	: 3.004405e+00	 1.482406e+01	-3.453967e+00	 5.348538e+00	 2.510559e+00	 1.382613e+01	-2.556988e+00	 4.901008e+00	 2.079939e+00	 1.297574e+01	-1.721081e+00	 4.516703e+00	 3.263978e+00	 1.373925e+01	-2.818169e+00	 5.100967e+00	 2.679027e+00	 1.294444e+01	-1.982655e+00	 4.687039e+00	 2.143803e+00	 1.226566e+01	-1.198180e+00	 4.322839e+00	 3.101669e+00	 1.247363e+01	-2.083087e+00	 4.672589e+00	 2.464672e+00	 1.189868e+01	-1.319047e+00	 4.309004e+00	 1.863904e+00	 1.140826e+01	-5.960143e-01	 3.981648e+00	
57	: 1.848743e+00	 1.254065e+01	-1.332354e+00	 4.316817e+00	 1.453395e+00	 1.182244e+01	-8.150321e-01	 3.982750e+00	 1.072524e+00	 1.113801e+01	-3.318685e-01	 3.663159e+00	 1.878662e+00	 1.192989e+01	-8.454380e-01	 4.142565e+00	 1.469112e+00	 1.137634e+01	-3.971578e-01	 3.853635e+00	 1.057203e+00	 1.081728e+01	 3.193547e-02	 3.562346e+00	 1.593147e+00	 1.118394e+01	-2.858033e-01	 3.833127e+00	 1.227684e+00	 1.082003e+01	 8.094977e-02	 3.614315e+00	 8.430249e-01	 1.041133e+01	 4.434876e-01	 3.376308e+00	
58	: 8.915638e-01	 1.076619e+01	-1.362086e-01	 3.497327e+00	 6.216002e-01	 1.010530e+01	 6.347002e-02	 3.218070e+00	 3.212360e-01	 9.373475e+00	 2.451923e-01	 2.908413e+00	 8.670421e-01	 1.050893e+01	 1.951039e-01	 3.412793e+00	 6.082012e-01	 9.968075e+00	 3.343351e-01	 3.172883e+00	 3.202567e-01	 9.359308e+00	 4.661496e-01	 2.903869e+00	 6.725648e-01	 1.017884e+01	 5.708112e-01	 3.255421e+00	 4.658802e-01	 9.775597e+00	 6.505568e-01	 3.072443e+00	 2.313889e-01	 9.307474e+00	 7.334254e-01	 2.861659e+00	
59	: 2.192111e-01	 8.947045e+00	 2.734219e-01	 2.749877e+00	 1.285333e-01	 8.119100e+00	 1.896427e-01	 2.474290e+00	-5.518589e-02	 7.074058e+00	 8.935165e-02	 2.105662e+00	 2.230709e-01	 9.005683e+00	 4.577162e-01	 2.768626e+00	 1.451933e-01	 8.324919e+00	 2.919432e-01	 2.541034e+00	-1.112020e-02	 7.461137e+00	 1.110429e-01	 2.235005e+00	 1.525513e-01	 9.032444e+00	 6.917606e-01	 2.755499e+00	 9.286460e-02	 8.501171e+00	 4.548247e-01	 2.578211e+00	-3.065267e-02	 7.820960e+00	 2.041461e-01	 2.337092e+00	
60	: 1.663214e+00	 5.652106e+01	-2.023487e+01	 1.745528e+01	 5.571075e+00	 4.581729e+01	-2.034226e+01	 1.541651e+01	 1.044160e+01	 3.735973e+01	-1.989611e+01	 1.434040e+01	 7.861789e+00	 5.672846e+01	-2.601274e+01	 1.937707e+01	 8.917463e+00	 3.920138e+01	-2.257270e+01	 1.443565e+01	 1.335630e+01	 2.956833e+01	-1.964084e+01	 1.287739e+01	 2.366473e+01	 6.105202e+01	-3.486869e+01	 2.541502e+01	 1.773465e+01	 3.493009e+01	-2.608624e+01	 1.579942e+01	 1.760824e+01	 2.235005e+01	-1.887370e+01	 1.198748e+01	
61	: 1.133030e+01	 3.248163e+01	-1.849112e+01	 1.314358e+01	 9.785557e+00	 2.480975e+01	-1.475740e+01	 1.037859e+01	 9.624459e+00	 2.036637e+01	-1.147461e+01	 8.997249e+00	 1.429961e+01	 2.604398e+01	-1.744255e+01	 1.210308e+01	 1.164805e+01	 2.017201e+01	-1.296382e+01	 9.546019e+00	 1.012652e+01	 1.693675e+01	-9.216097e+00	 8.118982e+00	 1.708600e+01	 1.952793e+01	-1.541450e+01	 1.098418e+01	 1.223722e+01	 1.498856e+01	-1.037885e+01	 8.167731e+00	 8.264823e+00	 1.249409e+01	-6.354279e+00	 6.227675e+00	
62	: 9.237118e+00	 1.878455e+01	-9.881445e+00	 8.406499e+00	 7.400647e+00	 1.623689e+01	-7.554447e+00	 7.091262e+00	 5.915325e+00	 1.450859e+01	-5.469420e+00	 6.127174e+00	 9.303990e+00	 1.599070e+01	-7.683495e+00	 7.588407e+00	 7.350353e+00	 1.446158e+01	-5.761293e+00	 6.543581e+00	 5.522012e+00	 1.322482e+01	-3.945548e+00	 5.624051e+00	 6.843317e+00	 1.211362e+01	-4.985710e+00	 5.687081e+00	 5.300098e+00	 1.182915e+01	-3.635789e+00	 5.138774e+00	 3.656322e+00	 1.131004e+01	-2.256815e+00	 4.489909e+00	
63	: 5.252913e+00	 1.387455e+01	-4.537873e+00	 5.738238e+00	 4.280327e+00	 1.300039e+01	-3.312902e+00	 5.184214e+00	 3.377659e+00	 1.228937e+01	-2.161432e+00	 4.700108e+00	 4.702931e+00	 1.271401e+01	-3.150519e+00	 5.225082e+00	 3.669277e+00	 1.208514e+01	-2.185497e+00	 4.726325e+00	 2.687748e+00	 1.157790e+01	-1.251559e+00	 4.279693e+00	 2.882153e+00	 1.100884e+01	-1.650880e+00	 4.167299e+00	 1.952574e+00	 1.069604e+01	-9.590019e-01	 3.794585e+00	 1.057326e+00	 1.046335e+01	-2.557899e-01	 3.456203e+00	
64	: 2.933031e+00	 1.196759e+01	-1.634414e+00	 4.470186e+00	 2.276747e+00	 1.150050e+01	-9.431619e-01	 4.133174e+00	 1.642364e+00	 1.108452e+01	-2.764093e-01	 3.818065e+00	 2.246210e+00	 1.137866e+01	-8.437318e-01	 4.087461e+00	 1.667823e+00	 1.110188e+01	-3.417846e-01	 3.830911e+00	 1.075601e+00	 1.079282e+01	 1.823568e-01	 3.560526e+00	 7.198346e-01	 1.042992e+01	 2.129559e-02	 3.344927e+00	 4.011358e-01	 1.042136e+01	 3.074365e-01	 3.246749e+00	 3.286578e-02	 1.029713e+01	 6.624654e-01	 3.099000e+00	
65	: 1.369641e+00	 1.089938e+01	 1.709581e-03	 3.680707e+00	 1.038073e+00	 1.061209e+01	 3.105409e-01	 3.495049e+00	 6.838803e-01	 1.027201e+01	 6.255941e-01	 3.286767e+00	 8.328825e-01	 1.064421e+01	 3.926739e-01	 3.443128e+00	 5.885941e-01	 1.043695e+01	 5.944635e-01	 3.307664e+00	 3.267378e-01	 1.018870e+01	 8.233712e-01	 3.154631e+00	-1.032748e-01	 1.021787e+01	 7.983599e-01	 3.034377e+00	-1.789291e-01	 1.012551e+01	 8.968570e-01	 2.983973e+00	-2.670960e-01	 1.000395e+01	 1.043368e+00	 2.921057e+00	
66	: 5.335194e-01	 1.007777e+01	 7.292969e-01	 3.183387e+00	 3.679544e-01	 9.743255e+00	 7.728790e-01	 3.033363e+00	 1.750513e-01	 9.344950e+00	 8.261868e-01	 2.856000e+00	 2.312573e-01	 1.005245e+01	 8.846583e-01	 3.085111e+00	 1.588913e-01	 9.818220e+00	 8.629796e-01	 2.993133e+00	 5.950036e-02	 9.520935e+00	 8.631770e-01	 2.874130e+00	-2.702572e-01	 9.941728e+00	 1.063398e+00	 2.901441e+00	-2.021197e-01	 9.828064e+00	 9.766909e-01	 2.887783e+00	-1.606940e-01	 9.652072e+00	 9.240101e-01	 2.847413e+00	
67	: 1.087266e-01	 9.107215e+00	 7.664211e-01	 2.764782e+00	 6.054738e-02	 8.657843e+00	 4.946090e-01	 2.615517e+00	-3.535458e-02	 8.097119e+00	 2.121976e-01	 2.418529e+00	 2.488014e-02	 9.335791e+00	 7.779434e-01	 2.808201e+00	 1.824219e-02	 9.027033e+00	 4.699574e-01	 2.713583e+00	 4.630747e-03	 8.702004e+00	 1.607893e-01	 2.611990e+00	-1.391753e-01	 9.529992e+00	 8.221695e-01	 2.817245e+00	-6.760783e-02	 9.377561e+00	 5.082281e-01	 2.792986e+00	 3.773536e-02	 9.303940e+00	 2.025219e-01	 2.802502e+00	
68	: 3.406176e+01	 6.024488e+01	-3.586230e+01	 2.829199e+01	 2.441437e+01	 3.315198e+01	-2.520352e+01	 1.726991e+01	 2.089353e+01	 2.035435e+01	-1.635612e+01	 1.237436e+01	 3.559077e+01	 4.526298e+01	-2.617537e+01	 2.425613e+01	 2.340554e+01	 2.482144e+01	-1.619714e+01	 1.446810e+01	 1.603595e+01	 1.561637e+01	-7.798422e+00	 9.495697e+00	 1.822306e+01	 2.218250e+01	-1.298938e+01	 1.212167e+01	 4.402739e+00	 8.779199e+00	-4.663845e+00	 3.954581e+00	-5.912858e+00	 3.553579e+00	 2.314058e+00	-7.077838e-01	
69	: 1.905522e+01	 1.792081e+01	-1.271986e+01	 1.109281e+01	 1.267366e+01	 1.399041e+01	-8.342818e+00	 7.999221e+00	 6.864652e+00	 1.139599e+01	-4.648647e+00	 5.478192e+00	 1.332102e+01	 1.475042e+01	-5.409110e+00	 8.421433e+00	 8.111632e+00	 1.339832e+01	-4.109328e+00	 6.452985e+00	 2.684316e+00	 1.153772e+01	-2.084396e+00	 4.266610e+00	-7.646552e+00	 5.051445e+00	 3.002952e+00	-7.785320e-01	-6.201993e+00	 8.626966e+00	 6.392749e-01	 7.274919e-01	-5.765848e+00	 9.849518e+00	 4.087642e-01	 1.225101e+00	
70	: 4.929453e+00	 1.095139e+01	-3.445584e+00	 4.764254e+00	 3.637916e+00	 1.096741e+01	-2.500259e+00	 4.381596e+00	 2.221419e+00	 1.069184e+01	-1.455179e+00	 3.873979e+00	 7.967626e-01	 1.082747e+01	-1.309604e+00	 3.487271e+00	-1.108167e-01	 1.060123e+01	-1.006303e+00	 3.147123e+00	-1.001361e+00	 1.041472e+01	-4.957981e-01	 2.824009e+00	-5.888861e+00	 9.609439e+00	 6.153442e-01	 1.116174e+00	-5.994155e+00	 9.320214e+00	 3.819197e-01	 9.978176e-01	-5.940421e+00	 9.402055e+00	 4.631483e-01	 1.038490e+00	
71	: 1.543309e+00	 1.049554e+01	-9.913810e-01	 3.611655e+00	 7.171357e-01	 1.030102e+01	-4.713119e-01	 3.305447e+00	-9.820791e-02	 1.013177e+01	 1.040668e-01	 3.010068e+00	-1.366327e+00	 1.038125e+01	-2.864125e-01	 2.704476e+00	-1.774639e+00	 1.034852e+01	-1.052452e-01	 2.572165e+00	-2.235095e+00	 1.019412e+01	 2.399347e-01	 2.387709e+00	-5.747360e+00	 9.636360e+00	 4.351737e-01	 1.166700e+00	-5.314602e+00	 9.946799e+00	 2.307400e-01	 1.389659e+00	-4.996961e+00	 9.988632e+00	 2.990219e-01	 1.497501e+00	
72	:-3.645733e-01	 1.012699e+01	 3.158392e-01	 2.928725e+00	-5.044559e-01	 1.018681e+01	 4.902757e-01	 2.904706e+00	-6.952656e-01	 1.012780e+01	 7.541990e-01	 2.829760e+00	-2.329135e+00	 1.013569e+01	 3.610142e-01	 2.341968e+00	-2.171003e+00	 1.013794e+01	 3.993685e-01	 2.390080e+00	-2.032721e+00	 1.009386e+01	 5.513029e-01	 2.418342e+00	-4.768229e+00	 9.941026e+00	 3.225253e-01	 1.551839e+00	-4.218281e+00	 9.925892e+00	 2.478433e-01	 1.712283e+00	-3.657107e+00	 9.936954e+00	 3.108346e-01	 1.883954e+00	
73	:-7.460791e-01	 1.007783e+01	 8.517317e-01	 2.799526e+00	-7.041244e-01	 1.002526e+01	 9.047597e-01	 2.796340e+00	-6.731813e-01	 9.946987e+00	 1.019050e+00	 2.782142e+00	-1.910684e+00	 1.006934e+01	 6.000447e-01	 2.447596e+00	-1.623813e+00	 1.004260e+01	 5.977397e-01	 2.525635e+00	-1.347852e+00	 9.990403e+00	 6.813283e-01	 2.592765e+00	-3.307017e+00	 9.961528e+00	 3.175138e-01	 1.996353e+00	-2.679334e+00	 1.000172e+01	 2.599515e-01	 2.196717e+00	-2.062458e+00	 1.001670e+01	 3.129140e-01	 2.386273e+00	
74	:-6.169580e-01	 9.907300e+00	 1.024485e+00	 2.787103e+00	-4.615506e-01	 9.833177e+00	 9.170357e-01	 2.811488e+00	-3.277831e-01	 9.708562e+00	 8.525146e-01	 2.814234e+00	-1.172543e+00	 9.957276e+00	 6.795141e-01	 2.635420e+00	-8.419333e-01	 9.905249e+00	 5.738590e-01	 2.718995e+00	-5.158475e-01	 9.842667e+00	 5.295703e-01	 2.798046e+00	-1.719269e+00	 1.001105e+01	 3.075666e-01	 2.487534e+00	-1.141670e+00	 1.001188e+01	 2.163981e-01	 2.661064e+00	-5.514795e-01	 1.004210e+01	 2.050348e-01	 2.847186e+00	
75	:-2.682245e-01	 9.614876e+00	 7.562163e-01	 2.803996e+00	-1.520598e-01	 9.523149e+00	 4.685523e-01	 2.811327e+00	 1.258052e-02	 9.544531e+00	 1.908849e-01	 2.867133e+00	-3.864522e-01	 9.781462e+00	 4.669498e-01	 2.818503e+00	-2.273567e-01	 9.728249e+00	 2.607126e-01	 2.850268e+00	-1.001869e-02	 9.810934e+00	 6.110769e-02	 2.940275e+00	-3.351696e-01	 1.002070e+01	 1.818932e-01	 2.905658e+00	-1.462417e-01	 1.000038e+01	 6.432571e-02	 2.956242e+00	 1.106954e-01	 1.013876e+01	-4.997394e-02	 3.074836e+00	
76	:-1.501730e+01	 5.257973e+01	-2.578799e+01	 1.126873e+01	-1.340067e+01	 5.755231e+01	-1.789820e+01	 1.324549e+01	-1.294059e+01	 5.982628e+01	-1.003471e+01	 1.406571e+01	-1.400873e+01	 4.267935e+01	-1.177336e+01	 8.601186e+00	-1.399416e+01	 4.523853e+01	-1.094384e+01	 9.373311e+00	-1.453586e+01	 4.649976e+01	-1.012014e+01	 9.589169e+00	-1.322280e+01	 3.268356e+01	-7.714128e+00	 5.838227e+00	-1.392320e+01	 3.320952e+01	-8.992545e+00	 5.785897e+00	-1.457957e+01	 3.383819e+01	-1.025630e+01	 5.777583e+00	
77	:-1.131472e+01	 3.067598e+01	-8.087859e+00	 5.808377e+00	-1.182324e+01	 3.076392e+01	-8.587753e+00	 5.682204e+00	-1.214749e+01	 3.128183e+01	-9.069774e+00	 5.740301e+00	-7.382177e+00	 3.298473e+01	-6.860796e+00	 7.680765e+00	-7.353198e+00	 3.324202e+01	-6.404092e+00	 7.766647e+00	-7.258250e+00	 3.365324e+01	-5.938963e+00	 7.918496e+00	-6.520685e+00	 3.397731e+01	-5.409987e+00	 8.236989e+00	-6.363518e+00	 3.422853e+01	-4.972678e+00	 8.359505e+00	-6.258686e+00	 3.435764e+01	-4.536395e+00	 8.429686e+00	
78	:-7.139767e+00	 3.432279e+01	-4.679786e+00	 8.154907e+00	-7.080229e+00	 3.448515e+01	-4.617840e+00	 8.221476e+00	-7.093909e+00	 3.447667e+01	-4.558892e+00	 8.214827e+00	-7.642139e+00	 3.558310e+01	-4.170789e+00	 8.382290e+00	-7.707238e+00	 3.559148e+01	-4.501536e+00	 8.365272e+00	-7.799014e+00	 3.553760e+01	-4.832603e+00	 8.321577e+00	-7.363351e+00	 3.717820e+01	-4.289364e+00	 8.944455e+00	-7.437143e+00	 3.708228e+01	-4.628849e+00	 8.893541e+00	-7.491072e+00	 3.703270e+01	-4.965977e+00	 8.862489e+00	
79	:-6.843850e+00	 3.836567e+01	-4.602304e+00	 9.456545e+00	-6.863378e+00	 3.825900e+01	-4.803000e+00	 9.418686e+00	-6.855222e+00	 3.821693e+01	-5.000881e+00	 9.408513e+00	-6.221982e+00	 4.047217e+01	-5.147206e+00	 1.027506e+01	-6.152004e+00	 4.038759e+01	-5.214736e+00	 1.027067e+01	-6.073997e+00	 4.032174e+01	-5.280554e+00	 1.027432e+01	-6.189379e+00	 4.232612e+01	-5.681507e+00	 1.084102e+01	-6.077640e+00	 4.224317e+01	-5.778038e+00	 1.084966e+01	-5.977529e+00	 4.213308e+01	-5.873959e+00	 1.084667e+01	
80	:-6.302662e+00	 4.349874e+01	-6.059897e+00	 1.115882e+01	-6.204739e+00	 4.335976e+01	-6.229044e+00	 1.114651e+01	-6.122412e+00	 4.318439e+01	-6.397398e+00	 1.111859e+01	-5.808365e+00	 4.606714e+01	-7.284673e+00	 1.207763e+01	-5.720527e+00	 4.576793e+01	-7.537642e+00	 1.201422e+01	-5.642269e+00	 4.544637e+01	-7.788089e+00	 1.194123e+01	-4.483969e+00	 4.899129e+01	-9.209529e+00	 1.335220e+01	-4.331339e+00	 4.856395e+01	-9.496678e+00	 1.326978e+01	-4.182273e+00	 4.812829e+01	-9.779577e+00	 1.318381e+01	
81	:-3.209745e+00	 5.131506e+01	-1.052690e+01	 1.443159e+01	-2.977674e+00	 5.086030e+01	-1.082752e+01	 1.436479e+01	-2.746661e+00	 5.040308e+01	-1.112417e+01	 1.429692e+01	-1.557080e+00	 5.577576e+01	-1.283881e+01	 1.626560e+01	-1.240358e+00	 5.530198e+01	-1.316979e+01	 1.621849e+01	-9.221036e-01	 5.483177e+01	-1.349950e+01	 1.617290e+01	-1.245975e+00	 5.966151e+01	-1.540095e+01	 1.752466e+01	-9.611367e-01	 5.911875e+01	-1.574094e+01	 1.744729e+01	-6.721770e-01	 5.858561e+01	-1.608233e+01	 1.737403e+01	
82	:-1.491855e+00	 6.128165e+01	-1.731734e+01	 1.793694e+01	-1.371377e+00	 6.039022e+01	-1.759054e+01	 1.770565e+01	-1.252922e+00	 5.949407e+01	-1.786084e+01	 1.747235e+01	 3.927351e+00	 6.578147e+01	-2.363478e+01	 2.091265e+01	 4.079240e+00	 6.400267e+01	-2.380948e+01	 2.042457e+01	 4.205403e+00	 6.216384e+01	-2.396379e+01	 1.991077e+01	 1.819137e+01	 7.407193e+01	-3.375617e+01	 2.767899e+01	 1.913242e+01	 7.173051e+01	-3.402793e+01	 2.725888e+01	 2.002404e+01	 6.927375e+01	-3.426181e+01	 2.678934e+01	
83	: 2.730329e+01	 7.405127e+01	-3.537729e+01	 3.040637e+01	 2.877516e+01	 7.121941e+01	-3.577472e+01	 2.999837e+01	 3.028351e+01	 6.847268e+01	-3.615195e+01	 2.962686e+01	 3.619554e+01	 6.219406e+01	-3.359978e+01	 2.951688e+01	 3.602484e+01	 5.709193e+01	-3.250730e+01	 2.793503e+01	 3.620957e+01	 5.281911e+01	-3.147290e+01	 2.670860e+01	 4.129623e+01	 4.871190e+01	-3.992201e+01	 2.700244e+01	 3.609265e+01	 3.988651e+01	-3.470840e+01	 2.279375e+01	 3.156343e+01	 3.263460e+01	-2.963113e+01	 1.925941e+01	
84	:-7.675270e+00	 3.856282e+01	-3.091674e+01	 9.266264e+00	-1.018939e+01	 4.414273e+01	-3.102082e+01	 1.018600e+01	-1.261395e+01	 4.993161e+01	-3.102472e+01	 1.119530e+01	-1.250612e+01	 3.374462e+01	-1.308495e+01	 6.371551e+00	-1.305356e+01	 3.725211e+01	-1.263775e+01	 7.259566e+00	-1.357841e+01	 4.081233e+01	-1.212924e+01	 8.170175e+00	-1.265519e+01	 3.093290e+01	-7.603734e+00	 5.483312e+00	-1.291992e+01	 3.164628e+01	-7.157717e+00	 5.617908e+00	-1.322901e+01	 3.225612e+01	-6.689275e+00	 5.708131e+00	
85	:-1.043901e+01	 3.114564e+01	-8.052862e+00	 6.211987e+00	-1.078940e+01	 3.101032e+01	-7.869952e+00	 6.066275e+00	-1.119357e+01	 3.074954e+01	-7.677636e+00	 5.866791e+00	-7.323283e+00	 3.269590e+01	-6.848262e+00	 7.611784e+00	-7.327699e+00	 3.283379e+01	-7.027115e+00	 7.651827e+00	-7.351223e+00	 3.292709e+01	-7.202426e+00	 7.672760e+00	-6.728327e+00	 3.316583e+01	-5.245552e+00	 7.931251e+00	-6.640686e+00	 3.346810e+01	-5.500193e+00	 8.048224e+00	-6.537491e+00	 3.380667e+01	-5.757155e+00	 8.180753e+00	
86	:-7.155515e+00	 3.361104e+01	-4.413985e+00	 7.936656e+00	-7.157101e+00	 3.386392e+01	-4.578297e+00	 8.012045e+00	-7.138070e+00	 3.416491e+01	-4.745467e+00	 8.108052e+00	-7.346006e+00	 3.547355e+01	-3.826434e+00	 8.438262e+00	-7.470121e+00	 3.551067e+01	-3.881069e+00	 8.412165e+00	-7.590881e+00	 3.555563e+01	-3.934547e+00	 8.389424e+00	-7.156418e+00	 3.749895e+01	-3.874721e+00	 9.102759e+00	-7.229162e+00	 3.739485e+01	-3.962100e+00	 9.049706e+00	-7.315813e+00	 3.725830e+01	-4.044306e+00	 8.982745e+00	
87	:-6.911776e+00	 3.870005e+01	-4.138049e+00	 9.536483e+00	-6.867031e+00	 3.859549e+01	-4.303739e+00	 9.518537e+00	-6.837018e+00	 3.845655e+01	-4.464404e+00	 9.485859e+00	-6.598723e+00	 4.065734e+01	-4.654516e+00	 1.021758e+01	-6.440414e+00	 4.059006e+01	-4.887789e+00	 1.024489e+01	-6.282406e+00	 4.052208e+01	-5.120566e+00	 1.027190e+01	-6.429330e+00	 4.255306e+01	-5.279827e+00	 1.083712e+01	-6.353525e+00	 4.243903e+01	-5.461625e+00	 1.082565e+01	-6.263588e+00	 4.235798e+01	-5.647453e+00	 1.082832e+01	
88	:-6.255375e+00	 4.394018e+01	-5.759227e+00	 1.130544e+01	-6.307652e+00	 4.374130e+01	-5.867146e+00	 1.123009e+01	-6.349203e+00	 4.356744e+01	-5.978168e+00	 1.116547e+01	-5.682926e+00	 4.687304e+01	-6.897604e+00	 1.235703e+01	-5.750642e+00	 4.657594e+01	-7.019134e+00	 1.224759e+01	-5.833764e+00	 4.624290e+01	-7.136054e+00	 1.212274e+01	-5.030979e+00	 4.983996e+01	-8.324895e+00	 1.344270e+01	-4.780047e+00	 4.958784e+01	-8.675630e+00	 1.344234e+01	-4.570655e+00	 4.923880e+01	-9.014042e+00	 1.340044e+01	
89	:-4.397296e+00	 5.209853e+01	-9.199867e+00	 1.431037e+01	-3.867438e+00	 5.187244e+01	-9.758693e+00	 1.440150e+01	-3.370705e+00	 5.156906e+01	-1.030693e+01	 1.445951e+01	-2.937980e+00	 5.686471e+01	-1.138186e+01	 1.617802e+01	-2.366045e+00	 5.642689e+01	-1.199427e+01	 1.621825e+01	-1.772187e+00	 5.604023e+01	-1.260975e+01	 1.628041e+01	-1.502007e+00	 6.162089e+01	-1.478608e+01	 1.803567e+01	-1.480024e+00	 6.071762e+01	-1.499792e+01	 1.777128e+01	-1.381070e+00	 5.999394e+01	-1.522651e+01	 1.758386e+01	
90	:-5.311711e-01	 6.433379e+01	-1.762005e+01	 1.914079e+01	-1.030055e+00	 6.302476e+01	-1.741956e+01	 1.859841e+01	-1.478374e+00	 6.183372e+01	-1.722832e+01	 1.810660e+01	 4.497807e+00	 7.024132e+01	-2.388886e+01	 2.242174e+01	 4.243299e+00	 6.863955e+01	-2.374152e+01	 2.186485e+01	 3.893564e+00	 6.681557e+01	-2.356400e+01	 2.121274e+01	 1.435037e+01	 7.821611e+01	-3.127787e+01	 2.776995e+01	 1.604780e+01	 7.705340e+01	-3.238646e+01	 2.793036e+01	 1.750422e+01	 7.532830e+01	-3.342546e+01	 2.784976e+01	
91	: 2.079030e+01	 8.001605e+01	-3.068278e+01	 3.024190e+01	 2.352764e+01	 7.790842e+01	-3.277840e+01	 3.043082e+01	 2.618718e+01	 7.561925e+01	-3.482490e+01	 3.054193e+01	 3.513893e+01	 7.911405e+01	-3.465643e+01	 3.427590e+01	 3.532722e+01	 7.153273e+01	-3.434840e+01	 3.205798e+01	 3.614436e+01	 6.541874e+01	-3.410100e+01	 3.046893e+01	 5.751867e+01	 8.165396e+01	-6.052137e+01	 4.175179e+01	 5.040414e+01	 6.656161e+01	-5.197968e+01	 3.508972e+01	 4.462515e+01	 5.458549e+01	-4.360837e+01	 2.976319e+01	
92	:-2.982347e+01	-1.402568e+00	-2.645320e-01	-9.367813e+00	-2.943338e+01	-1.187545e+00	-1.271174e+00	-9.186277e+00	-2.900003e+01	-8.716050e-01	-2.309684e+00	-8.961490e+00	-9.495528e+00	 1.128427e+01	-4.178136e-01	 5.366232e-01	-9.519303e+00	 1.143222e+01	-1.856610e+00	 5.738740e-01	-9.432545e+00	 1.183807e+01	-3.312555e+00	 7.216571e-01	-3.055489e+00	 1.801915e+01	-4.821290e-01	 4.489099e+00	-3.209770e+00	 1.822146e+01	-2.106380e+00	 4.503507e+00	-3.186238e+00	 1.883867e+01	-3.733058e+00	 4.695728e+00	
93	:-2.853804e+01	-5.533379e-01	-3.002954e+00	-8.727415e+00	-2.733126e+01	 3.470151e-01	-4.390840e+00	-8.095272e+00	-2.599984e+01	 1.538172e+00	-5.878726e+00	-7.338500e+00	-9.429236e+00	 1.215484e+01	-4.171546e+00	 8.176806e-01	-9.473660e+00	 1.290981e+01	-5.689574e+00	 1.030846e+00	-9.359581e+00	 1.403462e+01	-7.258918e+00	 1.402513e+00	-3.286441e+00	 1.930615e+01	-4.649842e+00	 4.805913e+00	-3.644925e+00	 2.031738e+01	-6.173815e+00	 5.001737e+00	-3.811035e+00	 2.177749e+01	-7.700421e+00	 5.389935e+00	
94	:-2.486257e+01	 2.531422e+00	-7.093970e+00	-6.699343e+00	-2.200232e+01	 5.414937e+00	-9.867055e+00	-4.976214e+00	-1.857832e+01	 9.613855e+00	-1.287150e+01	-2.689339e+00	-9.448917e+00	 1.477829e+01	-8.150558e+00	 1.598813e+00	-9.735529e+00	 1.652286e+01	-9.681285e+00	 2.036199e+00	-9.655323e+00	 1.912333e+01	-1.131904e+01	 2.840402e+00	-4.157758e+00	 2.268696e+01	-8.442433e+00	 5.558759e+00	-5.197675e+00	 2.431838e+01	-9.452867e+00	 5.736211e+00	-6.067700e+00	 2.634622e+01	-1.044598e+01	 6.083555e+00	
95	:-1.689133e+01	 1.252946e+01	-1.542023e+01	-1.308559e+00	-1.364881e+01	 2.037810e+01	-2.119900e+01	 2.018786e+00	-8.496020e+00	 3.268404e+01	-2.724714e+01	 7.256405e+00	-1.009095e+01	 2.079621e+01	-1.200003e+01	 3.211580e+00	-1.131207e+01	 2.477548e+01	-1.269000e+01	 4.039022e+00	-1.161471e+01	 3.089786e+01	-1.346766e+01	 5.784946e+00	-6.911626e+00	 2.751107e+01	-1.052757e+01	 6.179835e+00	-9.098730e+00	 2.911996e+01	-9.765329e+00	 6.006370e+00	-1.135914e+01	 3.055780e+01	-8.909062e+00	 5.759596e+00	
96	:-4.692672e+00	 2.027758e+01	-4.163433e-01	 4.675472e+00	-4.837815e+00	 2.048163e+01	-1.820598e+00	 4.693146e+00	-4.808082e+00	 2.109373e+01	-3.222469e+00	 4.885696e+00	-6.566334e+00	 2.567199e+01	-2.381174e-01	 5.731698e+00	-6.709914e+00	 2.575898e+01	-1.043289e+00	 5.714718e+00	-6.755996e+00	 2.607345e+01	-1.844260e+00	 5.795238e+00	-6.537683e+00	 3.188168e+01	-1.446849e-01	 7.603200e+00	-6.644747e+00	 3.186657e+01	-6.344925e-01	 7.566548e+00	-6.731690e+00	 3.189841e+01	-1.118284e+00	 7.550017e+00	
97	:-4.882939e+00	 2.156398e+01	-4.001696e+00	 5.004312e+00	-5.168593e+00	 2.257096e+01	-5.271288e+00	 5.220711e+00	-5.277320e+00	 2.399078e+01	-6.528664e+00	 5.614037e+00	-6.854458e+00	 2.631066e+01	-2.275832e+00	 5.836861e+00	-7.151596e+00	 2.680000e+01	-2.951267e+00	 5.894522e+00	-7.358758e+00	 2.749929e+01	-3.612143e+00	 6.042160e+00	-6.830463e+00	 3.191256e+01	-1.377537e+00	 7.524629e+00	-7.093989e+00	 3.190359e+01	-1.777639e+00	 7.442881e+00	-7.354491e+00	 3.190168e+01	-2.160841e+00	 7.364156e+00	
98	:-5.485106e+00	 2.490388e+01	-7.150090e+00	 5.825633e+00	-6.141785e+00	 2.650215e+01	-8.004163e+00	 6.108109e+00	-6.701084e+00	 2.832763e+01	-8.808723e+00	 6.487964e+00	-7.498411e+00	 2.797336e+01	-3.952381e+00	 6.142486e+00	-7.800117e+00	 2.883568e+01	-4.447013e+00	 6.310668e+00	-8.056702e+00	 2.980327e+01	-4.905836e+00	 6.523971e+00	-7.489655e+00	 3.190944e+01	-2.368426e+00	 7.325936e+00	-7.700204e+00	 3.192274e+01	-2.695231e+00	 7.266760e+00	-7.917890e+00	 3.191938e+01	-2.999932e+00	 7.200447e+00	
99	:-7.126157e+00	 2.940013e+01	-9.013596e+00	 6.682192e+00	-8.288776e+00	 3.065092e+01	-8.862810e+00	 6.708643e+00	-9.758597e+00	 3.118490e+01	-8.584634e+00	 6.427892e+00	-8.032609e+00	 3.046704e+01	-5.221553e+00	 6.730329e+00	-7.799285e+00	 3.153302e+01	-5.831843e+00	 7.120119e+00	-7.685139e+00	 3.232091e+01	-6.381777e+00	 7.390731e+00	-7.896896e+00	 3.198059e+01	-3.281636e+00	 7.225108e+00	-7.558018e+00	 3.230873e+01	-3.963584e+00	 7.425213e+00	-7.150296e+00	 3.279751e+01	-4.652208e+00	 7.694163e+00	
100	:-6.393961e+00	 3.425205e+01	-1.325757e-01	 8.357425e+00	-6.449476e+00	 3.422559e+01	-5.819185e-01	 8.332834e+00	-6.506881e+00	 3.419473e+01	-1.025693e+00	 8.306354e+00	-6.953265e+00	 3.574899e+01	-1.282083e-01	 8.638719e+00	-6.932421e+00	 3.575809e+01	-5.665930e-01	 8.647702e+00	-6.911724e+00	 3.576685e+01	-1.002766e+00	 8.656538e+00	-7.197490e+00	 3.738098e+01	-1.215898e-01	 9.055046e+00	-7.164897e+00	 3.739794e+01	-5.426268e-01	 9.069913e+00	-7.130708e+00	 3.741863e+01	-9.648088e-01	 9.086377e+00	
101	:-6.564124e+00	 3.416354e+01	-1.273370e+00	 8.279823e+00	-6.714303e+00	 3.406186e+01	-1.674719e+00	 8.204266e+00	-6.883204e+00	 3.391649e+01	-2.061181e+00	 8.109986e+00	-6.886596e+00	 3.577691e+01	-1.260186e+00	 8.667095e+00	-6.825045e+00	 3.579316e+01	-1.706429e+00	 8.690435e+00	-6.769996e+00	 3.579424e+01	-2.147044e+00	 8.707273e+00	-7.093883e+00	 3.743966e+01	-1.217073e+00	 9.103732e+00	-6.998861e+00	 3.749744e+01	-1.663400e+00	 9.149573e+00	-6.898121e+00	 3.756856e+01	-2.113360e+00	 9.201131e+00	
102	:-6.969617e+00	 3.382051e+01	-2.273519e+00	 8.055268e+00	-7.098120e+00	 3.363499e+01	-2.616802e+00	 7.961062e+00	-7.246042e+00	 3.340416e+01	-2.945268e+00	 7.847436e+00	-6.726756e+00	 3.579373e+01	-2.397148e+00	 8.720093e+00	-6.635056e+00	 3.578661e+01	-2.817401e+00	 8.745466e+00	-6.552723e+00	 3.575763e+01	-3.234176e+00	 8.761473e+00	-6.840610e+00	 3.761408e+01	-2.377465e+00	 9.232041e+00	-6.746959e+00	 3.769181e+01	-2.837826e+00	 9.283456e+00	-6.652619e+00	 3.777115e+01	-3.306047e+00	 9.335560e+00	
103	:-7.313099e+00	 3.327097e+01	-3.168089e+00	 7.787360e+00	-7.315457e+00	 3.323111e+01	-3.628611e+00	 7.774697e+00	-7.213046e+00	 3.343572e+01	-4.110357e+00	 7.866802e+00	-6.606719e+00	 3.569288e+01	-3.419716e+00	 8.725847e+00	-6.842620e+00	 3.557397e+01	-3.645495e+00	 8.619404e+00	-7.038323e+00	 3.554885e+01	-3.875461e+00	 8.553158e+00	-6.661621e+00	 3.778852e+01	-3.512474e+00	 9.338071e+00	-6.803072e+00	 3.773112e+01	-3.740272e+00	 9.278416e+00	-6.968897e+00	 3.761685e+01	-3.955218e+00	 9.194387e+00	
104	:-7.080152e+00	 3.872337e+01	-1.209110e-01	 9.492966e+00	-7.068968e+00	 3.872687e+01	-5.419465e-01	 9.497370e+00	-7.058864e+00	 3.872784e+01	-9.644325e-01	 9.500694e+00	-6.940470e+00	 4.148690e+01	-1.355545e-01	 1.036393e+01	-6.944236e+00	 4.146640e+01	-6.039499e-01	 1.035665e+01	-6.960022e+00	 4.141786e+01	-1.071489e+00	 1.033735e+01	-7.272348e+00	 4.404833e+01	-1.639927e-01	 1.103280e+01	-7.246659e+00	 4.402288e+01	-7.198610e-01	 1.103287e+01	-7.243929e+00	 4.394384e+01	-1.272566e+00	 1.100997e+01	
105	:-7.048403e+00	 3.872997e+01	-1.213110e+00	 9.504471e+00	-7.018175e+00	 3.874654e+01	-1.647061e+00	 9.518511e+00	-6.982240e+00	 3.877643e+01	-2.085340e+00	 9.538258e+00	-6.973045e+00	 4.137787e+01	-1.338590e+00	 1.032145e+01	-6.998479e+00	 4.129721e+01	-1.787852e+00	 1.028962e+01	-7.030460e+00	 4.120129e+01	-2.234568e+00	 1.025125e+01	-7.229012e+00	 4.388376e+01	-1.582839e+00	 1.099643e+01	-7.177793e+00	 4.376259e+01	-2.092343e+00	 1.097544e+01	-7.145374e+00	 4.359756e+01	-2.592428e+00	 1.093566e+01	
106	:-6.976071e+00	 3.879231e+01	-2.345850e+00	 9.544871e+00	-6.992471e+00	 3.881308e+01	-2.804721e+00	 9.546184e+00	-7.005742e+00	 3.884116e+01	-3.270873e+00	 9.550625e+00	-7.067492e+00	 4.113247e+01	-2.493654e+00	 1.021949e+01	-7.157604e+00	 4.100398e+01	-2.935031e+00	 1.015391e+01	-7.246252e+00	 4.087889e+01	-3.370366e+00	 1.008979e+01	-7.112473e+00	 4.349254e+01	-2.864943e+00	 1.091402e+01	-7.019826e+00	 4.332469e+01	-3.294932e+00	 1.089146e+01	-6.927380e+00	 4.315636e+01	-3.705556e+00	 1.086869e+01	
107	:-6.994485e+00	 3.886481e+01	-3.501028e+00	 9.561098e+00	-6.971077e+00	 3.885140e+01	-3.811172e+00	 9.564097e+00	-6.988767e+00	 3.874210e+01	-4.105929e+00	 9.525999e+00	-7.212929e+00	 4.084091e+01	-3.619883e+00	 1.008840e+01	-7.032659e+00	 4.078206e+01	-4.041357e+00	 1.012482e+01	-6.886387e+00	 4.064388e+01	-4.455774e+00	 1.012725e+01	-6.844021e+00	 4.306874e+01	-3.968637e+00	 1.086741e+01	-6.667237e+00	 4.289573e+01	-4.475411e+00	 1.086855e+01	-6.517353e+00	 4.265995e+01	-4.983458e+00	 1.084278e+01	
108	:-7.436278e+00	 4.596200e+01	-1.831981e-01	 1.155772e+01	-7.376108e+00	 4.594340e+01	-7.977614e-01	 1.157019e+01	-7.344436e+00	 4.585830e+01	-1.409361e+00	 1.155416e+01	-7.197689e+00	 5.017832e+01	-2.142471e-01	 1.289419e+01	-7.114336e+00	 5.016002e+01	-9.362990e-01	 1.291371e+01	-7.067571e+00	 5.005635e+01	-1.658380e+00	 1.289663e+01	-6.702452e+00	 5.450463e+01	-2.490022e-01	 1.434065e+01	-6.653530e+00	 5.446195e+01	-1.108209e+00	 1.434253e+01	-6.649287e+00	 5.431501e+01	-1.970438e+00	 1.429972e+01	
109	:-7.292964e+00	 4.579809e+01	-1.751927e+00	 1.155154e+01	-7.146647e+00	 4.567884e+01	-2.313673e+00	 1.155966e+01	-7.027114e+00	 4.549709e+01	-2.866444e+00	 1.154099e+01	-6.992823e+00	 4.998387e+01	-2.068806e+00	 1.289732e+01	-6.786184e+00	 4.983037e+01	-2.756763e+00	 1.291326e+01	-6.621510e+00	 4.957894e+01	-3.444148e+00	 1.288723e+01	-6.615099e+00	 5.420291e+01	-2.473555e+00	 1.427634e+01	-6.509904e+00	 5.394582e+01	-3.343388e+00	 1.423078e+01	-6.461856e+00	 5.355539e+01	-4.221053e+00	 1.412806e+01	
110	:-6.912324e+00	 4.538841e+01	-3.157921e+00	 1.154283e+01	-6.627778e+00	 4.521910e+01	-3.600754e+00	 1.157740e+01	-6.355133e+00	 4.502201e+01	-4.025231e+00	 1.160006e+01	-6.459371e+00	 4.942355e+01	-3.814775e+00	 1.288925e+01	-6.072327e+00	 4.912821e+01	-4.400405e+00	 1.291676e+01	-5.735723e+00	 4.871517e+01	-4.984470e+00	 1.289383e+01	-6.393501e+00	 5.329280e+01	-4.728148e+00	 1.406979e+01	-6.227198e+00	 5.273289e+01	-5.597885e+00	 1.395171e+01	-6.149875e+00	 5.196536e+01	-6.482850e+00	 1.374465e+01	
111	:-6.246893e+00	 4.487474e+01	-4.309383e+00	 1.158835e+01	-6.151775e+00	 4.455589e+01	-4.873058e+00	 1.152124e+01	-6.075073e+00	 4.419408e+01	-5.436449e+00	 1.143570e+01	-5.621311e+00	 4.839999e+01	-5.342564e+00	 1.283360e+01	-5.529830e+00	 4.781139e+01	-5.981081e+00	 1.268447e+01	-5.434709e+00	 4.723128e+01	-6.605631e+00	 1.253897e+01	-6.046707e+00	 5.147483e+01	-6.932473e+00	 1.362844e+01	-5.695471e+00	 5.072934e+01	-7.564959e+00	 1.351016e+01	-5.318538e+00	 5.004382e+01	-8.169795e+00	 1.341758e+01	
112	:-6.203595e+00	 5.739134e+01	-2.778902e-01	 1.535632e+01	-6.196048e+00	 5.731723e+01	-1.250166e+00	 1.533635e+01	-6.241784e+00	 5.711879e+01	-2.223838e+00	 1.526310e+01	-5.804197e+00	 6.263388e+01	-3.611064e-01	 1.704891e+01	-5.760597e+00	 6.253780e+01	-1.616468e+00	 1.703316e+01	-5.791755e+00	 6.226728e+01	-2.864646e+00	 1.694266e+01	-6.417994e+00	 6.744220e+01	-4.769952e-01	 1.830726e+01	-6.173172e+00	 6.739493e+01	-2.094186e+00	 1.836653e+01	-6.024583e+00	 6.712311e+01	-3.695612e+00	 1.832956e+01	
113	:-6.256702e+00	 5.696097e+01	-2.798625e+00	 1.521128e+01	-6.267287e+00	 5.660525e+01	-3.801727e+00	 1.510139e+01	-6.338983e+00	 5.610693e+01	-4.808592e+00	 1.493038e+01	-5.781674e+00	 6.205761e+01	-3.590722e+00	 1.688278e+01	-5.706057e+00	 6.163049e+01	-4.830311e+00	 1.677733e+01	-5.689995e+00	 6.106440e+01	-6.051272e+00	 1.661232e+01	-5.816017e+00	 6.693594e+01	-4.594231e+00	 1.833598e+01	-5.223190e+00	 6.662214e+01	-6.064599e+00	 1.841969e+01	-4.688361e+00	 6.617301e+01	-7.493950e+00	 1.844539e+01	
114	:-6.369322e+00	 5.576619e+01	-5.409803e+00	 1.481906e+01	-6.418075e+00	 5.505577e+01	-6.473275e+00	 1.459131e+01	-6.553021e+00	 5.414423e+01	-7.547139e+00	 1.427736e+01	-5.672841e+00	 6.068780e+01	-6.768233e+00	 1.650449e+01	-5.616090e+00	 5.999207e+01	-8.008265e+00	 1.631279e+01	-5.597413e+00	 5.920749e+01	-9.225279e+00	 1.608302e+01	-4.311141e+00	 6.589452e+01	-8.273658e+00	 1.847501e+01	-3.505735e+00	 6.548910e+01	-9.513819e+00	 1.859501e+01	-2.690285e+00	 6.510711e+01	-1.069755e+01	 1.872505e+01	
115	:-6.425897e+00	 5.363285e+01	-8.033305e+00	 1.416209e+01	-5.801581e+00	 5.290955e+01	-8.607713e+00	 1.413239e+01	-5.182107e+00	 5.217496e+01	-9.157754e+00	 1.409786e+01	-5.334947e+00	 5.881775e+01	-9.788477e+00	 1.604484e+01	-4.512191e+00	 5.812176e+01	-1.052214e+01	 1.608287e+01	-3.821284e+00	 5.711812e+01	-1.125639e+01	 1.598905e+01	-2.245175e+00	 6.485929e+01	-1.142195e+01	 1.878423e+01	-1.704577e+00	 6.398463e+01	-1.278055e+01	 1.868402e+01	-1.422835e+00	 6.250598e+01	-1.416471e+01	 1.832494e+01	
116	:-5.228918e+00	 7.472269e+01	-5.636916e-01	 2.084813e+01	-4.836982e+00	 7.465998e+01	-2.449210e+00	 2.094690e+01	-4.593679e+00	 7.425046e+01	-4.319777e+00	 2.089704e+01	-4.139285e-01	 9.498297e+01	-8.256034e-01	 2.837071e+01	 3.440874e-02	 9.471214e+01	-3.595931e+00	 2.842396e+01	 1.755207e-01	 9.372445e+01	-6.362679e+00	 2.816999e+01	 3.565931e+00	 1.148853e+02	-1.243920e+00	 3.553538e+01	 3.851748e+00	 1.143126e+02	-5.480563e+00	 3.544929e+01	 3.671747e+00	 1.126529e+02	-9.725000e+00	 3.489739e+01	
117	:-4.264812e+00	 7.396511e+01	-5.349624e+00	 2.091009e+01	-3.353555e+00	 7.345096e+01	-7.001471e+00	 2.102922e+01	-2.553109e+00	 7.267825e+01	-8.612577e+00	 2.103754e+01	 4.818150e-01	 9.297739e+01	-7.892531e+00	 2.803776e+01	 1.401906e+00	 9.141792e+01	-1.037419e+01	 2.784595e+01	 2.028132e+00	 8.917276e+01	-1.283844e+01	 2.736027e+01	 3.761019e+00	 1.113608e+02	-1.211939e+01	 3.453654e+01	 4.240638e+00	 1.085634e+02	-1.610204e+01	 3.384122e+01	 4.243340e+00	 1.046533e+02	-2.009063e+01	 3.266898e+01	
118	:-1.984571e+00	 7.218159e+01	-9.450095e+00	 2.105910e+01	-7.816331e-01	 7.136325e+01	-1.070305e+01	 2.117449e+01	 3.873415e-01	 7.046567e+01	-1.189346e+01	 2.125590e+01	 2.562984e+00	 8.768634e+01	-1.410946e+01	 2.707480e+01	 3.813856e+00	 8.491462e+01	-1.599194e+01	 2.661854e+01	 4.831420e+00	 8.159852e+01	-1.782431e+01	 2.592898e+01	 4.544167e+00	 1.020912e+02	-2.220316e+01	 3.199062e+01	 5.603821e+00	 9.726363e+01	-2.544610e+01	 3.086023e+01	 6.230820e+00	 9.142651e+01	-2.865136e+01	 2.929720e+01	
119	: 7.454391e-01	 6.976240e+01	-1.278409e+01	 2.115235e+01	 7.030151e-01	 6.800044e+01	-1.469303e+01	 2.061104e+01	 4.654362e-01	 6.578312e+01	-1.659942e+01	 1.987457e+01	 5.072051e+00	 7.934430e+01	-1.896969e+01	 2.532491e+01	 5.129329e+00	 7.549226e+01	-2.102563e+01	 2.418648e+01	 5.337364e+00	 7.199200e+01	-2.295743e+01	 2.319881e+01	 6.965501e+00	 8.788341e+01	-2.989511e+01	 2.845467e+01	 9.463104e+00	 8.294443e+01	-3.082970e+01	 2.772226e+01	 1.245738e+01	 7.916434e+01	-3.151856e+01	 2.748651e+01	
120	: 4.790784e+00	 1.206835e+02	-1.327221e+00	 3.764228e+01	 4.956681e+00	 1.200792e+02	-5.885857e+00	 3.751077e+01	 4.669228e+00	 1.184171e+02	-1.046104e+01	 3.692591e+01	 3.680084e+01	 1.343267e+02	-9.589856e-01	 5.133827e+01	 3.662606e+01	 1.338771e+02	-4.305713e+00	 5.115096e+01	 3.619937e+01	 1.328397e+02	-7.687689e+00	 5.071173e+01	 1.172102e+02	 1.687125e+02	-3.812674e-01	 8.577684e+01	 1.163348e+02	 1.682633e+02	-1.777493e+00	 8.537942e+01	 1.154088e+02	 1.676963e+02	-3.227671e+00	 8.493151e+01	
121	: 4.684007e+00	 1.171268e+02	-1.306689e+01	 3.654326e+01	 4.994386e+00	 1.142899e+02	-1.745873e+01	 3.578527e+01	 4.808250e+00	 1.102943e+02	-2.188575e+01	 3.453077e+01	 3.595403e+01	 1.320059e+02	-9.701988e+00	 5.038799e+01	 3.545441e+01	 1.299840e+02	-1.329191e+01	 4.963151e+01	 3.457397e+01	 1.270734e+02	-1.699418e+01	 4.849422e+01	 1.143663e+02	 1.670888e+02	-4.312041e+00	 8.443653e+01	 1.115711e+02	 1.652452e+02	-6.675808e+00	 8.304490e+01	 1.085108e+02	 1.627830e+02	-9.229104e+00	 8.138815e+01	
122	: 5.107339e+00	 1.077041e+02	-2.425704e+01	 3.384343e+01	 6.288409e+00	 1.027216e+02	-2.797151e+01	 3.270301e+01	 6.922024e+00	 9.646173e+01	-3.170968e+01	 3.101513e+01	 3.423351e+01	 1.250901e+02	-1.920453e+01	 4.779709e+01	 3.371045e+01	 1.206401e+02	-2.316903e+01	 4.630516e+01	 3.244477e+01	 1.144573e+02	-2.735577e+01	 4.407062e+01	 1.059864e+02	 1.607447e+02	-1.136331e+01	 8.001934e+01	 9.993741e+01	 1.551893e+02	-1.629344e+01	 7.653800e+01	 9.295062e+01	 1.474456e+02	-2.164435e+01	 7.211887e+01	
123	: 8.302083e+00	 9.281134e+01	-3.273537e+01	 3.033403e+01	 1.272658e+01	 8.726299e+01	-3.241048e+01	 2.999687e+01	 1.709247e+01	 8.157789e+01	-3.193657e+01	 2.960111e+01	 3.279471e+01	 1.105468e+02	-2.932157e+01	 4.300247e+01	 3.424945e+01	 1.009266e+02	-3.194366e+01	 4.055281e+01	 3.339146e+01	 8.590995e+01	-3.487064e+01	 3.579042e+01	 8.861562e+01	 1.417088e+02	-2.716361e+01	 6.909731e+01	 7.836267e+01	 1.242718e+02	-4.099778e+01	 6.079033e+01	 6.354287e+01	 9.617876e+01	-5.559076e+01	 4.791649e+01	
124	:-4.189168e+01	-1.103186e-01	-2.061180e-02	-1.260060e+01	-4.158225e+01	 1.358962e-01	-2.346676e-03	-1.243391e+01	-4.144825e+01	-2.721962e-02	 2.652131e-02	-1.244264e+01	-3.904117e+01	 1.556924e-02	-3.072917e-02	-1.170768e+01	-3.872414e+01	 1.508937e-01	-1.558810e-01	-1.157197e+01	-3.853163e+01	-4.361082e-03	-2.047994e-01	-1.156080e+01	-3.639568e+01	 5.359463e-02	-6.614324e-02	-1.090263e+01	-3.596894e+01	 1.217825e-01	-3.196326e-01	-1.075415e+01	-3.561585e+01	 1.814262e-02	-4.312577e-01	-1.067931e+01	
125	:-4.131805e+01	-2.260568e-01	-6.115404e-02	-1.246323e+01	-4.078417e+01	-2.319044e-01	-1.345447e-01	-1.230482e+01	-4.008423e+01	 1.497277e-01	 2.004583e-01	-1.198035e+01	-3.821422e+01	-1.023780e-01	-2.936226e-01	-1.149498e+01	-3.720773e+01	-3.152450e-02	-4.157076e-01	-1.117178e+01	-3.615817e+01	 1.398178e-01	-2.536000e-01	-1.080551e+01	-3.513773e+01	 9.583419e-03	-5.274456e-01	-1.053844e+01	-3.385183e+01	 7.433740e-02	-7.346682e-01	-1.013325e+01	-3.264586e+01	-4.741082e-02	-7.818992e-01	-9.807982e+00	
126	:-3.993331e+01	 3.759039e-01	 1.795582e-01	-1.186722e+01	-4.036787e+01	 1.806241e-01	-3.879981e-02	-1.205617e+01	-4.102869e+01	-5.425946e-01	 4.432097e-01	-1.247139e+01	-3.561767e+01	 2.330758e-01	-4.377811e-01	-1.061538e+01	-3.492252e+01	 1.191476e-01	-7.552782e-01	-1.044101e+01	-3.435897e+01	-3.018321e-01	-4.876975e-02	-1.039824e+01	-3.162549e+01	-4.838102e-02	-1.131804e+00	-9.502162e+00	-2.929721e+01	 1.348011e-01	-1.520391e+00	-8.748722e+00	-2.700585e+01	 2.318192e-01	-5.613344e-01	-8.032209e+00	
127	:-3.990205e+01	-5.493670e-01	-4.963675e-02	-1.213542e+01	-3.565080e+01	-5.057495e-01	-9.137266e-01	-1.084697e+01	-3.206158e+01	-2.006850e+00	 9.544461e-01	-1.022053e+01	-3.235054e+01	 6.625407e-02	-4.291485e-01	-9.685286e+00	-2.594580e+01	 1.906909e+00	-3.461109e+00	-7.211669e+00	-1.956992e+01	 3.680251e+00	-7.046581e+00	-4.766900e+00	-2.545646e+01	 4.001205e-01	-7.664908e-01	-7.516903e+00	-2.200944e+01	 1.847297e+00	-5.778714e+00	-6.048642e+00	-1.795809e+01	 4.704565e+00	-1.463022e+01	-3.976057e+00	
