patch connectivity
0   1   2   3   4   5   6   7   8   9   10   11   12   13   14   15   16   17   18   19   20   21   22   23   24   25   26   27   28   29   30   31   32   33   34   35   36   37   38   39   40   41   42   43   44   45   46   47   48   49   50   51   52   53   54   55   56   57   58   59   60   61   62   63   64   65   66   67   68   69   70   71   72   73   74   75   76   77   78   79   80   81   82   83   84   85   86   87   88   89   90   91   92   93   94   95   96   97   98   99

control point infomation
0      0.000000000000000000000e+00      0.000000000000000000000e+00      1.000000000000000000000e+00
1      6.250000000000000000000e-01      0.000000000000000000000e+00      1.000000000000000000000e+00
2      1.875000000000000000000e+00      0.000000000000000000000e+00      1.000000000000000000000e+00
3      3.125000000000000000000e+00      0.000000000000000000000e+00      1.000000000000000000000e+00
4      4.375000000000000000000e+00      0.000000000000000000000e+00      1.000000000000000000000e+00
5      5.625000000000000000000e+00      0.000000000000000000000e+00      1.000000000000000000000e+00
6      6.875000000000000000000e+00      0.000000000000000000000e+00      1.000000000000000000000e+00
7      8.125000000000000000000e+00      0.000000000000000000000e+00      1.000000000000000000000e+00
8      9.375000000000000000000e+00      0.000000000000000000000e+00      1.000000000000000000000e+00
9      1.000000000000000000000e+01      0.000000000000000000000e+00      1.000000000000000000000e+00
10      0.000000000000000000000e+00      6.250000000000000000000e-01      1.000000000000000000000e+00
11      6.250000000000000000000e-01      6.250000000000000000000e-01      1.000000000000000000000e+00
12      1.875000000000000000000e+00      6.250000000000000000000e-01      1.000000000000000000000e+00
13      3.125000000000000000000e+00      6.250000000000000000000e-01      1.000000000000000000000e+00
14      4.375000000000000000000e+00      6.250000000000000000000e-01      1.000000000000000000000e+00
15      5.625000000000000000000e+00      6.250000000000000000000e-01      1.000000000000000000000e+00
16      6.875000000000000000000e+00      6.250000000000000000000e-01      1.000000000000000000000e+00
17      8.125000000000000000000e+00      6.250000000000000000000e-01      1.000000000000000000000e+00
18      9.375000000000000000000e+00      6.250000000000000000000e-01      1.000000000000000000000e+00
19      1.000000000000000000000e+01      6.250000000000000000000e-01      1.000000000000000000000e+00
20      0.000000000000000000000e+00      1.875000000000000000000e+00      1.000000000000000000000e+00
21      6.250000000000000000000e-01      1.875000000000000000000e+00      1.000000000000000000000e+00
22      1.875000000000000000000e+00      1.875000000000000000000e+00      1.000000000000000000000e+00
23      3.125000000000000000000e+00      1.875000000000000000000e+00      1.000000000000000000000e+00
24      4.375000000000000000000e+00      1.875000000000000000000e+00      1.000000000000000000000e+00
25      5.625000000000000000000e+00      1.875000000000000000000e+00      1.000000000000000000000e+00
26      6.875000000000000000000e+00      1.875000000000000000000e+00      1.000000000000000000000e+00
27      8.125000000000000000000e+00      1.875000000000000000000e+00      1.000000000000000000000e+00
28      9.375000000000000000000e+00      1.875000000000000000000e+00      1.000000000000000000000e+00
29      1.000000000000000000000e+01      1.875000000000000000000e+00      1.000000000000000000000e+00
30      0.000000000000000000000e+00      3.125000000000000000000e+00      1.000000000000000000000e+00
31      6.250000000000000000000e-01      3.125000000000000000000e+00      1.000000000000000000000e+00
32      1.875000000000000000000e+00      3.125000000000000000000e+00      1.000000000000000000000e+00
33      3.125000000000000000000e+00      3.125000000000000000000e+00      1.000000000000000000000e+00
34      4.375000000000000000000e+00      3.125000000000000000000e+00      1.000000000000000000000e+00
35      5.625000000000000000000e+00      3.125000000000000000000e+00      1.000000000000000000000e+00
36      6.875000000000000000000e+00      3.125000000000000000000e+00      1.000000000000000000000e+00
37      8.125000000000000000000e+00      3.125000000000000000000e+00      1.000000000000000000000e+00
38      9.375000000000000000000e+00      3.125000000000000000000e+00      1.000000000000000000000e+00
39      1.000000000000000000000e+01      3.125000000000000000000e+00      1.000000000000000000000e+00
40      0.000000000000000000000e+00      4.375000000000000000000e+00      1.000000000000000000000e+00
41      6.250000000000000000000e-01      4.375000000000000000000e+00      1.000000000000000000000e+00
42      1.875000000000000000000e+00      4.375000000000000000000e+00      1.000000000000000000000e+00
43      3.125000000000000000000e+00      4.375000000000000000000e+00      1.000000000000000000000e+00
44      4.375000000000000000000e+00      4.375000000000000000000e+00      1.000000000000000000000e+00
45      5.625000000000000000000e+00      4.375000000000000000000e+00      1.000000000000000000000e+00
46      6.875000000000000000000e+00      4.375000000000000000000e+00      1.000000000000000000000e+00
47      8.125000000000000000000e+00      4.375000000000000000000e+00      1.000000000000000000000e+00
48      9.375000000000000000000e+00      4.375000000000000000000e+00      1.000000000000000000000e+00
49      1.000000000000000000000e+01      4.375000000000000000000e+00      1.000000000000000000000e+00
50      0.000000000000000000000e+00      5.625000000000000000000e+00      1.000000000000000000000e+00
51      6.250000000000000000000e-01      5.625000000000000000000e+00      1.000000000000000000000e+00
52      1.875000000000000000000e+00      5.625000000000000000000e+00      1.000000000000000000000e+00
53      3.125000000000000000000e+00      5.625000000000000000000e+00      1.000000000000000000000e+00
54      4.375000000000000000000e+00      5.625000000000000000000e+00      1.000000000000000000000e+00
55      5.625000000000000000000e+00      5.625000000000000000000e+00      1.000000000000000000000e+00
56      6.875000000000000000000e+00      5.625000000000000000000e+00      1.000000000000000000000e+00
57      8.125000000000000000000e+00      5.625000000000000000000e+00      1.000000000000000000000e+00
58      9.375000000000000000000e+00      5.625000000000000000000e+00      1.000000000000000000000e+00
59      1.000000000000000000000e+01      5.625000000000000000000e+00      1.000000000000000000000e+00
60      0.000000000000000000000e+00      6.875000000000000000000e+00      1.000000000000000000000e+00
61      6.250000000000000000000e-01      6.875000000000000000000e+00      1.000000000000000000000e+00
62      1.875000000000000000000e+00      6.875000000000000000000e+00      1.000000000000000000000e+00
63      3.125000000000000000000e+00      6.875000000000000000000e+00      1.000000000000000000000e+00
64      4.375000000000000000000e+00      6.875000000000000000000e+00      1.000000000000000000000e+00
65      5.625000000000000000000e+00      6.875000000000000000000e+00      1.000000000000000000000e+00
66      6.875000000000000000000e+00      6.875000000000000000000e+00      1.000000000000000000000e+00
67      8.125000000000000000000e+00      6.875000000000000000000e+00      1.000000000000000000000e+00
68      9.375000000000000000000e+00      6.875000000000000000000e+00      1.000000000000000000000e+00
69      1.000000000000000000000e+01      6.875000000000000000000e+00      1.000000000000000000000e+00
70      0.000000000000000000000e+00      8.125000000000000000000e+00      1.000000000000000000000e+00
71      6.250000000000000000000e-01      8.125000000000000000000e+00      1.000000000000000000000e+00
72      1.875000000000000000000e+00      8.125000000000000000000e+00      1.000000000000000000000e+00
73      3.125000000000000000000e+00      8.125000000000000000000e+00      1.000000000000000000000e+00
74      4.375000000000000000000e+00      8.125000000000000000000e+00      1.000000000000000000000e+00
75      5.625000000000000000000e+00      8.125000000000000000000e+00      1.000000000000000000000e+00
76      6.875000000000000000000e+00      8.125000000000000000000e+00      1.000000000000000000000e+00
77      8.125000000000000000000e+00      8.125000000000000000000e+00      1.000000000000000000000e+00
78      9.375000000000000000000e+00      8.125000000000000000000e+00      1.000000000000000000000e+00
79      1.000000000000000000000e+01      8.125000000000000000000e+00      1.000000000000000000000e+00
80      0.000000000000000000000e+00      9.375000000000000000000e+00      1.000000000000000000000e+00
81      6.250000000000000000000e-01      9.375000000000000000000e+00      1.000000000000000000000e+00
82      1.875000000000000000000e+00      9.375000000000000000000e+00      1.000000000000000000000e+00
83      3.125000000000000000000e+00      9.375000000000000000000e+00      1.000000000000000000000e+00
84      4.375000000000000000000e+00      9.375000000000000000000e+00      1.000000000000000000000e+00
85      5.625000000000000000000e+00      9.375000000000000000000e+00      1.000000000000000000000e+00
86      6.875000000000000000000e+00      9.375000000000000000000e+00      1.000000000000000000000e+00
87      8.125000000000000000000e+00      9.375000000000000000000e+00      1.000000000000000000000e+00
88      9.375000000000000000000e+00      9.375000000000000000000e+00      1.000000000000000000000e+00
89      1.000000000000000000000e+01      9.375000000000000000000e+00      1.000000000000000000000e+00
90      0.000000000000000000000e+00      1.000000000000000000000e+01      1.000000000000000000000e+00
91      6.250000000000000000000e-01      1.000000000000000000000e+01      1.000000000000000000000e+00
92      1.875000000000000000000e+00      1.000000000000000000000e+01      1.000000000000000000000e+00
93      3.125000000000000000000e+00      1.000000000000000000000e+01      1.000000000000000000000e+00
94      4.375000000000000000000e+00      1.000000000000000000000e+01      1.000000000000000000000e+00
95      5.625000000000000000000e+00      1.000000000000000000000e+01      1.000000000000000000000e+00
96      6.875000000000000000000e+00      1.000000000000000000000e+01      1.000000000000000000000e+00
97      8.125000000000000000000e+00      1.000000000000000000000e+01      1.000000000000000000000e+00
98      9.375000000000000000000e+00      1.000000000000000000000e+01      1.000000000000000000000e+00
99      1.000000000000000000000e+01      1.000000000000000000000e+01      1.000000000000000000000e+00

boundary 0
0
1
2
3
4
5
6
7
8
9

boundary 1
0
10
20
30
40
50
60
70
80
90

