patch connectivity
0   1   2   3   4   5   6   7   8   9   10   11   12   13   14   15   16   17   18   19   20   21   22   23   24   25   26   27   28   29   30   31   32   33   34   35   36   37   38   39   40   41   42   43   44   45   46   47   48   49   50   51   52   53   54   55   56   57   58   59   60   61   62   63   64   65   66   67   68   69   70   71   72   73   74   75   76   77   78   79   80   81   82   83   84   85   86   87   88   89   90   91   92   93   94   95   96   97   98   99   100   101   102   103   104   105   106   107   108   109   110   111   112   113   114   115   116   117   118   119   120

control point infomation
0      1.000000000000000000000e+00      0.000000000000000000000e+00      1.000000000000000000000e+00
1      1.041666666666666740682e+00      0.000000000000000000000e+00      1.000000000000000000000e+00
2      1.124999999999999777955e+00      0.000000000000000000000e+00      1.000000000000000000000e+00
3      1.250000000000000000000e+00      0.000000000000000000000e+00      1.000000000000000000000e+00
4      1.375000000000000000000e+00      0.000000000000000000000e+00      1.000000000000000000000e+00
5      1.500000000000000000000e+00      0.000000000000000000000e+00      1.000000000000000000000e+00
6      1.625000000000000000000e+00      0.000000000000000000000e+00      1.000000000000000000000e+00
7      1.750000000000000000000e+00      0.000000000000000000000e+00      1.000000000000000000000e+00
8      1.875000000000000000000e+00      0.000000000000000000000e+00      1.000000000000000000000e+00
9      1.958333333333333259318e+00      0.000000000000000000000e+00      1.000000000000000000000e+00
10      2.000000000000000000000e+00      0.000000000000000000000e+00      1.000000000000000000000e+00
11      1.000000000000000000000e+00      6.873925976464038967162e-02      9.755922317655456588170e-01
12      1.041666666666666740682e+00      7.160339558816708471767e-02      9.755922317655456588170e-01
13      1.124999999999999777955e+00      7.733166723522043317640e-02      9.755922317655456588170e-01
14      1.250000000000000222045e+00      8.592407470580049055897e-02      9.755922317655456588170e-01
15      1.375000000000000000000e+00      9.451648217638053406375e-02      9.755922317655456588170e-01
16      1.500000000000000000000e+00      1.031088896469606053241e-01      9.755922317655456588170e-01
17      1.625000000000000000000e+00      1.117012971175406488289e-01      9.755922317655456588170e-01
18      1.749999999999999777955e+00      1.202937045881206784559e-01      9.755922317655456588170e-01
19      1.875000000000000000000e+00      1.288861120587007635940e-01      9.755922317655456588170e-01
20      1.958333333333333037274e+00      1.346143837057540981750e-01      9.755922317655456588170e-01
21      2.000000000000000000000e+00      1.374785195292807793432e-01      9.755922317655456588170e-01
22      9.910141730716147678848e-01      2.066740193528604774276e-01      9.328786373552505617468e-01
23      1.032306430282931897224e+00      2.152854368258963480010e-01      9.328786373552505617468e-01
24      1.114890944705566599993e+00      2.325082717719680058810e-01      9.328786373552505617468e-01
25      1.238767716339518543123e+00      2.583425241910755620900e-01      9.328786373552505617468e-01
26      1.362644487973470264208e+00      2.841767766101830905434e-01      9.328786373552505617468e-01
27      1.486521259607422207338e+00      3.100110290292907300191e-01      9.328786373552505617468e-01
28      1.610398031241374150468e+00      3.358452814483982584726e-01      9.328786373552505617468e-01
29      1.734274802875325427465e+00      3.616795338675057314148e-01      9.328786373552505617468e-01
30      1.858151574509277370595e+00      3.875137862866134264017e-01      9.328786373552505617468e-01
31      1.940736088931912073363e+00      4.047366212326850565262e-01      9.328786373552505617468e-01
32      1.982028346143229535770e+00      4.133480387057209548551e-01      9.328786373552505617468e-01
33      9.454489533008746393605e-01      4.041784408484886959023e-01      8.871140719156485054953e-01
34      9.848426596884112260710e-01      4.210192092171758382335e-01      8.871140719156485054953e-01
35      1.063630072463483511314e+00      4.547007459545496232955e-01      8.871140719156487275399e-01
36      1.181811191626092938378e+00      5.052230510606107172222e-01      8.871140719156487275399e-01
37      1.299992310788702587487e+00      5.557453561666719776824e-01      8.871140719156485054953e-01
38      1.418173429951312014552e+00      6.062676612727331271202e-01      8.871140719156485054953e-01
39      1.536354549113921219572e+00      6.567899663787941655357e-01      8.871140719156485054953e-01
40      1.654535668276530646637e+00      7.073122714848552039513e-01      8.871140719156485054953e-01
41      1.772716787439140073701e+00      7.578345765909164644114e-01      8.871140719156485054953e-01
42      1.851504200214212803033e+00      7.915161133282903049846e-01      8.871140719156485054953e-01
43      1.890897906601749278721e+00      8.083568816969773918046e-01      8.871140719156485054953e-01
44      8.625869853333842929288e-01      5.859690120007312597039e-01      8.596553326518873161532e-01
45      8.985281097222755919418e-01      6.103843875007618491324e-01      8.596553326518873161532e-01
46      9.704103585000571907671e-01      6.592151385008225839002e-01      8.596553326518874271756e-01
47      1.078233731666730532694e+00      7.324612650009141301410e-01      8.596553326518874271756e-01
48      1.186057104833403652577e+00      8.057073915010054543373e-01      8.596553326518873161532e-01
49      1.293880478000076550416e+00      8.789535180010971116005e-01      8.596553326518873161532e-01
50      1.401703851166749670298e+00      9.521996445011884357967e-01      8.596553326518873161532e-01
51      1.509527224333422568137e+00      1.025445771001279871015e+00      8.596553326518873161532e-01
52      1.617350597500095688019e+00      1.098691897501371306234e+00      8.596553326518873161532e-01
53      1.689232846277877841956e+00      1.147522648501432263046e+00      8.596553326518873161532e-01
54      1.725173970666768585858e+00      1.171938024001462519408e+00      8.596553326518873161532e-01
55      7.414758639094922720858e-01      7.414758639094922720858e-01      8.505024195639669937208e-01
56      7.723706915723878019264e-01      7.723706915723878019264e-01      8.505024195639669937208e-01
57      8.341603468981786395631e-01      8.341603468981786395631e-01      8.505024195639671047431e-01
58      9.268448298868652290849e-01      9.268448298868650070403e-01      8.505024195639671047431e-01
59      1.019529312875551818607e+00      1.019529312875551596562e+00      8.505024195639669937208e-01
60      1.112213795864238408129e+00      1.112213795864238408129e+00      8.505024195639669937208e-01
61      1.204898278852924997651e+00      1.204898278852924997651e+00      8.505024195639669937208e-01
62      1.297582761841611365128e+00      1.297582761841611365128e+00      8.505024195639669937208e-01
63      1.390267244830297732605e+00      1.390267244830297954650e+00      8.505024195639669937208e-01
64      1.452056900156088792286e+00      1.452056900156088792286e+00      8.505024195639669937208e-01
65      1.482951727818984544172e+00      1.482951727818984544172e+00      8.505024195639669937208e-01
66      5.859690120007312597039e-01      8.625869853333842929288e-01      8.596553326518874271756e-01
67      6.103843875007617381101e-01      8.985281097222753698972e-01      8.596553326518874271756e-01
68      6.592151385008225839002e-01      9.704103585000573017894e-01      8.596553326518874271756e-01
69      7.324612650009142411633e-01      1.078233731666730310650e+00      8.596553326518874271756e-01
70      8.057073915010055653596e-01      1.186057104833403430533e+00      8.596553326518874271756e-01
71      8.789535180010968895559e-01      1.293880478000076550416e+00      8.596553326518874271756e-01
72      9.521996445011883247744e-01      1.401703851166749448254e+00      8.596553326518874271756e-01
73      1.025445771001279648971e+00      1.509527224333422568137e+00      8.596553326518874271756e-01
74      1.098691897501370862145e+00      1.617350597500095688019e+00      8.596553326518874271756e-01
75      1.147522648501431818957e+00      1.689232846277877619912e+00      8.596553326518874271756e-01
76      1.171938024001462519408e+00      1.725173970666768585858e+00      8.596553326518874271756e-01
77      4.041784408484886403912e-01      9.454489533008747503828e-01      8.871140719156485054953e-01
78      4.210192092171757272112e-01      9.848426596884111150487e-01      8.871140719156485054953e-01
79      4.547007459545497343179e-01      1.063630072463483733358e+00      8.871140719156486165176e-01
80      5.052230510606108282445e-01      1.181811191626092938378e+00      8.871140719156486165176e-01
81      5.557453561666720887047e-01      1.299992310788702365443e+00      8.871140719156485054953e-01
82      6.062676612727331271202e-01      1.418173429951311792507e+00      8.871140719156485054953e-01
83      6.567899663787941655357e-01      1.536354549113921219572e+00      8.871140719156485054953e-01
84      7.073122714848550929290e-01      1.654535668276530646637e+00      8.871140719156485054953e-01
85      7.578345765909162423668e-01      1.772716787439140073701e+00      8.871140719156485054953e-01
86      7.915161133282903049846e-01      1.851504200214212803033e+00      8.871140719156485054953e-01
87      8.083568816969772807823e-01      1.890897906601749500766e+00      8.871140719156485054953e-01
88      2.066740193528604774276e-01      9.910141730716147678848e-01      9.328786373552504507245e-01
89      2.152854368258963202454e-01      1.032306430282932119269e+00      9.328786373552504507245e-01
90      2.325082717719680058810e-01      1.114890944705566599993e+00      9.328786373552504507245e-01
91      2.583425241910755620900e-01      1.238767716339518543123e+00      9.328786373552504507245e-01
92      2.841767766101832015657e-01      1.362644487973470486253e+00      9.328786373552504507245e-01
93      3.100110290292907855303e-01      1.486521259607422429383e+00      9.328786373552504507245e-01
94      3.358452814483982584726e-01      1.610398031241373928424e+00      9.328786373552504507245e-01
95      3.616795338675057314148e-01      1.734274802875325649509e+00      9.328786373552504507245e-01
96      3.875137862866132598683e-01      1.858151574509277814684e+00      9.328786373552504507245e-01
97      4.047366212326850565262e-01      1.940736088931912295408e+00      9.328786373552504507245e-01
98      4.133480387057209548551e-01      1.982028346143229535770e+00      9.328786373552504507245e-01
99      6.873925976464037579383e-02      1.000000000000000000000e+00      9.755922317655456588170e-01
100      7.160339558816707083988e-02      1.041666666666666740682e+00      9.755922317655456588170e-01
101      7.733166723522041929861e-02      1.124999999999999777955e+00      9.755922317655456588170e-01
102      8.592407470580047668118e-02      1.249999999999999777955e+00      9.755922317655456588170e-01
103      9.451648217638053406375e-02      1.375000000000000000000e+00      9.755922317655456588170e-01
104      1.031088896469606053241e-01      1.500000000000000000000e+00      9.755922317655456588170e-01
105      1.117012971175406071955e-01      1.624999999999999777955e+00      9.755922317655456588170e-01
106      1.202937045881206507003e-01      1.749999999999999777955e+00      9.755922317655456588170e-01
107      1.288861120587007080829e-01      1.875000000000000000000e+00      9.755922317655456588170e-01
108      1.346143837057540704194e-01      1.958333333333333037274e+00      9.755922317655456588170e-01
109      1.374785195292807515877e-01      2.000000000000000000000e+00      9.755922317655456588170e-01
110      0.000000000000000000000e+00      1.000000000000000000000e+00      1.000000000000000000000e+00
111      0.000000000000000000000e+00      1.041666666666666740682e+00      1.000000000000000000000e+00
112      0.000000000000000000000e+00      1.124999999999999777955e+00      1.000000000000000000000e+00
113      0.000000000000000000000e+00      1.250000000000000000000e+00      1.000000000000000000000e+00
114      0.000000000000000000000e+00      1.375000000000000000000e+00      1.000000000000000000000e+00
115      0.000000000000000000000e+00      1.500000000000000000000e+00      1.000000000000000000000e+00
116      0.000000000000000000000e+00      1.625000000000000000000e+00      1.000000000000000000000e+00
117      0.000000000000000000000e+00      1.750000000000000000000e+00      1.000000000000000000000e+00
118      0.000000000000000000000e+00      1.875000000000000000000e+00      1.000000000000000000000e+00
119      0.000000000000000000000e+00      1.958333333333333259318e+00      1.000000000000000000000e+00
120      0.000000000000000000000e+00      2.000000000000000000000e+00      1.000000000000000000000e+00

boundary 0
0
1
2
3
4
5
6
7
8
9
10
21
32
43
54
65
76
87
98
109
120

boundary 1
10
21
32
43
54
65
76
87
98
109
110
111
112
113
114
115
116
117
118
119
120

