patch connectivity
0   1   2   3   4   5   6   7   8   9   10   11   12   13   14   15   16   17   18   19   20   21   22   23   24   25   26   27   28   29   30   31   32   33   34   35   36   37   38   39   40   41   42   43   44   45   46   47   48   49   50   51   52   53   54   55   56   57   58   59   60   61   62   63   64   65   66   67   68   69   70   71   72   73   74   75   76   77   78   79   80   81   82   83   84   85   86   87   88   89   90   91   92   93   94   95   96   97   98   99   100   101   102   103   104   105   106   107   108   109   110   111   112   113   114   115   116   117   118   119   120   121   122   123   124   125   126   127   128   129   130   131   132   133   134   135   136   137   138   139   140   141   142   143   144   145   146   147   148   149   150   151   152   153   154   155   156   157   158   159   160   161   162   163   164   165   166   167   168   169   170   171   172   173   174   175   176   177   178   179   180   181   182   183   184   185   186   187   188   189   190   191   192   193   194   195   196   197   198   199   200   201   202   203   204   205   206   207   208   209   210   211   212   213   214   215   216   217   218   219   220   221   222   223   224   225   226   227   228   229   230   231   232   233   234   235   236   237   238   239   240   241   242   243   244   245   246   247   248   249   250   251   252   253   254   255   256   257   258   259   260   261   262   263   264   265   266   267   268   269   270   271   272   273   274   275   276   277   278   279   280   281   282   283   284   285   286   287   288   289   290   291   292   293   294   295   296   297   298   299   300   301   302   303   304   305   306   307   308   309   310   311   312   313   314   315   316   317   318   319   320   321   322   323   324   325   326   327   328   329   330   331   332   333   334   335   336   337   338   339   340   341   342   343   344   345   346   347   348   349   350   351   352   353   354   355   356   357   358   359   360

control point infomation
0      1.000000000000000000000e+00      0.000000000000000000000e+00      1.000000000000000000000e+00
1      1.020833333333333259318e+00      0.000000000000000000000e+00      1.000000000000000000000e+00
2      1.062500000000000000000e+00      0.000000000000000000000e+00      1.000000000000000000000e+00
3      1.124999999999999777955e+00      0.000000000000000000000e+00      1.000000000000000000000e+00
4      1.187499999999999777955e+00      0.000000000000000000000e+00      1.000000000000000000000e+00
5      1.250000000000000000000e+00      0.000000000000000000000e+00      1.000000000000000000000e+00
6      1.312500000000000000000e+00      0.000000000000000000000e+00      1.000000000000000000000e+00
7      1.375000000000000000000e+00      0.000000000000000000000e+00      1.000000000000000000000e+00
8      1.437500000000000000000e+00      0.000000000000000000000e+00      1.000000000000000000000e+00
9      1.500000000000000000000e+00      0.000000000000000000000e+00      1.000000000000000000000e+00
10      1.562500000000000000000e+00      0.000000000000000000000e+00      1.000000000000000000000e+00
11      1.625000000000000000000e+00      0.000000000000000000000e+00      1.000000000000000000000e+00
12      1.687500000000000000000e+00      0.000000000000000000000e+00      1.000000000000000000000e+00
13      1.750000000000000000000e+00      0.000000000000000000000e+00      1.000000000000000000000e+00
14      1.812500000000000000000e+00      0.000000000000000000000e+00      1.000000000000000000000e+00
15      1.875000000000000000000e+00      0.000000000000000000000e+00      1.000000000000000000000e+00
16      1.937500000000000000000e+00      0.000000000000000000000e+00      1.000000000000000000000e+00
17      1.979166666666666740682e+00      0.000000000000000000000e+00      1.000000000000000000000e+00
18      2.000000000000000000000e+00      0.000000000000000000000e+00      1.000000000000000000000e+00
19      1.000000000000000000000e+00      3.394500482711741012887e-02      9.877961158827728294085e-01
20      1.020833333333333259318e+00      3.465219242768235313745e-02      9.877961158827728294085e-01
21      1.062500000000000000000e+00      3.606656762881224609352e-02      9.877961158827728294085e-01
22      1.124999999999999777955e+00      3.818813043050708205817e-02      9.877961158827728294085e-01
23      1.187499999999999777955e+00      4.030969323220191802282e-02      9.877961158827728294085e-01
24      1.250000000000000000000e+00      4.243125603389676092636e-02      9.877961158827728294085e-01
25      1.312500000000000000000e+00      4.455281883559159689101e-02      9.877961158827728294085e-01
26      1.375000000000000000000e+00      4.667438163728643285566e-02      9.877961158827728294085e-01
27      1.437499999999999777955e+00      4.879594443898126188142e-02      9.877961158827728294085e-01
28      1.499999999999999777955e+00      5.091750724067611866275e-02      9.877961158827728294085e-01
29      1.562500000000000000000e+00      5.303907004237094074961e-02      9.877961158827728294085e-01
30      1.625000000000000000000e+00      5.516063284406579753094e-02      9.877961158827728294085e-01
31      1.687500000000000000000e+00      5.728219564576061961780e-02      9.877961158827728294085e-01
32      1.750000000000000000000e+00      5.940375844745546252135e-02      9.877961158827728294085e-01
33      1.812500000000000000000e+00      6.152532124915029848600e-02      9.877961158827728294085e-01
34      1.875000000000000000000e+00      6.364688405084514832843e-02      9.877961158827728294085e-01
35      1.937500000000000000000e+00      6.576844685253997735419e-02      9.877961158827728294085e-01
36      1.979166666666666518637e+00      6.718282205366986337136e-02      9.877961158827728294085e-01
37      2.000000000000000000000e+00      6.789000965423482025773e-02      9.877961158827728294085e-01
38      9.978281257630580158846e-01      1.020780891362703252101e-01      9.649138331629718567939e-01
39      1.018616211716455000058e+00      1.042047159932759647916e-01      9.649138331629718567939e-01
40      1.060192383623249190450e+00      1.084579697072872161989e-01      9.649138331629718567939e-01
41      1.122556641483440253992e+00      1.148378502783041210655e-01      9.649138331629718567939e-01
42      1.184920899343631539580e+00      1.212177308493209842988e-01      9.649138331629718567939e-01
43      1.247285157203822381078e+00      1.275976114203379030432e-01      9.649138331629718567939e-01
44      1.309649415064013666665e+00      1.339774919913548079098e-01      9.649138331629718567939e-01
45      1.372013672924204952253e+00      1.403573725623716572652e-01      9.649138331629718567939e-01
46      1.434377930784396015795e+00      1.467372531333885343763e-01      9.649138331629718567939e-01
47      1.496742188644587301383e+00      1.531171337044054947540e-01      9.649138331629718567939e-01
48      1.559106446504778142881e+00      1.594970142754223441095e-01      9.649138331629718567939e-01
49      1.621470704364969206424e+00      1.658768948464392767317e-01      9.649138331629718567939e-01
50      1.683834962225160492011e+00      1.722567754174561538427e-01      9.649138331629718567939e-01
51      1.746199220085351777598e+00      1.786366559884730587093e-01      9.649138331629718567939e-01
52      1.808563477945542841141e+00      1.850165365594899358204e-01      9.649138331629718567939e-01
53      1.870927735805733682639e+00      1.913964171305068684426e-01      9.649138331629718567939e-01
54      1.933291993665924746182e+00      1.977762977015237455536e-01      9.649138331629718567939e-01
55      1.974868165572719158618e+00      2.020295514155349969609e-01      9.649138331629718567939e-01
56      1.995656251526116031769e+00      2.041561782725406504202e-01      9.649138331629718567939e-01
57      9.873688619739425798016e-01      2.031127340194574248944e-01      9.351668656272306145993e-01
58      1.007939046598399945864e+00      2.073442493115294493755e-01      9.351668656272306145993e-01
59      1.049079415847314011856e+00      2.158072798956734983378e-01      9.351668656272306145993e-01
60      1.110789969720685332888e+00      2.285018257718895995367e-01      9.351668656272306145993e-01
61      1.172500523594056875964e+00      2.411963716481056729801e-01      9.351668656272306145993e-01
62      1.234211077467428419041e+00      2.538909175243218019347e-01      9.351668656272306145993e-01
63      1.295921631340799740073e+00      2.665854634005378476225e-01      9.351668656272306145993e-01
64      1.357632185214171061105e+00      2.792800092767539488214e-01      9.351668656272306145993e-01
65      1.419342739087542382137e+00      2.919745551529699945092e-01      9.351668656272306145993e-01
66      1.481053292960913925214e+00      3.046691010291861512194e-01      9.351668656272306145993e-01
67      1.542763846834285468290e+00      3.173636469054021969072e-01      9.351668656272306145993e-01
68      1.604474400707656567278e+00      3.300581927816183536173e-01      9.351668656272306145993e-01
69      1.666184954581028110354e+00      3.427527386578343437940e-01      9.351668656272306145993e-01
70      1.727895508454399653431e+00      3.554472845340504449929e-01      9.351668656272306145993e-01
71      1.789606062327770974463e+00      3.681418304102664906807e-01      9.351668656272306145993e-01
72      1.851316616201142517539e+00      3.808363762864826473908e-01      9.351668656272306145993e-01
73      1.913027170074514060616e+00      3.935309221626987485898e-01      9.351668656272306145993e-01
74      1.954167539323428348652e+00      4.019939527468427975521e-01      9.351668656272306145993e-01
75      1.974737723947885159603e+00      4.062254680389148497888e-01      9.351668656272306145993e-01
76      9.688044425366248990628e-01      3.029430597077096276593e-01      9.099963546354494781099e-01
77      9.889878684228047278637e-01      3.092543734516202680318e-01      9.099963546354494781099e-01
78      1.029354720195164052399e+00      3.218770009394414377546e-01      9.099963546354494781099e-01
79      1.089904997853702983690e+00      3.408109421711733033611e-01      9.099963546354494781099e-01
80      1.150455275512241914981e+00      3.597448834029050579453e-01      9.099963546354495891322e-01
81      1.211005553170781290362e+00      3.786788246346369790629e-01      9.099963546354494781099e-01
82      1.271555830829320443698e+00      3.976127658663687891583e-01      9.099963546354494781099e-01
83      1.332106108487859374989e+00      4.165467070981006547647e-01      9.099963546354494781099e-01
84      1.392656386146398528325e+00      4.354806483298324093489e-01      9.099963546354494781099e-01
85      1.453206663804937681661e+00      4.544145895615643859777e-01      9.099963546354494781099e-01
86      1.513756941463476390908e+00      4.733485307932961405619e-01      9.099963546354495891322e-01
87      1.574307219122015322199e+00      4.922824720250280061684e-01      9.099963546354495891322e-01
88      1.634857496780554697580e+00      5.112164132567598162638e-01      9.099963546354494781099e-01
89      1.695407774439093628871e+00      5.301503544884917928925e-01      9.099963546354494781099e-01
90      1.755958052097633004252e+00      5.490842957202235474767e-01      9.099963546354494781099e-01
91      1.816508329756171713498e+00      5.680182369519555241055e-01      9.099963546354494781099e-01
92      1.877058607414711088879e+00      5.869521781836873897120e-01      9.099963546354494781099e-01
93      1.917425459187070080347e+00      5.995748056715086704571e-01      9.099963546354494781099e-01
94      1.937608885073249798126e+00      6.058861194154192553185e-01      9.099963546354494781099e-01
95      9.414117037203554305691e-01      4.002473708375217098521e-01      8.894023001876286693701e-01
96      9.610244475478627590448e-01      4.085858577299700811203e-01      8.894023001876286693701e-01
97      1.000249935202877749063e+00      4.252628315148668791679e-01      8.894023001876286693701e-01
98      1.059088166685399734490e+00      4.502782921922119374614e-01      8.894023001876286693701e-01
99      1.117926398167921941962e+00      4.752937528695569957549e-01      8.894023001876286693701e-01
100      1.176764629650444593523e+00      5.003092135469021650707e-01      8.894023001876286693701e-01
101      1.235602861132966578950e+00      5.253246742242472233642e-01      8.894023001876286693701e-01
102      1.294441092615488564377e+00      5.503401349015922816577e-01      8.894023001876286693701e-01
103      1.353279324098010771849e+00      5.753555955789373399512e-01      8.894023001876286693701e-01
104      1.412117555580533201365e+00      6.003710562562826202893e-01      8.894023001876286693701e-01
105      1.470955787063055186792e+00      6.253865169336276785828e-01      8.894023001876286693701e-01
106      1.529794018545577394264e+00      6.504019776109729589209e-01      8.894023001876286693701e-01
107      1.588632250028099823780e+00      6.754174382883177951697e-01      8.894023001876286693701e-01
108      1.647470481510621809207e+00      7.004328989656629644855e-01      8.894023001876286693701e-01
109      1.706308712993144238723e+00      7.254483596430080227790e-01      8.894023001876286693701e-01
110      1.765146944475666446195e+00      7.504638203203533031171e-01      8.894023001876286693701e-01
111      1.823985175958188653667e+00      7.754792809976983614106e-01      8.894023001876286693701e-01
112      1.863210663613203310618e+00      7.921562547825951039471e-01      8.894023001876286693701e-01
113      1.882823407440710861138e+00      8.004947416750434197041e-01      8.894023001876286693701e-01
114      9.046692531005963155977e-01      4.936448772929424300138e-01      8.733847022837679663354e-01
115      9.235165292068586717633e-01      5.039291455698787780548e-01      8.733847022837679663354e-01
116      9.612110814193833840946e-01      5.244976821237512520923e-01      8.733847022837679663354e-01
117      1.017752909738170785658e+00      5.553504869545602407044e-01      8.733847022837679663354e-01
118      1.074294738056958076200e+00      5.862032917853691182941e-01      8.733847022837679663354e-01
119      1.130836566375745366742e+00      6.170560966161779958838e-01      8.733847022837679663354e-01
120      1.187378394694532657283e+00      6.479089014469869844959e-01      8.733847022837679663354e-01
121      1.243920223013319947825e+00      6.787617062777956400410e-01      8.733847022837679663354e-01
122      1.300462051332106794277e+00      7.096145111086046286530e-01      8.733847022837679663354e-01
123      1.357003879650894528908e+00      7.404673159394136172651e-01      8.733847022837679663354e-01
124      1.413545707969681375360e+00      7.713201207702224948548e-01      8.733847022837679663354e-01
125      1.470087536288468665902e+00      8.021729256010313724445e-01      8.733847022837679663354e-01
126      1.526629364607256178488e+00      8.330257304318402500343e-01      8.733847022837679663354e-01
127      1.583171192926043469029e+00      8.638785352626492386463e-01      8.733847022837679663354e-01
128      1.639713021244830537526e+00      8.947313400934581162360e-01      8.733847022837679663354e-01
129      1.696254849563618050112e+00      9.255841449242669938258e-01      8.733847022837679663354e-01
130      1.752796677882405118609e+00      9.564369497550759824378e-01      8.733847022837679663354e-01
131      1.790491230094930052985e+00      9.770054863089486785199e-01      8.733847022837679663354e-01
132      1.809338506201192631195e+00      9.872897545858848600275e-01      8.733847022837679663354e-01
133      8.583092568756003348796e-01      5.817619471013099063939e-01      8.619435609238674800281e-01
134      8.761906997271754482526e-01      5.938819876659205965197e-01      8.619435609238674800281e-01
135      9.119535854303253419317e-01      6.181220687951417547268e-01      8.619435609238674800281e-01
136      9.655979139850503489839e-01      6.544821904889736030597e-01      8.619435609238674800281e-01
137      1.019242242539775578081e+00      6.908423121828054513927e-01      8.619435609238674800281e-01
138      1.072886571094500585133e+00      7.272024338766374107479e-01      8.619435609238674800281e-01
139      1.126530899649225370140e+00      7.635625555704692590808e-01      8.619435609238674800281e-01
140      1.180175228203950821282e+00      7.999226772643009963915e-01      8.619435609238674800281e-01
141      1.233819556758675384245e+00      8.362827989581327337021e-01      8.619435609238674800281e-01
142      1.287463885313400613342e+00      8.726429206519649151019e-01      8.619435609238674800281e-01
143      1.341108213868125842438e+00      9.090030423457965413903e-01      8.619435609238674800281e-01
144      1.394752542422850627446e+00      9.453631640396286117678e-01      8.619435609238674800281e-01
145      1.448396870977575634498e+00      9.817232857334603490784e-01      8.619435609238674800281e-01
146      1.502041199532300863595e+00      1.018083407427292419456e+00      8.619435609238674800281e-01
147      1.555685528087025648603e+00      1.054443529121124045744e+00      8.619435609238674800281e-01
148      1.609329856641750877699e+00      1.090803650814956116122e+00      8.619435609238674800281e-01
149      1.662974185196475440662e+00      1.127163772508787964455e+00      8.619435609238674800281e-01
150      1.698737070899625889453e+00      1.151403853638009122662e+00      8.619435609238674800281e-01
151      1.716618513751200669759e+00      1.163523894202619812788e+00      8.619435609238674800281e-01
152      8.023555232512100676701e-01      6.633062948542040038191e-01      8.550788761079272104482e-01
153      8.190712633189436431280e-01      6.771251759969998396116e-01      8.550788761079272104482e-01
154      8.525027434544105719993e-01      7.047629382825918442634e-01      8.550788761079272104482e-01
155      9.026499636576112983732e-01      7.462195817109794626631e-01      8.550788761079272104482e-01
156      9.527971838608119137248e-01      7.876762251393670810629e-01      8.550788761079273214705e-01
157      1.002944404064012751121e+00      8.291328685677551435518e-01      8.550788761079272104482e-01
158      1.053091624267213033406e+00      8.705895119961427619515e-01      8.550788761079272104482e-01
159      1.103238844470413981824e+00      9.120461554245304913735e-01      8.550788761079272104482e-01
160      1.153386064673614486153e+00      9.535027988529181097732e-01      8.550788761079272104482e-01
161      1.203533284876814990483e+00      9.949594422813060612398e-01      8.550788761079272104482e-01
162      1.253680505080015494812e+00      1.036416085709693568617e+00      8.550788761079273214705e-01
163      1.303827725283215999141e+00      1.077872729138081631106e+00      8.550788761079273214705e-01
164      1.353974945486416947560e+00      1.119329372566469027461e+00      8.550788761079272104482e-01
165      1.404122165689617229845e+00      1.160786015994857089950e+00      8.550788761079272104482e-01
166      1.454269385892818178263e+00      1.202242659423244708350e+00      8.550788761079272104482e-01
167      1.504416606096018682592e+00      1.243699302851632548794e+00      8.550788761079272104482e-01
168      1.554563826299219631011e+00      1.285155946280020389239e+00      8.550788761079272104482e-01
169      1.587995306434686559882e+00      1.312793708565612060823e+00      8.550788761079272104482e-01
170      1.604711046502420135340e+00      1.326612589708408007638e+00      8.550788761079272104482e-01
171      7.371417883062348908041e-01      7.371417883062348908041e-01      8.527906478359470465733e-01
172      7.524989088959481708940e-01      7.524989088959481708940e-01      8.527906478359470465733e-01
173      7.832131500753746200516e-01      7.832131500753746200516e-01      8.527906478359470465733e-01
174      8.292845118445143492991e-01      8.292845118445143492991e-01      8.527906478359470465733e-01
175      8.753558736136538565020e-01      8.753558736136537454797e-01      8.527906478359471575956e-01
176      9.214272353827936967718e-01      9.214272353827936967718e-01      8.527906478359470465733e-01
177      9.674985971519333149971e-01      9.674985971519333149971e-01      8.527906478359470465733e-01
178      1.013569958921072933222e+00      1.013569958921072933222e+00      8.527906478359470465733e-01
179      1.059641320690212440425e+00      1.059641320690212440425e+00      8.527906478359470465733e-01
180      1.105712682459352391717e+00      1.105712682459352391717e+00      8.527906478359470465733e-01
181      1.151784044228491898920e+00      1.151784044228491676876e+00      8.527906478359471575956e-01
182      1.197855405997631628168e+00      1.197855405997631628168e+00      8.527906478359471575956e-01
183      1.243926767766771357415e+00      1.243926767766771357415e+00      8.527906478359470465733e-01
184      1.289998129535910864618e+00      1.289998129535910864618e+00      8.527906478359470465733e-01
185      1.336069491305050815910e+00      1.336069491305050815910e+00      8.527906478359470465733e-01
186      1.382140853074190323113e+00      1.382140853074190545158e+00      8.527906478359470465733e-01
187      1.428212214843330274405e+00      1.428212214843330274405e+00      8.527906478359470465733e-01
188      1.458926456022756390496e+00      1.458926456022756834585e+00      8.527906478359470465733e-01
189      1.474283576612469781608e+00      1.474283576612469781608e+00      8.527906478359470465733e-01
190      6.633062948542040038191e-01      8.023555232512100676701e-01      8.550788761079272104482e-01
191      6.771251759970000616562e-01      8.190712633189436431280e-01      8.550788761079272104482e-01
192      7.047629382825918442634e-01      8.525027434544105719993e-01      8.550788761079272104482e-01
193      7.462195817109794626631e-01      9.026499636576112983732e-01      8.550788761079272104482e-01
194      7.876762251393671920852e-01      9.527971838608116916802e-01      8.550788761079273214705e-01
195      8.291328685677551435518e-01      1.002944404064012529076e+00      8.550788761079272104482e-01
196      8.705895119961427619515e-01      1.053091624267213033406e+00      8.550788761079272104482e-01
197      9.120461554245304913735e-01      1.103238844470413759780e+00      8.550788761079272104482e-01
198      9.535027988529181097732e-01      1.153386064673614264109e+00      8.550788761079272104482e-01
199      9.949594422813060612398e-01      1.203533284876814990483e+00      8.550788761079272104482e-01
200      1.036416085709693568617e+00      1.253680505080015494812e+00      8.550788761079273214705e-01
201      1.077872729138081187017e+00      1.303827725283216221186e+00      8.550788761079273214705e-01
202      1.119329372566469249506e+00      1.353974945486416725515e+00      8.550788761079272104482e-01
203      1.160786015994856867906e+00      1.404122165689617673934e+00      8.550788761079272104482e-01
204      1.202242659423244708350e+00      1.454269385892818178263e+00      8.550788761079272104482e-01
205      1.243699302851632326750e+00      1.504416606096018904637e+00      8.550788761079272104482e-01
206      1.285155946280020389239e+00      1.554563826299219631011e+00      8.550788761079272104482e-01
207      1.312793708565612060823e+00      1.587995306434686559882e+00      8.550788761079272104482e-01
208      1.326612589708408007638e+00      1.604711046502420135340e+00      8.550788761079272104482e-01
209      5.817619471013097953715e-01      8.583092568756004459019e-01      8.619435609238674800281e-01
210      5.938819876659205965197e-01      8.761906997271754482526e-01      8.619435609238674800281e-01
211      6.181220687951417547268e-01      9.119535854303253419317e-01      8.619435609238674800281e-01
212      6.544821904889736030597e-01      9.655979139850503489839e-01      8.619435609238674800281e-01
213      6.908423121828054513927e-01      1.019242242539775578081e+00      8.619435609238674800281e-01
214      7.272024338766374107479e-01      1.072886571094500585133e+00      8.619435609238674800281e-01
215      7.635625555704692590808e-01      1.126530899649225592185e+00      8.619435609238674800281e-01
216      7.999226772643009963915e-01      1.180175228203950599237e+00      8.619435609238674800281e-01
217      8.362827989581327337021e-01      1.233819556758675384245e+00      8.619435609238674800281e-01
218      8.726429206519648040796e-01      1.287463885313400613342e+00      8.619435609238674800281e-01
219      9.090030423457966524126e-01      1.341108213868125398349e+00      8.619435609238674800281e-01
220      9.453631640396283897232e-01      1.394752542422850627446e+00      8.619435609238674800281e-01
221      9.817232857334604601007e-01      1.448396870977575634498e+00      8.619435609238674800281e-01
222      1.018083407427292197411e+00      1.502041199532300863595e+00      8.619435609238674800281e-01
223      1.054443529121124045744e+00      1.555685528087025648603e+00      8.619435609238674800281e-01
224      1.090803650814955894077e+00      1.609329856641750877699e+00      8.619435609238674800281e-01
225      1.127163772508787964455e+00      1.662974185196475884752e+00      8.619435609238674800281e-01
226      1.151403853638009122662e+00      1.698737070899625889453e+00      8.619435609238674800281e-01
227      1.163523894202619590743e+00      1.716618513751200891804e+00      8.619435609238674800281e-01
228      4.936448772929423745026e-01      9.046692531005963155977e-01      8.733847022837679663354e-01
229      5.039291455698787780548e-01      9.235165292068586717633e-01      8.733847022837679663354e-01
230      5.244976821237512520923e-01      9.612110814193833840946e-01      8.733847022837679663354e-01
231      5.553504869545602407044e-01      1.017752909738170785658e+00      8.733847022837679663354e-01
232      5.862032917853691182941e-01      1.074294738056958076200e+00      8.733847022837679663354e-01
233      6.170560966161779958838e-01      1.130836566375745366742e+00      8.733847022837679663354e-01
234      6.479089014469869844959e-01      1.187378394694532657283e+00      8.733847022837679663354e-01
235      6.787617062777958620856e-01      1.243920223013319725780e+00      8.733847022837679663354e-01
236      7.096145111086046286530e-01      1.300462051332106794277e+00      8.733847022837679663354e-01
237      7.404673159394136172651e-01      1.357003879650894306863e+00      8.733847022837679663354e-01
238      7.713201207702226058771e-01      1.413545707969681597405e+00      8.733847022837679663354e-01
239      8.021729256010311503999e-01      1.470087536288468887946e+00      8.733847022837679663354e-01
240      8.330257304318402500343e-01      1.526629364607255956443e+00      8.733847022837679663354e-01
241      8.638785352626490166017e-01      1.583171192926043469029e+00      8.733847022837679663354e-01
242      8.947313400934580052137e-01      1.639713021244830759571e+00      8.733847022837679663354e-01
243      9.255841449242669938258e-01      1.696254849563618050112e+00      8.733847022837679663354e-01
244      9.564369497550759824378e-01      1.752796677882405118609e+00      8.733847022837679663354e-01
245      9.770054863089483454530e-01      1.790491230094930052985e+00      8.733847022837679663354e-01
246      9.872897545858847490052e-01      1.809338506201192631195e+00      8.733847022837679663354e-01
247      4.002473708375217098521e-01      9.414117037203554305691e-01      8.894023001876286693701e-01
248      4.085858577299700256091e-01      9.610244475478627590448e-01      8.894023001876286693701e-01
249      4.252628315148668791679e-01      1.000249935202877749063e+00      8.894023001876286693701e-01
250      4.502782921922119374614e-01      1.059088166685399734490e+00      8.894023001876286693701e-01
251      4.752937528695569957549e-01      1.117926398167921941962e+00      8.894023001876287803924e-01
252      5.003092135469021650707e-01      1.176764629650444149433e+00      8.894023001876286693701e-01
253      5.253246742242472233642e-01      1.235602861132966578950e+00      8.894023001876286693701e-01
254      5.503401349015922816577e-01      1.294441092615488786421e+00      8.894023001876286693701e-01
255      5.753555955789373399512e-01      1.353279324098010771849e+00      8.894023001876286693701e-01
256      6.003710562562826202893e-01      1.412117555580532979320e+00      8.894023001876286693701e-01
257      6.253865169336275675604e-01      1.470955787063055186792e+00      8.894023001876287803924e-01
258      6.504019776109726258539e-01      1.529794018545577172219e+00      8.894023001876287803924e-01
259      6.754174382883177951697e-01      1.588632250028099823780e+00      8.894023001876286693701e-01
260      7.004328989656628534632e-01      1.647470481510621809207e+00      8.894023001876286693701e-01
261      7.254483596430080227790e-01      1.706308712993144016679e+00      8.894023001876286693701e-01
262      7.504638203203531920948e-01      1.765146944475666446195e+00      8.894023001876286693701e-01
263      7.754792809976983614106e-01      1.823985175958188653667e+00      8.894023001876286693701e-01
264      7.921562547825951039471e-01      1.863210663613203532663e+00      8.894023001876286693701e-01
265      8.004947416750434197041e-01      1.882823407440710861138e+00      8.894023001876286693701e-01
266      3.029430597077095721481e-01      9.688044425366248990628e-01      9.099963546354494781099e-01
267      3.092543734516202125207e-01      9.889878684228046168414e-01      9.099963546354494781099e-01
268      3.218770009394414377546e-01      1.029354720195164052399e+00      9.099963546354494781099e-01
269      3.408109421711733033611e-01      1.089904997853702983690e+00      9.099963546354494781099e-01
270      3.597448834029051134564e-01      1.150455275512241914981e+00      9.099963546354495891322e-01
271      3.786788246346369235518e-01      1.211005553170781290362e+00      9.099963546354494781099e-01
272      3.976127658663687891583e-01      1.271555830829320443698e+00      9.099963546354494781099e-01
273      4.165467070981006547647e-01      1.332106108487859374989e+00      9.099963546354494781099e-01
274      4.354806483298324093489e-01      1.392656386146398528325e+00      9.099963546354494781099e-01
275      4.544145895615643304666e-01      1.453206663804937459616e+00      9.099963546354494781099e-01
276      4.733485307932961405619e-01      1.513756941463476390908e+00      9.099963546354495891322e-01
277      4.922824720250278951461e-01      1.574307219122015322199e+00      9.099963546354495891322e-01
278      5.112164132567598162638e-01      1.634857496780554697580e+00      9.099963546354494781099e-01
279      5.301503544884916818702e-01      1.695407774439093628871e+00      9.099963546354494781099e-01
280      5.490842957202235474767e-01      1.755958052097632782207e+00      9.099963546354494781099e-01
281      5.680182369519554130832e-01      1.816508329756171713498e+00      9.099963546354494781099e-01
282      5.869521781836873897120e-01      1.877058607414710866834e+00      9.099963546354494781099e-01
283      5.995748056715084484125e-01      1.917425459187070080347e+00      9.099963546354494781099e-01
284      6.058861194154191442962e-01      1.937608885073249798126e+00      9.099963546354494781099e-01
285      2.031127340194574248944e-01      9.873688619739428018462e-01      9.351668656272305035770e-01
286      2.073442493115294493755e-01      1.007939046598399945864e+00      9.351668656272305035770e-01
287      2.158072798956735260933e-01      1.049079415847314233901e+00      9.351668656272305035770e-01
288      2.285018257718896272923e-01      1.110789969720685554933e+00      9.351668656272305035770e-01
289      2.411963716481056729801e-01      1.172500523594056875964e+00      9.351668656272306145993e-01
290      2.538909175243217464235e-01      1.234211077467428419041e+00      9.351668656272305035770e-01
291      2.665854634005378476225e-01      1.295921631340799962118e+00      9.351668656272305035770e-01
292      2.792800092767539488214e-01      1.357632185214171505194e+00      9.351668656272305035770e-01
293      2.919745551529699945092e-01      1.419342739087542604182e+00      9.351668656272305035770e-01
294      3.046691010291860957082e-01      1.481053292960914147258e+00      9.351668656272305035770e-01
295      3.173636469054021969072e-01      1.542763846834285468290e+00      9.351668656272306145993e-01
296      3.300581927816181315727e-01      1.604474400707656567278e+00      9.351668656272306145993e-01
297      3.427527386578343993051e-01      1.666184954581028332399e+00      9.351668656272305035770e-01
298      3.554472845340504449929e-01      1.727895508454399653431e+00      9.351668656272305035770e-01
299      3.681418304102665461919e-01      1.789606062327771196507e+00      9.351668656272305035770e-01
300      3.808363762864826473908e-01      1.851316616201142739584e+00      9.351668656272305035770e-01
301      3.935309221626988041010e-01      1.913027170074514282661e+00      9.351668656272305035770e-01
302      4.019939527468427975521e-01      1.954167539323428570697e+00      9.351668656272305035770e-01
303      4.062254680389148497888e-01      1.974737723947885603692e+00      9.351668656272305035770e-01
304      1.020780891362703113323e-01      9.978281257630581269069e-01      9.649138331629718567939e-01
305      1.042047159932759509138e-01      1.018616211716455000058e+00      9.649138331629718567939e-01
306      1.084579697072872161989e-01      1.060192383623249190450e+00      9.649138331629718567939e-01
307      1.148378502783041210655e-01      1.122556641483440253992e+00      9.649138331629718567939e-01
308      1.212177308493209981766e-01      1.184920899343631095491e+00      9.649138331629718567939e-01
309      1.275976114203378752876e-01      1.247285157203822603122e+00      9.649138331629718567939e-01
310      1.339774919913548079098e-01      1.309649415064013666665e+00      9.649138331629718567939e-01
311      1.403573725623716850208e-01      1.372013672924204730208e+00      9.649138331629718567939e-01
312      1.467372531333885343763e-01      1.434377930784396015795e+00      9.649138331629718567939e-01
313      1.531171337044054669985e-01      1.496742188644587079338e+00      9.649138331629718567939e-01
314      1.594970142754223441095e-01      1.559106446504778142881e+00      9.649138331629718567939e-01
315      1.658768948464391934650e-01      1.621470704364969206424e+00      9.649138331629718567939e-01
316      1.722567754174561538427e-01      1.683834962225160492011e+00      9.649138331629718567939e-01
317      1.786366559884730031982e-01      1.746199220085351555554e+00      9.649138331629718567939e-01
318      1.850165365594899080648e-01      1.808563477945542841141e+00      9.649138331629718567939e-01
319      1.913964171305068406870e-01      1.870927735805733682639e+00      9.649138331629718567939e-01
320      1.977762977015237455536e-01      1.933291993665924968226e+00      9.649138331629718567939e-01
321      2.020295514155349692054e-01      1.974868165572718936573e+00      9.649138331629718567939e-01
322      2.041561782725406226646e-01      1.995656251526116253814e+00      9.649138331629718567939e-01
323      3.394500482711740318997e-02      1.000000000000000000000e+00      9.877961158827728294085e-01
324      3.465219242768234619856e-02      1.020833333333333259318e+00      9.877961158827728294085e-01
325      3.606656762881224609352e-02      1.062500000000000000000e+00      9.877961158827728294085e-01
326      3.818813043050708205817e-02      1.124999999999999777955e+00      9.877961158827728294085e-01
327      4.030969323220191802282e-02      1.187499999999999777955e+00      9.877961158827728294085e-01
328      4.243125603389675398747e-02      1.250000000000000000000e+00      9.877961158827728294085e-01
329      4.455281883559159689101e-02      1.312500000000000000000e+00      9.877961158827728294085e-01
330      4.667438163728643285566e-02      1.374999999999999777955e+00      9.877961158827728294085e-01
331      4.879594443898126188142e-02      1.437499999999999777955e+00      9.877961158827728294085e-01
332      5.091750724067610478496e-02      1.499999999999999777955e+00      9.877961158827728294085e-01
333      5.303907004237094074961e-02      1.562500000000000000000e+00      9.877961158827728294085e-01
334      5.516063284406576977537e-02      1.625000000000000000000e+00      9.877961158827728294085e-01
335      5.728219564576061961780e-02      1.687500000000000000000e+00      9.877961158827728294085e-01
336      5.940375844745544864356e-02      1.750000000000000000000e+00      9.877961158827728294085e-01
337      6.152532124915029154710e-02      1.812500000000000000000e+00      9.877961158827728294085e-01
338      6.364688405084513445065e-02      1.875000000000000000000e+00      9.877961158827728294085e-01
339      6.576844685253997735419e-02      1.937500000000000000000e+00      9.877961158827728294085e-01
340      6.718282205366984949357e-02      1.979166666666666518637e+00      9.877961158827728294085e-01
341      6.789000965423480637995e-02      2.000000000000000000000e+00      9.877961158827728294085e-01
342      0.000000000000000000000e+00      1.000000000000000000000e+00      1.000000000000000000000e+00
343      0.000000000000000000000e+00      1.020833333333333259318e+00      1.000000000000000000000e+00
344      0.000000000000000000000e+00      1.062500000000000000000e+00      1.000000000000000000000e+00
345      0.000000000000000000000e+00      1.124999999999999777955e+00      1.000000000000000000000e+00
346      0.000000000000000000000e+00      1.187499999999999777955e+00      1.000000000000000000000e+00
347      0.000000000000000000000e+00      1.250000000000000000000e+00      1.000000000000000000000e+00
348      0.000000000000000000000e+00      1.312500000000000000000e+00      1.000000000000000000000e+00
349      0.000000000000000000000e+00      1.375000000000000000000e+00      1.000000000000000000000e+00
350      0.000000000000000000000e+00      1.437500000000000000000e+00      1.000000000000000000000e+00
351      0.000000000000000000000e+00      1.500000000000000000000e+00      1.000000000000000000000e+00
352      0.000000000000000000000e+00      1.562500000000000000000e+00      1.000000000000000000000e+00
353      0.000000000000000000000e+00      1.625000000000000000000e+00      1.000000000000000000000e+00
354      0.000000000000000000000e+00      1.687500000000000000000e+00      1.000000000000000000000e+00
355      0.000000000000000000000e+00      1.750000000000000000000e+00      1.000000000000000000000e+00
356      0.000000000000000000000e+00      1.812500000000000000000e+00      1.000000000000000000000e+00
357      0.000000000000000000000e+00      1.875000000000000000000e+00      1.000000000000000000000e+00
358      0.000000000000000000000e+00      1.937500000000000000000e+00      1.000000000000000000000e+00
359      0.000000000000000000000e+00      1.979166666666666740682e+00      1.000000000000000000000e+00
360      0.000000000000000000000e+00      2.000000000000000000000e+00      1.000000000000000000000e+00

boundary 0
0
1
2
3
4
5
6
7
8
9
10
11
12
13
14
15
16
17
18
37
56
75
94
113
132
151
170
189
208
227
246
265
284
303
322
341
360

boundary 1
18
37
56
75
94
113
132
151
170
189
208
227
246
265
284
303
322
341
342
343
344
345
346
347
348
349
350
351
352
353
354
355
356
357
358
359
360

