patch connectivity
0   1   2   3   4   5   6   7   8   9   10   11   12   13   14   15   16   17   18   19   20   21   22   23   24   25   26   27   28   29   30   31   32   33   34   35   36   37   38   39   40   41   42   43   44   45   46   47   48   49   50   51   52   53   54   55   56   57   58   59   60   61   62   63   64   65   66   67   68   69   70   71   72   73   74   75   76   77   78   79   80   81   82   83   84   85   86   87   88   89   90   91   92   93   94   95   96   97   98   99

control point infomation
0      1.000000000000000000000e+00      0.000000000000000000000e+00      1.000000000000000000000e+00
1      1.062500000000000000000e+00      0.000000000000000000000e+00      1.000000000000000000000e+00
2      1.187500000000000000000e+00      0.000000000000000000000e+00      1.000000000000000000000e+00
3      1.312500000000000000000e+00      0.000000000000000000000e+00      1.000000000000000000000e+00
4      1.437500000000000000000e+00      0.000000000000000000000e+00      1.000000000000000000000e+00
5      1.562500000000000000000e+00      0.000000000000000000000e+00      1.000000000000000000000e+00
6      1.687500000000000000000e+00      0.000000000000000000000e+00      1.000000000000000000000e+00
7      1.812500000000000000000e+00      0.000000000000000000000e+00      1.000000000000000000000e+00
8      1.937500000000000000000e+00      0.000000000000000000000e+00      1.000000000000000000000e+00
9      2.000000000000000000000e+00      0.000000000000000000000e+00      1.000000000000000000000e+00
10      1.000000000000000000000e+00      9.174737048053263621661e-02      9.633883476483184882255e-01
11      1.062499999999999777955e+00      9.748158113556593118432e-02      9.633883476483184882255e-01
12      1.187500000000000000000e+00      1.089500024456324933642e-01      9.633883476483184882255e-01
13      1.312500000000000000000e+00      1.204184237556990832996e-01      9.633883476483184882255e-01
14      1.437500000000000000000e+00      1.318868450657656732350e-01      9.633883476483184882255e-01
15      1.562500000000000000000e+00      1.433552663758322354148e-01      9.633883476483184882255e-01
16      1.687499999999999777955e+00      1.548236876858988253503e-01      9.633883476483184882255e-01
17      1.812499999999999777955e+00      1.662921089959654152857e-01      9.633883476483184882255e-01
18      1.937500000000000000000e+00      1.777605303060319497099e-01      9.633883476483184882255e-01
19      2.000000000000000000000e+00      1.834947409610652724332e-01      9.633883476483184882255e-01
20      9.656015387370172620152e-01      2.776323134773617251625e-01      9.084708691207961095415e-01
21      1.025951634908080833952e+00      2.949843330696967913518e-01      9.084708691207961095415e-01
22      1.146651827250207755782e+00      3.296883722543670347527e-01      9.084708691207961095415e-01
23      1.267352019592335121700e+00      3.643924114390372226424e-01      9.084708691207961095415e-01
24      1.388052211934462043530e+00      3.990964506237075215545e-01      9.084708691207961095415e-01
25      1.508752404276589187404e+00      4.338004898083776539330e-01      9.084708691207961095415e-01
26      1.629452596618716775367e+00      4.685045289930478973339e-01      9.084708691207961095415e-01
27      1.750152788960843697197e+00      5.032085681777181962460e-01      9.084708691207961095415e-01
28      1.870852981302971063116e+00      5.379126073623882176022e-01      9.084708691207961095415e-01
29      1.931203077474034524030e+00      5.552646269547234503250e-01      9.084708691207961095415e-01
30      8.924711717249336206947e-01      4.623558586246681589849e-01      8.718592167691144867447e-01
31      9.482506199577419581104e-01      4.912530997887099015742e-01      8.718592167691144867447e-01
32      1.059809516423358743964e+00      5.490475821167933867528e-01      8.718592167691144867447e-01
33      1.171368412888975640840e+00      6.068420644448768719315e-01      8.718592167691144867447e-01
34      1.282927309354592093626e+00      6.646365467729604681324e-01      8.718592167691144867447e-01
35      1.394486205820208768458e+00      7.224310291010439533110e-01      8.718592167691144867447e-01
36      1.506045102285825665334e+00      7.802255114291275495120e-01      8.718592167691144867447e-01
37      1.617603998751442340165e+00      8.380199937572110346906e-01      8.718592167691144867447e-01
38      1.729162895217059014996e+00      8.958144760852944088469e-01      8.718592167691144867447e-01
39      1.784942343449867241389e+00      9.247117172493363179697e-01      8.718592167691144867447e-01
40      7.803300858899105962863e-01      6.338834764831844381661e-01      8.535533905932737308575e-01
41      8.291007162580299461041e-01      6.735011937633834655514e-01      8.535533905932737308575e-01
42      9.266419769942689788067e-01      7.527366283237816313445e-01      8.535533905932737308575e-01
43      1.024183237730507789465e+00      8.319720628841796861153e-01      8.535533905932737308575e-01
44      1.121724498466746711145e+00      9.112074974445777408860e-01      8.535533905932737308575e-01
45      1.219265759202985410781e+00      9.904429320049756846345e-01      8.535533905932737308575e-01
46      1.316807019939224332461e+00      1.069678366565373961450e+00      8.535533905932737308575e-01
47      1.414348280675463254141e+00      1.148913801125771794176e+00      8.535533905932737308575e-01
48      1.511889541411701953777e+00      1.228149235686169848947e+00      8.535533905932737308575e-01
49      1.560660171779821192573e+00      1.267766952966368876332e+00      8.535533905932737308575e-01
50      6.338834764831844381661e-01      7.803300858899105962863e-01      8.535533905932737308575e-01
51      6.735011937633834655514e-01      8.291007162580299461041e-01      8.535533905932737308575e-01
52      7.527366283237816313445e-01      9.266419769942689788067e-01      8.535533905932737308575e-01
53      8.319720628841796861153e-01      1.024183237730507789465e+00      8.535533905932737308575e-01
54      9.112074974445777408860e-01      1.121724498466746711145e+00      8.535533905932737308575e-01
55      9.904429320049756846345e-01      1.219265759202985410781e+00      8.535533905932737308575e-01
56      1.069678366565373961450e+00      1.316807019939224332461e+00      8.535533905932737308575e-01
57      1.148913801125771794176e+00      1.414348280675463254141e+00      8.535533905932737308575e-01
58      1.228149235686169848947e+00      1.511889541411701953777e+00      8.535533905932737308575e-01
59      1.267766952966368876332e+00      1.560660171779821192573e+00      8.535533905932737308575e-01
60      4.623558586246681589849e-01      8.924711717249336206947e-01      8.718592167691144867447e-01
61      4.912530997887099015742e-01      9.482506199577419581104e-01      8.718592167691144867447e-01
62      5.490475821167933867528e-01      1.059809516423358743964e+00      8.718592167691144867447e-01
63      6.068420644448768719315e-01      1.171368412888975640840e+00      8.718592167691144867447e-01
64      6.646365467729604681324e-01      1.282927309354592093626e+00      8.718592167691144867447e-01
65      7.224310291010439533110e-01      1.394486205820208768458e+00      8.718592167691144867447e-01
66      7.802255114291275495120e-01      1.506045102285825665334e+00      8.718592167691144867447e-01
67      8.380199937572110346906e-01      1.617603998751442340165e+00      8.718592167691144867447e-01
68      8.958144760852944088469e-01      1.729162895217059014996e+00      8.718592167691144867447e-01
69      9.247117172493363179697e-01      1.784942343449867241389e+00      8.718592167691144867447e-01
70      2.776323134773617251625e-01      9.656015387370172620152e-01      9.084708691207961095415e-01
71      2.949843330696967913518e-01      1.025951634908080833952e+00      9.084708691207961095415e-01
72      3.296883722543670347527e-01      1.146651827250207755782e+00      9.084708691207961095415e-01
73      3.643924114390372226424e-01      1.267352019592335121700e+00      9.084708691207961095415e-01
74      3.990964506237075215545e-01      1.388052211934462043530e+00      9.084708691207961095415e-01
75      4.338004898083776539330e-01      1.508752404276589187404e+00      9.084708691207961095415e-01
76      4.685045289930478973339e-01      1.629452596618716775367e+00      9.084708691207961095415e-01
77      5.032085681777181962460e-01      1.750152788960843697197e+00      9.084708691207961095415e-01
78      5.379126073623882176022e-01      1.870852981302971063116e+00      9.084708691207961095415e-01
79      5.552646269547234503250e-01      1.931203077474034524030e+00      9.084708691207961095415e-01
80      9.174737048053263621661e-02      1.000000000000000000000e+00      9.633883476483184882255e-01
81      9.748158113556593118432e-02      1.062499999999999777955e+00      9.633883476483184882255e-01
82      1.089500024456324933642e-01      1.187500000000000000000e+00      9.633883476483184882255e-01
83      1.204184237556990832996e-01      1.312500000000000000000e+00      9.633883476483184882255e-01
84      1.318868450657656732350e-01      1.437500000000000000000e+00      9.633883476483184882255e-01
85      1.433552663758322354148e-01      1.562500000000000000000e+00      9.633883476483184882255e-01
86      1.548236876858988253503e-01      1.687499999999999777955e+00      9.633883476483184882255e-01
87      1.662921089959654152857e-01      1.812499999999999777955e+00      9.633883476483184882255e-01
88      1.777605303060319497099e-01      1.937500000000000000000e+00      9.633883476483184882255e-01
89      1.834947409610652724332e-01      2.000000000000000000000e+00      9.633883476483184882255e-01
90      0.000000000000000000000e+00      1.000000000000000000000e+00      1.000000000000000000000e+00
91      0.000000000000000000000e+00      1.062500000000000000000e+00      1.000000000000000000000e+00
92      0.000000000000000000000e+00      1.187500000000000000000e+00      1.000000000000000000000e+00
93      0.000000000000000000000e+00      1.312500000000000000000e+00      1.000000000000000000000e+00
94      0.000000000000000000000e+00      1.437500000000000000000e+00      1.000000000000000000000e+00
95      0.000000000000000000000e+00      1.562500000000000000000e+00      1.000000000000000000000e+00
96      0.000000000000000000000e+00      1.687500000000000000000e+00      1.000000000000000000000e+00
97      0.000000000000000000000e+00      1.812500000000000000000e+00      1.000000000000000000000e+00
98      0.000000000000000000000e+00      1.937500000000000000000e+00      1.000000000000000000000e+00
99      0.000000000000000000000e+00      2.000000000000000000000e+00      1.000000000000000000000e+00

boundary 0
0
1
2
3
4
5
6
7
8
9
19
29
39
49
59
69
79
89
99

boundary 1
9
19
29
39
49
59
69
79
89
90
91
92
93
94
95
96
97
98
99

