patch connectivity
0   1   2   3   4   5   6   7   8   9   10   11   12   13   14   15   16   17   18   19   20   21   22   23   24   25   26   27   28   29   30   31   32   33   34   35   36   37   38   39   40   41   42   43   44   45   46   47   48   49   50   51   52   53   54   55   56   57   58   59   60   61   62   63   64   65   66   67   68   69   70   71   72   73   74   75   76   77   78   79   80   81   82   83   84   85   86   87   88   89   90   91   92   93   94   95   96   97   98   99

control point infomation
0      1.000000000000000000000e+00      0.000000000000000000000e+00      1.000000000000000000000e+00
1      1.047619047619047671915e+00      0.000000000000000000000e+00      1.000000000000000000000e+00
2      1.142857142857142793702e+00      0.000000000000000000000e+00      1.000000000000000000000e+00
3      1.285714285714285809448e+00      0.000000000000000000000e+00      9.999999999999998889777e-01
4      1.428571428571428603149e+00      0.000000000000000000000e+00      1.000000000000000000000e+00
5      1.571428571428571396851e+00      0.000000000000000000000e+00      1.000000000000000000000e+00
6      1.714285714285714412597e+00      0.000000000000000000000e+00      1.000000000000000000000e+00
7      1.857142857142857206298e+00      0.000000000000000000000e+00      1.000000000000000000000e+00
8      1.952380952380952328085e+00      0.000000000000000000000e+00      1.000000000000000000000e+00
9      2.000000000000000000000e+00      0.000000000000000000000e+00      1.000000000000000000000e+00
10      1.000000000000000000000e+00      6.927592669941172454084e-02      9.721054077320522290862e-01
11      1.047619047619047671915e+00      7.257478035176466446554e-02      9.721054077320522290862e-01
12      1.142857142857142793702e+00      7.917248765647053043715e-02      9.721054077320522290862e-01
13      1.285714285714285809448e+00      8.906904861352937796681e-02      9.721054077320521180638e-01
14      1.428571428571428381105e+00      9.896560957058816998533e-02      9.721054077320522290862e-01
15      1.571428571428571396851e+00      1.088621705276469758816e-01      9.721054077320522290862e-01
16      1.714285714285714634642e+00      1.187587314847057956557e-01      9.721054077320522290862e-01
17      1.857142857142857206298e+00      1.286552924417646015520e-01      9.721054077320522290862e-01
18      1.952380952380952328085e+00      1.352529997464705091570e-01      9.721054077320522290862e-01
19      2.000000000000000000000e+00      1.385518533988234490817e-01      9.721054077320522290862e-01
20      9.852800533533631055505e-01      2.124828544049200407251e-01      9.242861067012844156210e-01
21      1.032198151132094565696e+00      2.226010855670590704580e-01      9.242861067012845266433e-01
22      1.126034346689557708032e+00      2.428375478913371576795e-01      9.242861067012844156210e-01
23      1.266788640025752643581e+00      2.731922413777543856561e-01      9.242861067012841935764e-01
24      1.407542933361947135040e+00      3.035469348641715026105e-01      9.242861067012844156210e-01
25      1.548297226698141848544e+00      3.339016283505885640537e-01      9.242861067012844156210e-01
26      1.689051520034336562048e+00      3.642563218370057365192e-01      9.242861067012844156210e-01
27      1.829805813370531275552e+00      3.946110153234228534735e-01      9.242861067012844156210e-01
28      1.923642008927994195844e+00      4.148474776477009684506e-01      9.242861067012844156210e-01
29      1.970560106706726211101e+00      4.249657088098400814502e-01      9.242861067012844156210e-01
30      9.146231990890487661972e-01      4.256469756899642353787e-01      8.764668056705166021558e-01
31      9.581766847599557657134e-01      4.459158792942482518740e-01      8.764668056705167131781e-01
32      1.045283656101770208835e+00      4.864536865028162293534e-01      8.764668056705166021558e-01
33      1.175944113114491429428e+00      5.472603973156684453727e-01      8.764668056705163801112e-01
34      1.306604570127212427977e+00      6.080671081285201617916e-01      8.764668056705166021558e-01
35      1.437265027139933870615e+00      6.688738189413724333221e-01      8.764668056705166021558e-01
36      1.567925484152654869163e+00      7.296805297542242607634e-01      8.764668056705166021558e-01
37      1.698585941165376089756e+00      7.904872405670763102492e-01      8.764668056705166021558e-01
38      1.785692912507190532878e+00      8.310250477756443432398e-01      8.764668056705166021558e-01
39      1.829246398178097532394e+00      8.512939513799284707574e-01      8.764668056705166021558e-01
40      7.925408903909367808183e-01      6.249777633990012404297e-01      8.525571551551328619567e-01
41      8.302809327905055214458e-01      6.547386092751441566406e-01      8.525571551551328619567e-01
42      9.057610175896421145225e-01      7.142603010274299890625e-01      8.525571551551328619567e-01
43      1.018981144788347670271e+00      8.035428386558590707622e-01      8.525571551551325288898e-01
44      1.132201271987052448864e+00      8.928253762842875973504e-01      8.525571551551328619567e-01
45      1.245421399185757671546e+00      9.821079139127160129163e-01      8.525571551551328619567e-01
46      1.358641526384463338317e+00      1.071390451541144761549e+00      8.525571551551328619567e-01
47      1.471861653583168560999e+00      1.160672989169573510182e+00      8.525571551551328619567e-01
48      1.547341738382305376120e+00      1.220194680921859342604e+00      8.525571551551328619567e-01
49      1.585081780781873561637e+00      1.249955526798002480859e+00      8.525571551551328619567e-01
50      6.249777633990012404297e-01      7.925408903909368918406e-01      8.525571551551328619567e-01
51      6.547386092751441566406e-01      8.302809327905054104235e-01      8.525571551551328619567e-01
52      7.142603010274299890625e-01      9.057610175896421145225e-01      8.525571551551328619567e-01
53      8.035428386558590707622e-01      1.018981144788347670271e+00      8.525571551551325288898e-01
54      8.928253762842873753058e-01      1.132201271987052448864e+00      8.525571551551328619567e-01
55      9.821079139127163459833e-01      1.245421399185757893591e+00      8.525571551551328619567e-01
56      1.071390451541144983594e+00      1.358641526384462894228e+00      8.525571551551328619567e-01
57      1.160672989169573732227e+00      1.471861653583168338955e+00      8.525571551551328619567e-01
58      1.220194680921859342604e+00      1.547341738382305154076e+00      8.525571551551328619567e-01
59      1.249955526798002480859e+00      1.585081780781873783681e+00      8.525571551551328619567e-01
60      4.256469756899641798675e-01      9.146231990890486551748e-01      8.764668056705167131781e-01
61      4.459158792942482518740e-01      9.581766847599559877580e-01      8.764668056705167131781e-01
62      4.864536865028161738422e-01      1.045283656101769986790e+00      8.764668056705167131781e-01
63      5.472603973156683343504e-01      1.175944113114491429428e+00      8.764668056705164911335e-01
64      6.080671081285200507693e-01      1.306604570127212205932e+00      8.764668056705167131781e-01
65      6.688738189413723222998e-01      1.437265027139933648570e+00      8.764668056705167131781e-01
66      7.296805297542242607634e-01      1.567925484152654869163e+00      8.764668056705167131781e-01
67      7.904872405670763102492e-01      1.698585941165376089756e+00      8.764668056705167131781e-01
68      8.310250477756442322175e-01      1.785692912507190310833e+00      8.764668056705167131781e-01
69      8.512939513799283597351e-01      1.829246398178097310350e+00      8.764668056705167131781e-01
70      2.124828544049200407251e-01      9.852800533533629945282e-01      9.242861067012844156210e-01
71      2.226010855670591259692e-01      1.032198151132094565696e+00      9.242861067012844156210e-01
72      2.428375478913371576795e-01      1.126034346689557708032e+00      9.242861067012844156210e-01
73      2.731922413777543301450e-01      1.266788640025752643581e+00      9.242861067012841935764e-01
74      3.035469348641714470993e-01      1.407542933361947135040e+00      9.242861067012844156210e-01
75      3.339016283505885640537e-01      1.548297226698141848544e+00      9.242861067012844156210e-01
76      3.642563218370057365192e-01      1.689051520034336562048e+00      9.242861067012844156210e-01
77      3.946110153234229089847e-01      1.829805813370531275552e+00      9.242861067012844156210e-01
78      4.148474776477009684506e-01      1.923642008927994195844e+00      9.242861067012844156210e-01
79      4.249657088098400814502e-01      1.970560106706725989056e+00      9.242861067012844156210e-01
80      6.927592669941173841863e-02      1.000000000000000000000e+00      9.721054077320521180638e-01
81      7.257478035176469222112e-02      1.047619047619047671915e+00      9.721054077320521180638e-01
82      7.917248765647057207051e-02      1.142857142857142793702e+00      9.721054077320521180638e-01
83      8.906904861352939184460e-02      1.285714285714285809448e+00      9.721054077320520070415e-01
84      9.896560957058821161869e-02      1.428571428571428603149e+00      9.721054077320521180638e-01
85      1.088621705276470313928e-01      1.571428571428571396851e+00      9.721054077320521180638e-01
86      1.187587314847058511669e-01      1.714285714285714412597e+00      9.721054077320521180638e-01
87      1.286552924417646848188e-01      1.857142857142857428343e+00      9.721054077320521180638e-01
88      1.352529997464705646681e-01      1.952380952380952328085e+00      9.721054077320521180638e-01
89      1.385518533988234768373e-01      2.000000000000000000000e+00      9.721054077320521180638e-01
90      0.000000000000000000000e+00      1.000000000000000000000e+00      1.000000000000000000000e+00
91      0.000000000000000000000e+00      1.047619047619047671915e+00      1.000000000000000000000e+00
92      0.000000000000000000000e+00      1.142857142857142793702e+00      1.000000000000000000000e+00
93      0.000000000000000000000e+00      1.285714285714285809448e+00      9.999999999999998889777e-01
94      0.000000000000000000000e+00      1.428571428571428603149e+00      1.000000000000000000000e+00
95      0.000000000000000000000e+00      1.571428571428571396851e+00      1.000000000000000000000e+00
96      0.000000000000000000000e+00      1.714285714285714412597e+00      1.000000000000000000000e+00
97      0.000000000000000000000e+00      1.857142857142857206298e+00      1.000000000000000000000e+00
98      0.000000000000000000000e+00      1.952380952380952328085e+00      1.000000000000000000000e+00
99      0.000000000000000000000e+00      2.000000000000000000000e+00      1.000000000000000000000e+00

boundary 0
0
1
2
3
4
5
6
7
8
9
19
29
39
49
59
69
79
89
99

boundary 1
9
19
29
39
49
59
69
79
89
90
91
92
93
94
95
96
97
98
99

