patch connectivity
0   1   2   3   4   5   6   7   8   9   10   11   12   13   14   15   16   17   18   19   20   21   22   23   24   25   26   27   28   29   30   31   32   33   34   35   36   37   38   39   40   41   42   43   44   45   46   47   48   49   50   51   52   53   54   55   56   57   58   59   60   61   62   63   64   65   66   67   68   69   70   71   72   73   74   75   76   77   78   79   80   81   82   83   84   85   86   87   88   89   90   91   92   93   94   95   96   97   98   99   100   101   102   103   104   105   106   107   108   109   110   111   112   113   114   115   116   117   118   119   120

control point infomation
0      0.000000000000000000000e+00      0.000000000000000000000e+00      1.000000000000000000000e+00
1      4.166666666666667406815e-01      0.000000000000000000000e+00      1.000000000000000000000e+00
2      1.250000000000000222045e+00      0.000000000000000000000e+00      1.000000000000000000000e+00
3      2.500000000000000444089e+00      0.000000000000000000000e+00      1.000000000000000000000e+00
4      3.750000000000000444089e+00      0.000000000000000000000e+00      1.000000000000000000000e+00
5      5.000000000000000000000e+00      0.000000000000000000000e+00      1.000000000000000000000e+00
6      6.250000000000000000000e+00      0.000000000000000000000e+00      1.000000000000000000000e+00
7      7.500000000000000000000e+00      0.000000000000000000000e+00      1.000000000000000000000e+00
8      8.750000000000000000000e+00      0.000000000000000000000e+00      1.000000000000000000000e+00
9      9.583333333333333925452e+00      0.000000000000000000000e+00      1.000000000000000000000e+00
10      1.000000000000000000000e+01      0.000000000000000000000e+00      1.000000000000000000000e+00
11      0.000000000000000000000e+00      4.166666666666667406815e-01      1.000000000000000000000e+00
12      4.166666666666667406815e-01      4.166666666666667406815e-01      1.000000000000000000000e+00
13      1.250000000000000222045e+00      4.166666666666667406815e-01      1.000000000000000000000e+00
14      2.500000000000000444089e+00      4.166666666666667406815e-01      1.000000000000000000000e+00
15      3.750000000000000444089e+00      4.166666666666667406815e-01      1.000000000000000000000e+00
16      5.000000000000000000000e+00      4.166666666666667406815e-01      1.000000000000000000000e+00
17      6.250000000000000000000e+00      4.166666666666667406815e-01      1.000000000000000000000e+00
18      7.500000000000000000000e+00      4.166666666666667406815e-01      1.000000000000000000000e+00
19      8.750000000000000000000e+00      4.166666666666667406815e-01      1.000000000000000000000e+00
20      9.583333333333333925452e+00      4.166666666666667406815e-01      1.000000000000000000000e+00
21      1.000000000000000000000e+01      4.166666666666667406815e-01      1.000000000000000000000e+00
22      0.000000000000000000000e+00      1.250000000000000222045e+00      1.000000000000000000000e+00
23      4.166666666666667406815e-01      1.250000000000000222045e+00      1.000000000000000000000e+00
24      1.250000000000000222045e+00      1.250000000000000222045e+00      1.000000000000000000000e+00
25      2.500000000000000444089e+00      1.250000000000000222045e+00      1.000000000000000000000e+00
26      3.750000000000000888178e+00      1.250000000000000444089e+00      1.000000000000000000000e+00
27      5.000000000000000000000e+00      1.250000000000000222045e+00      1.000000000000000000000e+00
28      6.250000000000000000000e+00      1.250000000000000222045e+00      1.000000000000000000000e+00
29      7.500000000000000000000e+00      1.250000000000000222045e+00      1.000000000000000000000e+00
30      8.750000000000000000000e+00      1.250000000000000222045e+00      1.000000000000000000000e+00
31      9.583333333333333925452e+00      1.250000000000000222045e+00      1.000000000000000000000e+00
32      1.000000000000000000000e+01      1.250000000000000222045e+00      1.000000000000000000000e+00
33      0.000000000000000000000e+00      2.500000000000000444089e+00      1.000000000000000000000e+00
34      4.166666666666667406815e-01      2.500000000000000444089e+00      1.000000000000000000000e+00
35      1.250000000000000444089e+00      2.500000000000000444089e+00      1.000000000000000000000e+00
36      2.500000000000000444089e+00      2.500000000000000444089e+00      1.000000000000000000000e+00
37      3.750000000000000888178e+00      2.500000000000000444089e+00      1.000000000000000000000e+00
38      5.000000000000000000000e+00      2.500000000000000444089e+00      1.000000000000000000000e+00
39      6.250000000000000000000e+00      2.500000000000000444089e+00      1.000000000000000000000e+00
40      7.500000000000000000000e+00      2.500000000000000444089e+00      1.000000000000000000000e+00
41      8.750000000000000000000e+00      2.500000000000000444089e+00      1.000000000000000000000e+00
42      9.583333333333333925452e+00      2.500000000000000444089e+00      1.000000000000000000000e+00
43      1.000000000000000000000e+01      2.500000000000000444089e+00      1.000000000000000000000e+00
44      0.000000000000000000000e+00      3.750000000000000444089e+00      1.000000000000000000000e+00
45      4.166666666666667406815e-01      3.750000000000000444089e+00      1.000000000000000000000e+00
46      1.250000000000000444089e+00      3.750000000000000444089e+00      1.000000000000000000000e+00
47      2.500000000000000444089e+00      3.750000000000000444089e+00      1.000000000000000000000e+00
48      3.750000000000000888178e+00      3.750000000000000888178e+00      1.000000000000000000000e+00
49      5.000000000000000888178e+00      3.750000000000000444089e+00      1.000000000000000000000e+00
50      6.250000000000000000000e+00      3.750000000000000444089e+00      1.000000000000000000000e+00
51      7.500000000000000000000e+00      3.750000000000000444089e+00      1.000000000000000000000e+00
52      8.750000000000000000000e+00      3.750000000000000444089e+00      1.000000000000000000000e+00
53      9.583333333333333925452e+00      3.750000000000000444089e+00      1.000000000000000000000e+00
54      1.000000000000000000000e+01      3.750000000000000444089e+00      1.000000000000000000000e+00
55      0.000000000000000000000e+00      5.000000000000000000000e+00      1.000000000000000000000e+00
56      4.166666666666667406815e-01      5.000000000000000000000e+00      1.000000000000000000000e+00
57      1.250000000000000444089e+00      5.000000000000000000000e+00      1.000000000000000000000e+00
58      2.500000000000000444089e+00      5.000000000000000000000e+00      1.000000000000000000000e+00
59      3.750000000000000888178e+00      5.000000000000000888178e+00      1.000000000000000000000e+00
60      5.000000000000000888178e+00      5.000000000000000000000e+00      1.000000000000000000000e+00
61      6.250000000000000888178e+00      5.000000000000000000000e+00      1.000000000000000000000e+00
62      7.500000000000000888178e+00      5.000000000000000000000e+00      1.000000000000000000000e+00
63      8.750000000000000000000e+00      5.000000000000000000000e+00      1.000000000000000000000e+00
64      9.583333333333333925452e+00      5.000000000000000000000e+00      1.000000000000000000000e+00
65      1.000000000000000000000e+01      5.000000000000000000000e+00      1.000000000000000000000e+00
66      0.000000000000000000000e+00      6.250000000000000000000e+00      1.000000000000000000000e+00
67      4.166666666666667406815e-01      6.250000000000000000000e+00      1.000000000000000000000e+00
68      1.250000000000000444089e+00      6.250000000000000000000e+00      1.000000000000000000000e+00
69      2.500000000000000444089e+00      6.250000000000000000000e+00      1.000000000000000000000e+00
70      3.750000000000000888178e+00      6.250000000000000888178e+00      1.000000000000000000000e+00
71      5.000000000000000888178e+00      6.250000000000000000000e+00      1.000000000000000000000e+00
72      6.250000000000000888178e+00      6.250000000000000000000e+00      1.000000000000000000000e+00
73      7.500000000000000000000e+00      6.250000000000000000000e+00      1.000000000000000000000e+00
74      8.750000000000000000000e+00      6.250000000000000000000e+00      1.000000000000000000000e+00
75      9.583333333333333925452e+00      6.250000000000000000000e+00      1.000000000000000000000e+00
76      1.000000000000000000000e+01      6.250000000000000000000e+00      1.000000000000000000000e+00
77      0.000000000000000000000e+00      7.500000000000000000000e+00      1.000000000000000000000e+00
78      4.166666666666667406815e-01      7.500000000000000000000e+00      1.000000000000000000000e+00
79      1.250000000000000444089e+00      7.500000000000000000000e+00      1.000000000000000000000e+00
80      2.500000000000000444089e+00      7.500000000000000000000e+00      1.000000000000000000000e+00
81      3.750000000000000888178e+00      7.500000000000000888178e+00      1.000000000000000000000e+00
82      5.000000000000000000000e+00      7.500000000000000000000e+00      1.000000000000000000000e+00
83      6.250000000000000000000e+00      7.500000000000000000000e+00      1.000000000000000000000e+00
84      7.500000000000000888178e+00      7.500000000000000000000e+00      1.000000000000000000000e+00
85      8.750000000000000000000e+00      7.500000000000000000000e+00      1.000000000000000000000e+00
86      9.583333333333333925452e+00      7.500000000000000000000e+00      1.000000000000000000000e+00
87      1.000000000000000000000e+01      7.500000000000000000000e+00      1.000000000000000000000e+00
88      0.000000000000000000000e+00      8.750000000000000000000e+00      1.000000000000000000000e+00
89      4.166666666666667406815e-01      8.750000000000000000000e+00      1.000000000000000000000e+00
90      1.250000000000000222045e+00      8.750000000000000000000e+00      1.000000000000000000000e+00
91      2.500000000000000444089e+00      8.750000000000000000000e+00      1.000000000000000000000e+00
92      3.750000000000000888178e+00      8.750000000000000000000e+00      1.000000000000000000000e+00
93      5.000000000000000000000e+00      8.750000000000000000000e+00      1.000000000000000000000e+00
94      6.250000000000000000000e+00      8.750000000000000000000e+00      1.000000000000000000000e+00
95      7.500000000000000000000e+00      8.750000000000000000000e+00      1.000000000000000000000e+00
96      8.750000000000000000000e+00      8.750000000000000000000e+00      1.000000000000000000000e+00
97      9.583333333333333925452e+00      8.750000000000000000000e+00      1.000000000000000000000e+00
98      1.000000000000000000000e+01      8.750000000000000000000e+00      1.000000000000000000000e+00
99      0.000000000000000000000e+00      9.583333333333333925452e+00      1.000000000000000000000e+00
100      4.166666666666667406815e-01      9.583333333333333925452e+00      1.000000000000000000000e+00
101      1.250000000000000222045e+00      9.583333333333333925452e+00      1.000000000000000000000e+00
102      2.500000000000000444089e+00      9.583333333333333925452e+00      1.000000000000000000000e+00
103      3.750000000000000444089e+00      9.583333333333333925452e+00      1.000000000000000000000e+00
104      5.000000000000000000000e+00      9.583333333333333925452e+00      1.000000000000000000000e+00
105      6.250000000000000000000e+00      9.583333333333333925452e+00      1.000000000000000000000e+00
106      7.500000000000000000000e+00      9.583333333333333925452e+00      1.000000000000000000000e+00
107      8.750000000000000000000e+00      9.583333333333333925452e+00      1.000000000000000000000e+00
108      9.583333333333333925452e+00      9.583333333333333925452e+00      1.000000000000000000000e+00
109      1.000000000000000000000e+01      9.583333333333333925452e+00      1.000000000000000000000e+00
110      0.000000000000000000000e+00      1.000000000000000000000e+01      1.000000000000000000000e+00
111      4.166666666666667406815e-01      1.000000000000000000000e+01      1.000000000000000000000e+00
112      1.250000000000000222045e+00      1.000000000000000000000e+01      1.000000000000000000000e+00
113      2.500000000000000444089e+00      1.000000000000000000000e+01      1.000000000000000000000e+00
114      3.750000000000000444089e+00      1.000000000000000000000e+01      1.000000000000000000000e+00
115      5.000000000000000000000e+00      1.000000000000000000000e+01      1.000000000000000000000e+00
116      6.250000000000000000000e+00      1.000000000000000000000e+01      1.000000000000000000000e+00
117      7.500000000000000000000e+00      1.000000000000000000000e+01      1.000000000000000000000e+00
118      8.750000000000000000000e+00      1.000000000000000000000e+01      1.000000000000000000000e+00
119      9.583333333333333925452e+00      1.000000000000000000000e+01      1.000000000000000000000e+00
120      1.000000000000000000000e+01      1.000000000000000000000e+01      1.000000000000000000000e+00

boundary 0
0
1
2
3
4
5
6
7
8
9
10

boundary 1
0
11
22
33
44
55
66
77
88
99
110

