patch connectivity
0   1   2   3   4   5   6   7   8   9   10   11   12   13   14   15   16   17   18   19   20   21   22   23   24   25   26   27   28   29   30   31   32   33   34   35   36   37   38   39   40   41   42   43   44   45   46   47   48   49   50   51   52   53   54   55   56   57   58   59   60   61   62   63   64   65   66   67   68   69   70   71   72   73   74   75   76   77   78   79   80   81   82   83   84   85   86   87   88   89   90   91   92   93   94   95   96   97   98   99

control point infomation
0      0.000000000000000000000e+00      0.000000000000000000000e+00      1.000000000000000000000e+00
1      4.761904761904762750646e-01      0.000000000000000000000e+00      1.000000000000000000000e+00
2      1.428571428571428825194e+00      0.000000000000000000000e+00      1.000000000000000000000e+00
3      2.857142857142857650388e+00      0.000000000000000000000e+00      9.999999999999998889777e-01
4      4.285714285714285587403e+00      0.000000000000000000000e+00      1.000000000000000000000e+00
5      5.714285714285714412597e+00      0.000000000000000000000e+00      1.000000000000000000000e+00
6      7.142857142857142349612e+00      0.000000000000000000000e+00      1.000000000000000000000e+00
7      8.571428571428572951163e+00      0.000000000000000000000e+00      1.000000000000000000000e+00
8      9.523809523809523724935e+00      0.000000000000000000000e+00      1.000000000000000000000e+00
9      1.000000000000000000000e+01      0.000000000000000000000e+00      1.000000000000000000000e+00
10      0.000000000000000000000e+00      4.761904761904762750646e-01      1.000000000000000000000e+00
11      4.761904761904763305758e-01      4.761904761904762750646e-01      1.000000000000000000000e+00
12      1.428571428571428825194e+00      4.761904761904762750646e-01      1.000000000000000000000e+00
13      2.857142857142857650388e+00      4.761904761904763305758e-01      9.999999999999998889777e-01
14      4.285714285714285587403e+00      4.761904761904761640423e-01      1.000000000000000000000e+00
15      5.714285714285714412597e+00      4.761904761904762750646e-01      1.000000000000000000000e+00
16      7.142857142857142349612e+00      4.761904761904762750646e-01      1.000000000000000000000e+00
17      8.571428571428572951163e+00      4.761904761904762750646e-01      1.000000000000000000000e+00
18      9.523809523809523724935e+00      4.761904761904762750646e-01      1.000000000000000000000e+00
19      1.000000000000000177636e+01      4.761904761904762750646e-01      1.000000000000000000000e+00
20      0.000000000000000000000e+00      1.428571428571428825194e+00      1.000000000000000000000e+00
21      4.761904761904762750646e-01      1.428571428571428825194e+00      1.000000000000000000000e+00
22      1.428571428571428825194e+00      1.428571428571428825194e+00      1.000000000000000000000e+00
23      2.857142857142857650388e+00      1.428571428571429047238e+00      9.999999999999997779554e-01
24      4.285714285714285587403e+00      1.428571428571428381105e+00      1.000000000000000000000e+00
25      5.714285714285714412597e+00      1.428571428571428825194e+00      1.000000000000000000000e+00
26      7.142857142857143237791e+00      1.428571428571428825194e+00      1.000000000000000000000e+00
27      8.571428571428572951163e+00      1.428571428571428825194e+00      1.000000000000000000000e+00
28      9.523809523809525501292e+00      1.428571428571428825194e+00      1.000000000000000000000e+00
29      1.000000000000000000000e+01      1.428571428571428825194e+00      1.000000000000000000000e+00
30      0.000000000000000000000e+00      2.857142857142857650388e+00      9.999999999999998889777e-01
31      4.761904761904762750646e-01      2.857142857142857650388e+00      9.999999999999998889777e-01
32      1.428571428571428825194e+00      2.857142857142857650388e+00      9.999999999999998889777e-01
33      2.857142857142857206298e+00      2.857142857142857650388e+00      9.999999999999997779554e-01
34      4.285714285714286475582e+00      2.857142857142857650388e+00      9.999999999999998889777e-01
35      5.714285714285715300775e+00      2.857142857142857650388e+00      9.999999999999998889777e-01
36      7.142857142857143237791e+00      2.857142857142857650388e+00      9.999999999999998889777e-01
37      8.571428571428572951163e+00      2.857142857142857650388e+00      9.999999999999998889777e-01
38      9.523809523809525501292e+00      2.857142857142857650388e+00      9.999999999999998889777e-01
39      1.000000000000000177636e+01      2.857142857142857650388e+00      9.999999999999998889777e-01
40      0.000000000000000000000e+00      4.285714285714285587403e+00      1.000000000000000000000e+00
41      4.761904761904762750646e-01      4.285714285714285587403e+00      1.000000000000000000000e+00
42      1.428571428571428825194e+00      4.285714285714285587403e+00      1.000000000000000000000e+00
43      2.857142857142857650388e+00      4.285714285714285587403e+00      9.999999999999997779554e-01
44      4.285714285714285587403e+00      4.285714285714284699225e+00      1.000000000000000000000e+00
45      5.714285714285714412597e+00      4.285714285714285587403e+00      1.000000000000000000000e+00
46      7.142857142857143237791e+00      4.285714285714284699225e+00      1.000000000000000000000e+00
47      8.571428571428572951163e+00      4.285714285714285587403e+00      1.000000000000000000000e+00
48      9.523809523809523724935e+00      4.285714285714285587403e+00      1.000000000000000000000e+00
49      1.000000000000000000000e+01      4.285714285714285587403e+00      1.000000000000000000000e+00
50      0.000000000000000000000e+00      5.714285714285714412597e+00      1.000000000000000000000e+00
51      4.761904761904762750646e-01      5.714285714285715300775e+00      1.000000000000000000000e+00
52      1.428571428571428825194e+00      5.714285714285714412597e+00      1.000000000000000000000e+00
53      2.857142857142857650388e+00      5.714285714285714412597e+00      9.999999999999997779554e-01
54      4.285714285714285587403e+00      5.714285714285713524418e+00      1.000000000000000000000e+00
55      5.714285714285715300775e+00      5.714285714285714412597e+00      1.000000000000000000000e+00
56      7.142857142857142349612e+00      5.714285714285713524418e+00      1.000000000000000000000e+00
57      8.571428571428572951163e+00      5.714285714285714412597e+00      1.000000000000000000000e+00
58      9.523809523809523724935e+00      5.714285714285714412597e+00      1.000000000000000000000e+00
59      1.000000000000000000000e+01      5.714285714285714412597e+00      1.000000000000000000000e+00
60      0.000000000000000000000e+00      7.142857142857142349612e+00      1.000000000000000000000e+00
61      4.761904761904762195535e-01      7.142857142857144125969e+00      1.000000000000000000000e+00
62      1.428571428571428603149e+00      7.142857142857142349612e+00      1.000000000000000000000e+00
63      2.857142857142857206298e+00      7.142857142857144125969e+00      9.999999999999997779554e-01
64      4.285714285714285587403e+00      7.142857142857142349612e+00      1.000000000000000000000e+00
65      5.714285714285714412597e+00      7.142857142857142349612e+00      1.000000000000000000000e+00
66      7.142857142857142349612e+00      7.142857142857142349612e+00      1.000000000000000000000e+00
67      8.571428571428572951163e+00      7.142857142857142349612e+00      1.000000000000000000000e+00
68      9.523809523809521948579e+00      7.142857142857142349612e+00      1.000000000000000000000e+00
69      1.000000000000000000000e+01      7.142857142857142349612e+00      1.000000000000000000000e+00
70      0.000000000000000000000e+00      8.571428571428572951163e+00      1.000000000000000000000e+00
71      4.761904761904762750646e-01      8.571428571428572951163e+00      1.000000000000000000000e+00
72      1.428571428571428825194e+00      8.571428571428572951163e+00      1.000000000000000000000e+00
73      2.857142857142857650388e+00      8.571428571428574727520e+00      9.999999999999997779554e-01
74      4.285714285714286475582e+00      8.571428571428572951163e+00      1.000000000000000000000e+00
75      5.714285714285714412597e+00      8.571428571428572951163e+00      1.000000000000000000000e+00
76      7.142857142857143237791e+00      8.571428571428572951163e+00      1.000000000000000000000e+00
77      8.571428571428572951163e+00      8.571428571428572951163e+00      1.000000000000000000000e+00
78      9.523809523809525501292e+00      8.571428571428572951163e+00      1.000000000000000000000e+00
79      1.000000000000000000000e+01      8.571428571428572951163e+00      1.000000000000000000000e+00
80      0.000000000000000000000e+00      9.523809523809523724935e+00      1.000000000000000000000e+00
81      4.761904761904762750646e-01      9.523809523809525501292e+00      1.000000000000000000000e+00
82      1.428571428571428825194e+00      9.523809523809523724935e+00      1.000000000000000000000e+00
83      2.857142857142857650388e+00      9.523809523809525501292e+00      9.999999999999998889777e-01
84      4.285714285714285587403e+00      9.523809523809523724935e+00      1.000000000000000000000e+00
85      5.714285714285715300775e+00      9.523809523809523724935e+00      1.000000000000000000000e+00
86      7.142857142857142349612e+00      9.523809523809523724935e+00      1.000000000000000000000e+00
87      8.571428571428572951163e+00      9.523809523809523724935e+00      1.000000000000000000000e+00
88      9.523809523809523724935e+00      9.523809523809523724935e+00      1.000000000000000000000e+00
89      1.000000000000000000000e+01      9.523809523809523724935e+00      1.000000000000000000000e+00
90      0.000000000000000000000e+00      1.000000000000000000000e+01      1.000000000000000000000e+00
91      4.761904761904762750646e-01      1.000000000000000177636e+01      1.000000000000000000000e+00
92      1.428571428571428825194e+00      1.000000000000000000000e+01      1.000000000000000000000e+00
93      2.857142857142857650388e+00      1.000000000000000177636e+01      9.999999999999998889777e-01
94      4.285714285714285587403e+00      1.000000000000000000000e+01      1.000000000000000000000e+00
95      5.714285714285714412597e+00      1.000000000000000000000e+01      1.000000000000000000000e+00
96      7.142857142857142349612e+00      1.000000000000000000000e+01      1.000000000000000000000e+00
97      8.571428571428572951163e+00      1.000000000000000000000e+01      1.000000000000000000000e+00
98      9.523809523809523724935e+00      1.000000000000000000000e+01      1.000000000000000000000e+00
99      1.000000000000000000000e+01      1.000000000000000000000e+01      1.000000000000000000000e+00

boundary 0
0
1
2
3
4
5
6
7
8
9

boundary 1
0
10
20
30
40
50
60
70
80
90

