patch connectivity
0   1   2   3   4   5   6   7   8   9   10   11   12   13   14   15   16   17   18   19   20   21   22   23   24   25   26   27   28   29   30   31   32   33   34   35   36   37   38   39   40   41   42   43   44   45   46   47   48   49   50   51   52   53   54   55   56   57   58   59   60   61   62   63   64   65   66   67   68   69   70   71   72   73   74   75   76   77   78   79   80   81   82   83   84   85   86   87   88   89   90   91   92   93   94   95   96   97   98   99   100   101   102   103   104   105   106   107   108   109   110   111   112   113   114   115   116   117   118   119   120

control point infomation
0      1.000000000000000000000e+00      0.000000000000000000000e+00      1.000000000000000000000e+00
1      1.041666666666666740682e+00      0.000000000000000000000e+00      1.000000000000000000000e+00
2      1.124999999999999777955e+00      0.000000000000000000000e+00      1.000000000000000000000e+00
3      1.250000000000000000000e+00      0.000000000000000000000e+00      1.000000000000000000000e+00
4      1.375000000000000000000e+00      0.000000000000000000000e+00      1.000000000000000000000e+00
5      1.500000000000000000000e+00      0.000000000000000000000e+00      1.000000000000000000000e+00
6      1.625000000000000000000e+00      0.000000000000000000000e+00      1.000000000000000000000e+00
7      1.750000000000000000000e+00      0.000000000000000000000e+00      1.000000000000000000000e+00
8      1.875000000000000000000e+00      0.000000000000000000000e+00      1.000000000000000000000e+00
9      1.958333333333333259318e+00      0.000000000000000000000e+00      1.000000000000000000000e+00
10      2.000000000000000000000e+00      0.000000000000000000000e+00      1.000000000000000000000e+00
11      1.000000000000000000000e+00      6.039978915395870923133e-02      9.755922317655456588170e-01
12      1.041666666666666740682e+00      6.291644703537364879953e-02      9.755922317655456588170e-01
13      1.124999999999999777955e+00      6.794976279820354181371e-02      9.755922317655456588170e-01
14      1.249999999999999777955e+00      7.549973644244838133499e-02      9.755922317655456588170e-01
15      1.375000000000000000000e+00      8.304971008669322085627e-02      9.755922317655456588170e-01
16      1.500000000000000000000e+00      9.059968373093806037755e-02      9.755922317655456588170e-01
17      1.625000000000000000000e+00      9.814965737518288602104e-02      9.755922317655456588170e-01
18      1.749999999999999777955e+00      1.056996310194277394201e-01      9.755922317655456588170e-01
19      1.875000000000000000000e+00      1.132496046636725650636e-01      9.755922317655456588170e-01
20      1.958333333333333037274e+00      1.182829204265024858334e-01      9.755922317655456588170e-01
21      2.000000000000000000000e+00      1.207995783079174184627e-01      9.755922317655456588170e-01
22      9.888338458513764583913e-01      1.848707471504767718695e-01      9.328786373552505617468e-01
23      1.030035256095183537894e+00      1.925736949484133098132e-01      9.328786373552505617468e-01
24      1.112438076582798140990e+00      2.079795905442863301893e-01      9.328786373552505617468e-01
25      1.236042307314220600745e+00      2.310884339380959717758e-01      9.328786373552505617468e-01
26      1.359646538045642394366e+00      2.541972773319055578511e-01      9.328786373552505617468e-01
27      1.483250768777064410031e+00      2.773061207257151994376e-01      9.328786373552505617468e-01
28      1.606854999508486647741e+00      3.004149641195247300018e-01      9.328786373552505617468e-01
29      1.730459230239908219318e+00      3.235238075133343160772e-01      9.328786373552505617468e-01
30      1.854063460971330679072e+00      3.466326509071439576637e-01      9.328786373552505617468e-01
31      1.936466281458945282168e+00      3.620385465030170890621e-01      9.328786373552505617468e-01
32      1.977667691702752916783e+00      3.697414943009535437390e-01      9.328786373552505617468e-01
33      9.354179259686974390320e-01      3.717925526046025885840e-01      8.871140719156485054953e-01
34      9.743936728840599803547e-01      3.872839089631276432435e-01      8.871140719156485054953e-01
35      1.052345166714784285844e+00      4.182666216801777525625e-01      8.871140719156487275399e-01
36      1.169272407460871798790e+00      4.647406907557530275632e-01      8.871140719156487275399e-01
37      1.286199648206959089691e+00      5.112147598313284690974e-01      8.871140719156485054953e-01
38      1.403126888953046380593e+00      5.576888289069038551204e-01      8.871140719156485054953e-01
39      1.520054129699133227405e+00      6.041628979824791301212e-01      8.871140719156485054953e-01
40      1.636981370445220518306e+00      6.506369670580545161442e-01      8.871140719156485054953e-01
41      1.753908611191307809207e+00      6.971110361336296801227e-01      8.871140719156485054953e-01
42      1.831860105022032447764e+00      7.280937488506799004639e-01      8.871140719156485054953e-01
43      1.870835851937394878064e+00      7.435851052092051771680e-01      8.871140719156485054953e-01
44      8.424756277042687591106e-01      5.516614019275339897419e-01      8.596553326518873161532e-01
45      8.775787788586133508772e-01      5.746472936745145032589e-01      8.596553326518873161532e-01
46      9.477850811673020903214e-01      6.206190771684755302928e-01      8.596553326518874271756e-01
47      1.053094534630335754599e+00      6.895767524094175149330e-01      8.596553326518874271756e-01
48      1.158403988093369418877e+00      7.585344276503590554839e-01      8.596553326518873161532e-01
49      1.263713441556403083155e+00      8.274921028913010401240e-01      8.596553326518873161532e-01
50      1.369022895019436747432e+00      8.964497781322426916972e-01      8.596553326518873161532e-01
51      1.474332348482470189666e+00      9.654074533731844542928e-01      8.596553326518873161532e-01
52      1.579641801945504075988e+00      1.034365128614126216888e+00      8.596553326518873161532e-01
53      1.649848104254192815432e+00      1.080336912108087465967e+00      8.596553326518873161532e-01
54      1.684951255408537518221e+00      1.103322803855067979484e+00      8.596553326518873161532e-01
55      7.121799291386311514529e-01      7.121799291386311514529e-01      8.505024195639669937208e-01
56      7.418540928527408429005e-01      7.418540928527408429005e-01      8.505024195639669937208e-01
57      8.012024202809597817065e-01      8.012024202809597817065e-01      8.505024195639671047431e-01
58      8.902249114232888560494e-01      8.902249114232889670717e-01      8.505024195639671047431e-01
59      9.792474025656178193699e-01      9.792474025656177083476e-01      8.505024195639669937208e-01
60      1.068269893707946893713e+00      1.068269893707946893713e+00      8.505024195639669937208e-01
61      1.157292384850275634989e+00      1.157292384850275634989e+00      8.505024195639669937208e-01
62      1.246314875992604376265e+00      1.246314875992604598309e+00      8.505024195639669937208e-01
63      1.335337367134933339585e+00      1.335337367134933339585e+00      8.505024195639669937208e-01
64      1.394685694563152500436e+00      1.394685694563152500436e+00      8.505024195639669937208e-01
65      1.424359858277262302906e+00      1.424359858277262302906e+00      8.505024195639669937208e-01
66      5.516614019275338787196e-01      8.424756277042686480883e-01      8.596553326518874271756e-01
67      5.746472936745145032589e-01      8.775787788586132398549e-01      8.596553326518874271756e-01
68      6.206190771684755302928e-01      9.477850811673020903214e-01      8.596553326518874271756e-01
69      6.895767524094174039107e-01      1.053094534630335754599e+00      8.596553326518874271756e-01
70      7.585344276503589444616e-01      1.158403988093369196832e+00      8.596553326518874271756e-01
71      8.274921028913009291017e-01      1.263713441556403083155e+00      8.596553326518874271756e-01
72      8.964497781322425806749e-01      1.369022895019436747432e+00      8.596553326518874271756e-01
73      9.654074533731843432705e-01      1.474332348482470189666e+00      8.596553326518874271756e-01
74      1.034365128614125994844e+00      1.579641801945503631899e+00      8.596553326518874271756e-01
75      1.080336912108087243922e+00      1.649848104254192593388e+00      8.596553326518874271756e-01
76      1.103322803855067757439e+00      1.684951255408537296177e+00      8.596553326518874271756e-01
77      3.717925526046024775617e-01      9.354179259686974390320e-01      8.871140719156485054953e-01
78      3.872839089631275877323e-01      9.743936728840599803547e-01      8.871140719156485054953e-01
79      4.182666216801778080736e-01      1.052345166714784507889e+00      8.871140719156486165176e-01
80      4.647406907557530830744e-01      1.169272407460871576745e+00      8.871140719156486165176e-01
81      5.112147598313284690974e-01      1.286199648206959089691e+00      8.871140719156485054953e-01
82      5.576888289069038551204e-01      1.403126888953046380593e+00      8.871140719156485054953e-01
83      6.041628979824791301212e-01      1.520054129699133449449e+00      8.871140719156485054953e-01
84      6.506369670580544051219e-01      1.636981370445220518306e+00      8.871140719156485054953e-01
85      6.971110361336296801227e-01      1.753908611191307809207e+00      8.871140719156485054953e-01
86      7.280937488506799004639e-01      1.831860105022032447764e+00      8.871140719156485054953e-01
87      7.435851052092049551234e-01      1.870835851937394878064e+00      8.871140719156485054953e-01
88      1.848707471504767718695e-01      9.888338458513764583913e-01      9.328786373552504507245e-01
89      1.925736949484133098132e-01      1.030035256095183759939e+00      9.328786373552504507245e-01
90      2.079795905442863579449e-01      1.112438076582798363034e+00      9.328786373552504507245e-01
91      2.310884339380959717758e-01      1.236042307314220600745e+00      9.328786373552504507245e-01
92      2.541972773319055578511e-01      1.359646538045642616410e+00      9.328786373552504507245e-01
93      2.773061207257151439265e-01      1.483250768777064854120e+00      9.328786373552504507245e-01
94      3.004149641195247855130e-01      1.606854999508486647741e+00      9.328786373552504507245e-01
95      3.235238075133343160772e-01      1.730459230239908663407e+00      9.328786373552504507245e-01
96      3.466326509071440131748e-01      1.854063460971330901117e+00      9.328786373552504507245e-01
97      3.620385465030169780398e-01      1.936466281458945504212e+00      9.328786373552504507245e-01
98      3.697414943009535437390e-01      1.977667691702752916783e+00      9.328786373552504507245e-01
99      6.039978915395870229244e-02      1.000000000000000000000e+00      9.755922317655456588170e-01
100      6.291644703537363492174e-02      1.041666666666666740682e+00      9.755922317655456588170e-01
101      6.794976279820354181371e-02      1.124999999999999777955e+00      9.755922317655456588170e-01
102      7.549973644244836745720e-02      1.249999999999999777955e+00      9.755922317655456588170e-01
103      8.304971008669322085627e-02      1.375000000000000000000e+00      9.755922317655456588170e-01
104      9.059968373093804649976e-02      1.500000000000000000000e+00      9.755922317655456588170e-01
105      9.814965737518288602104e-02      1.625000000000000000000e+00      9.755922317655456588170e-01
106      1.056996310194277255423e-01      1.749999999999999777955e+00      9.755922317655456588170e-01
107      1.132496046636725650636e-01      1.875000000000000000000e+00      9.755922317655456588170e-01
108      1.182829204265024442000e-01      1.958333333333333037274e+00      9.755922317655456588170e-01
109      1.207995783079174045849e-01      2.000000000000000000000e+00      9.755922317655456588170e-01
110      0.000000000000000000000e+00      1.000000000000000000000e+00      1.000000000000000000000e+00
111      0.000000000000000000000e+00      1.041666666666666740682e+00      1.000000000000000000000e+00
112      0.000000000000000000000e+00      1.124999999999999777955e+00      1.000000000000000000000e+00
113      0.000000000000000000000e+00      1.250000000000000000000e+00      1.000000000000000000000e+00
114      0.000000000000000000000e+00      1.375000000000000000000e+00      1.000000000000000000000e+00
115      0.000000000000000000000e+00      1.500000000000000000000e+00      1.000000000000000000000e+00
116      0.000000000000000000000e+00      1.625000000000000000000e+00      1.000000000000000000000e+00
117      0.000000000000000000000e+00      1.750000000000000000000e+00      1.000000000000000000000e+00
118      0.000000000000000000000e+00      1.875000000000000000000e+00      1.000000000000000000000e+00
119      0.000000000000000000000e+00      1.958333333333333259318e+00      1.000000000000000000000e+00
120      0.000000000000000000000e+00      2.000000000000000000000e+00      1.000000000000000000000e+00

boundary 0
0
1
2
3
4
5
6
7
8
9
10
21
32
43
54
65
76
87
98
109
120

boundary 1
10
21
32
43
54
65
76
87
98
109
110
111
112
113
114
115
116
117
118
119
120

