1000    0.3

1

324

2   2

21	21

18	18

0   1   2   3   4   5   6   7   8   9   10   11   12   13   14   15   16   17   18   19   20   21   22   23   24   25   26   27   28   29   30   31   32   33   34   35   36   37   38   39   40   41   42   43   44   45   46   47   48   49   50   51   52   53   54   55   56   57   58   59   60   61   62   63   64   65   66   67   68   69   70   71   72   73   74   75   76   77   78   79   80   81   82   83   84   85   86   87   88   89   90   91   92   93   94   95   96   97   98   99   100   101   102   103   104   105   106   107   108   109   110   111   112   113   114   115   116   117   118   119   120   121   122   123   124   125   126   127   128   129   130   131   132   133   134   135   136   137   138   139   140   141   142   143   144   145   146   147   148   149   150   151   152   153   154   155   156   157   158   159   160   161   162   163   164   165   166   167   168   169   170   171   172   173   174   175   176   177   178   179   180   181   182   183   184   185   186   187   188   189   190   191   192   193   194   195   196   197   198   199   200   201   202   203   204   205   206   207   208   209   210   211   212   213   214   215   216   217   218   219   220   221   222   223   224   225   226   227   228   229   230   231   232   233   234   235   236   237   238   239   240   241   242   243   244   245   246   247   248   249   250   251   252   253   254   255   256   257   258   259   260   261   262   263   264   265   266   267   268   269   270   271   272   273   274   275   276   277   278   279   280   281   282   283   284   285   286   287   288   289   290   291   292   293   294   295   296   297   298   299   300   301   302   303   304   305   306   307   308   309   310   311   312   313   314   315   316   317   318   319   320   321   322   3230   1   2   3   4   5   6   7   8   9   10   11   12   13   14   15   16   17   18   19   20   21   22   23   24   25   26   27   28   29   30   31   32   33   34   35   36   37   38   39   40   41   42   43   44   45   46   47   48   49   50   51   52   53   54   55   56   57   58   59   60   61   62   63   64   65   66   67   68   69   70   71   72   73   74   75   76   77   78   79   80   81   82   83   84   85   86   87   88   89   90   91   92   93   94   95   96   97   98   99   100   101   102   103   104   105   106   107   108   109   110   111   112   113   114   115   116   117   118   119   120   121   122   123   124   125   126   127   128   129   130   131   132   133   134   135   136   137   138   139   140   141   142   143   144   145   146   147   148   149   150   151   152   153   154   155   156   157   158   159   160   161   162   163   164   165   166   167   168   169   170   171   172   173   174   175   176   177   178   179   180   181   182   183   184   185   186   187   188   189   190   191   192   193   194   195   196   197   198   199   200   201   202   203   204   205   206   207   208   209   210   211   212   213   214   215   216   217   218   219   220   221   222   223   224   225   226   227   228   229   230   231   232   233   234   235   236   237   238   239   240   241   242   243   244   245   246   247   248   249   250   251   252   253   254   255   256   257   258   259   260   261   262   263   264   265   266   267   268   269   270   271   272   273   274   275   276   277   278   279   280   281   282   283   284   285   286   287   288   289   290   291   292   293   294   295   296   297   298   299   300   301   302   303   304   305   306   307   308   309   310   311   312   313   314   315   316   317   318   319   320   321   322   323

70  0   0

0.0000000000000000e+00	0.0000000000000000e+00	0.0000000000000000e+00	6.2500000000000000e-02	1.2500000000000000e-01	1.8750000000000000e-01	2.5000000000000000e-01	3.1250000000000000e-01	3.7500000000000000e-01	4.3750000000000000e-01	5.0000000000000000e-01	5.6250000000000000e-01	6.2500000000000000e-01	6.8750000000000000e-01	7.5000000000000000e-01	8.1250000000000000e-01	8.7500000000000000e-01	9.3750000000000000e-01	1.0000000000000000e+00	1.0000000000000000e+00	1.0000000000000000e+00
0.0000000000000000e+00	0.0000000000000000e+00	0.0000000000000000e+00	6.2500000000000000e-02	1.2500000000000000e-01	1.8750000000000000e-01	2.5000000000000000e-01	3.1250000000000000e-01	3.7500000000000000e-01	4.3750000000000000e-01	5.0000000000000000e-01	5.6250000000000000e-01	6.2500000000000000e-01	6.8750000000000000e-01	7.5000000000000000e-01	8.1250000000000000e-01	8.7500000000000000e-01	9.3750000000000000e-01	1.0000000000000000e+00	1.0000000000000000e+00	1.0000000000000000e+00

0	1.0000000000000000e+00	0.0000000000000000e+00	1.0000000000000000e+00
1	1.0312500000000000e+00	0.0000000000000000e+00	1.0000000000000000e+00
2	1.0937500000000000e+00	0.0000000000000000e+00	1.0000000000000000e+00
3	1.1562500000000000e+00	0.0000000000000000e+00	1.0000000000000000e+00
4	1.2187500000000000e+00	0.0000000000000000e+00	1.0000000000000000e+00
5	1.2812500000000000e+00	0.0000000000000000e+00	1.0000000000000000e+00
6	1.3437500000000000e+00	0.0000000000000000e+00	1.0000000000000000e+00
7	1.4062500000000000e+00	0.0000000000000000e+00	1.0000000000000000e+00
8	1.4687500000000000e+00	0.0000000000000000e+00	1.0000000000000000e+00
9	1.5312500000000000e+00	0.0000000000000000e+00	1.0000000000000000e+00
10	1.5937500000000000e+00	0.0000000000000000e+00	1.0000000000000000e+00
11	1.6562500000000000e+00	0.0000000000000000e+00	1.0000000000000000e+00
12	1.7187500000000000e+00	0.0000000000000000e+00	1.0000000000000000e+00
13	1.7812500000000000e+00	0.0000000000000000e+00	1.0000000000000000e+00
14	1.8437500000000000e+00	0.0000000000000000e+00	1.0000000000000000e+00
15	1.9062500000000000e+00	0.0000000000000000e+00	1.0000000000000000e+00
16	1.9687500000000000e+00	0.0000000000000000e+00	1.0000000000000000e+00
17	2.0000000000000000e+00	0.0000000000000000e+00	1.0000000000000000e+00
18	1.0000000000000000e+00	4.5018270457898503e-02	9.8169417382415924e-01
19	1.0312500000000002e+00	4.6425091409707825e-02	9.8169417382415924e-01
20	1.0937500000000000e+00	4.9238733313326496e-02	9.8169417382415924e-01
21	1.1562500000000000e+00	5.2052375216945133e-02	9.8169417382415924e-01
22	1.2187500000000000e+00	5.4866017120563798e-02	9.8169417382415924e-01
23	1.2812500000000000e+00	5.7679659024182456e-02	9.8169417382415924e-01
24	1.3437500000000000e+00	6.0493300927801100e-02	9.8169417382415924e-01
25	1.4062500000000000e+00	6.3306942831419771e-02	9.8169417382415924e-01
26	1.4687500000000000e+00	6.6120584735038429e-02	9.8169417382415924e-01
27	1.5312499999999998e+00	6.8934226638657073e-02	9.8169417382415924e-01
28	1.5937499999999998e+00	7.1747868542275731e-02	9.8169417382415924e-01
29	1.6562499999999998e+00	7.4561510445894388e-02	9.8169417382415924e-01
30	1.7187500000000000e+00	7.7375152349513046e-02	9.8169417382415924e-01
31	1.7812500000000000e+00	8.0188794253131704e-02	9.8169417382415924e-01
32	1.8437500000000000e+00	8.3002436156750362e-02	9.8169417382415924e-01
33	1.9062500000000000e+00	8.5816078060368992e-02	9.8169417382415924e-01
34	1.9687500000000000e+00	8.8629719963987677e-02	9.8169417382415924e-01
35	2.0000000000000000e+00	9.0036540915797006e-02	9.8169417382415924e-01
36	9.9177336266928362e-01	1.3620308027477940e-01	9.4965897801643795e-01
37	1.0227662802526987e+00	1.4045942653336624e-01	9.4965897801643795e-01
38	1.0847521154195288e+00	1.4897211905054000e-01	9.4965897801643795e-01
39	1.1467379505863591e+00	1.5748481156771363e-01	9.4965897801643795e-01
40	1.2087237857531892e+00	1.6599750408488742e-01	9.4965897801643795e-01
41	1.2707096209200197e+00	1.7451019660206113e-01	9.4965897801643795e-01
42	1.3326954560868498e+00	1.8302288911923478e-01	9.4965897801643795e-01
43	1.3946812912536801e+00	1.9153558163640858e-01	9.4965897801643795e-01
44	1.4566671264205100e+00	2.0004827415358226e-01	9.4965897801643795e-01
45	1.5186529615873405e+00	2.0856096667075597e-01	9.4965897801643795e-01
46	1.5806387967541706e+00	2.1707365918792965e-01	9.4965897801643795e-01
47	1.6426246319210012e+00	2.2558635170510338e-01	9.4965897801643795e-01
48	1.7046104670878310e+00	2.3409904422227709e-01	9.4965897801643795e-01
49	1.7665963022546614e+00	2.4261173673945083e-01	9.4965897801643795e-01
50	1.8285821374214917e+00	2.5112442925662454e-01	9.4965897801643795e-01
51	1.8905679725883218e+00	2.5963712177379816e-01	9.4965897801643795e-01
52	1.9525538077551519e+00	2.6814981429097190e-01	9.4965897801643795e-01
53	1.9835467253385672e+00	2.7240616054955880e-01	9.4965897801643795e-01
54	9.7458523754916782e-01	2.2908553899142386e-01	9.2220023875267665e-01
55	1.0050410262225795e+00	2.3624446208490579e-01	9.2220023875267665e-01
56	1.0659526035694025e+00	2.5056230827186987e-01	9.2220023875267665e-01
57	1.1268641809162252e+00	2.6488015445883378e-01	9.2220023875267665e-01
58	1.1877757582630484e+00	2.7919800064579792e-01	9.2220023875267665e-01
59	1.2486873356098716e+00	2.9351584683276188e-01	9.2220023875267665e-01
60	1.3095989129566943e+00	3.0783369301972585e-01	9.2220023875267665e-01
61	1.3705104903035175e+00	3.2215153920668987e-01	9.2220023875267665e-01
62	1.4314220676503404e+00	3.3646938539365379e-01	9.2220023875267665e-01
63	1.4923336449971631e+00	3.5078723158061781e-01	9.2220023875267665e-01
64	1.5532452223439863e+00	3.6510507776758172e-01	9.2220023875267665e-01
65	1.6141567996908095e+00	3.7942292395454580e-01	9.2220023875267665e-01
66	1.6750683770376324e+00	3.9374077014150971e-01	9.2220023875267665e-01
67	1.7359799543844554e+00	4.0805861632847379e-01	9.2220023875267665e-01
68	1.7968915317312784e+00	4.2237646251543781e-01	9.2220023875267665e-01
69	1.8578031090781013e+00	4.3669430870240167e-01	9.2220023875267665e-01
70	1.9187146864249243e+00	4.5101215488936575e-01	9.2220023875267665e-01
71	1.9491704750983356e+00	4.5817107798284773e-01	9.2220023875267665e-01
72	9.4787716659547450e-01	3.2240316574116806e-01	8.9931795603287568e-01
73	9.7749832805158310e-01	3.3247826467057956e-01	8.9931795603287568e-01
74	1.0367406509638002e+00	3.5262846252940266e-01	8.9931795603287568e-01
75	1.0959829738760174e+00	3.7277866038822549e-01	8.9931795603287568e-01
76	1.1552252967882344e+00	3.9292885824704865e-01	8.9931795603287568e-01
77	1.2144676197004518e+00	4.1307905610587164e-01	8.9931795603287568e-01
78	1.2737099426126690e+00	4.3322925396469464e-01	8.9931795603287568e-01
79	1.3329522655248860e+00	4.5337945182351769e-01	8.9931795603287568e-01
80	1.3921945884371032e+00	4.7352964968234057e-01	8.9931795603287568e-01
81	1.4514369113493204e+00	4.9367984754116367e-01	8.9931795603287568e-01
82	1.5106792342615376e+00	5.1383004539998656e-01	8.9931795603287568e-01
83	1.5699215571737546e+00	5.3398024325880966e-01	8.9931795603287568e-01
84	1.6291638800859720e+00	5.5413044111763265e-01	8.9931795603287568e-01
85	1.6884062029981892e+00	5.7428063897645565e-01	8.9931795603287568e-01
86	1.7476485259104062e+00	5.9443083683527864e-01	8.9931795603287568e-01
87	1.8068908488226234e+00	6.1458103469410141e-01	8.9931795603287568e-01
88	1.8661331717348404e+00	6.3473123255292474e-01	8.9931795603287568e-01
89	1.8957543331909490e+00	6.4480633148233613e-01	8.9931795603287568e-01
90	9.1132358187545315e-01	4.1473564037799082e-01	8.8101212985703492e-01
91	9.3980244380906097e-01	4.2769612913980293e-01	8.8101212985703492e-01
92	9.9676016767627684e-01	4.5361710666342753e-01	8.8101212985703492e-01
93	1.0537178915434926e+00	4.7953808418705185e-01	8.8101212985703492e-01
94	1.1106756154107083e+00	5.0545906171067634e-01	8.8101212985703492e-01
95	1.1676333392779243e+00	5.3138003923430077e-01	8.8101212985703492e-01
96	1.2245910631451402e+00	5.5730101675792509e-01	8.8101212985703492e-01
97	1.2815487870123561e+00	5.8322199428154964e-01	8.8101212985703492e-01
98	1.3385065108795720e+00	6.0914297180517407e-01	8.8101212985703492e-01
99	1.3954642347467878e+00	6.3506394932879850e-01	8.8101212985703492e-01
100	1.4524219586140037e+00	6.6098492685242283e-01	8.8101212985703492e-01
101	1.5093796824812193e+00	6.8690590437604726e-01	8.8101212985703492e-01
102	1.5663374063484352e+00	7.1282688189967169e-01	8.8101212985703492e-01
103	1.6232951302156513e+00	7.3874785942329602e-01	8.8101212985703492e-01
104	1.6802528540828665e+00	7.6466883694692056e-01	8.8101212985703492e-01
105	1.7372105779500824e+00	7.9058981447054477e-01	8.8101212985703492e-01
106	1.7941683018172985e+00	8.1651079199416943e-01	8.8101212985703492e-01
107	1.8226471637509063e+00	8.2947128075598164e-01	8.8101212985703492e-01
108	8.6487970777883660e-01	5.0455892852240114e-01	8.6728276022515427e-01
109	8.9190719864692536e-01	5.2032639503872613e-01	8.6728276022515427e-01
110	9.4596218038310265e-01	5.5186132807137633e-01	8.6728276022515427e-01
111	1.0000171621192799e+00	5.8339626110402620e-01	8.6728276022515427e-01
112	1.0540721438554572e+00	6.1493119413667630e-01	8.6728276022515427e-01
113	1.1081271255916345e+00	6.4646612716932650e-01	8.6728276022515427e-01
114	1.1621821073278120e+00	6.7800106020197659e-01	8.6728276022515427e-01
115	1.2162370890639893e+00	7.0953599323462668e-01	8.6728276022515427e-01
116	1.2702920708001664e+00	7.4107092626727666e-01	8.6728276022515427e-01
117	1.3243470525363437e+00	7.7260585929992676e-01	8.6728276022515427e-01
118	1.3784020342725212e+00	8.0414079233257674e-01	8.6728276022515427e-01
119	1.4324570160086982e+00	8.3567572536522694e-01	8.6728276022515427e-01
120	1.4865119977448757e+00	8.6721065839787692e-01	8.6728276022515427e-01
121	1.5405669794810530e+00	8.9874559143052701e-01	8.6728276022515427e-01
122	1.5946219612172301e+00	9.3028052446317711e-01	8.6728276022515427e-01
123	1.6486769429534074e+00	9.6181545749582698e-01	8.6728276022515427e-01
124	1.7027319246895849e+00	9.9335039052847740e-01	8.6728276022515427e-01
125	1.7297594155576732e+00	1.0091178570448023e+00	8.6728276022515427e-01
126	8.0881389856404484e-01	5.9031549692295304e-01	8.5812984713723384e-01
127	8.3408933289417131e-01	6.0876285620179538e-01	8.5812984713723384e-01
128	8.8464020155442424e-01	6.4565757475948016e-01	8.5812984713723384e-01
129	9.3519107021467685e-01	6.8255229331716449e-01	8.5812984713723384e-01
130	9.8574193887492956e-01	7.1944701187484916e-01	8.5812984713723384e-01
131	1.0362928075351827e+00	7.5634173043253383e-01	8.5812984713723384e-01
132	1.0868436761954354e+00	7.9323644899021817e-01	8.5812984713723384e-01
133	1.1373945448556881e+00	8.3013116754790295e-01	8.5812984713723384e-01
134	1.1879454135159411e+00	8.6702588610558740e-01	8.5812984713723384e-01
135	1.2384962821761936e+00	9.0392060466327195e-01	8.5812984713723384e-01
136	1.2890471508364467e+00	9.4081532322095651e-01	8.5812984713723384e-01
137	1.3395980194966992e+00	9.7771004177864096e-01	8.5812984713723384e-01
138	1.3901488881569519e+00	1.0146047603363257e+00	8.5812984713723384e-01
139	1.4406997568172051e+00	1.0514994788940102e+00	8.5812984713723384e-01
140	1.4912506254774578e+00	1.0883941974516949e+00	8.5812984713723384e-01
141	1.5418014941377103e+00	1.1252889160093791e+00	8.5812984713723384e-01
142	1.5923523627979632e+00	1.1621836345670640e+00	8.5812984713723384e-01
143	1.6176277971280897e+00	1.1806309938459061e+00	8.5812984713723384e-01
144	7.4371843353822908e-01	6.7049512883486595e-01	8.5355339059327373e-01
145	7.6695963458629868e-01	6.9144810161095549e-01	8.5355339059327373e-01
146	8.1344203668243820e-01	7.3335404716313479e-01	8.5355339059327373e-01
147	8.5992443877857738e-01	7.7525999271531376e-01	8.5355339059327373e-01
148	9.0640684087471668e-01	8.1716593826749295e-01	8.5355339059327373e-01
149	9.5288924297085620e-01	8.5907188381967214e-01	8.5355339059327373e-01
150	9.9937164506699550e-01	9.0097782937185122e-01	8.5355339059327373e-01
151	1.0458540471631348e+00	9.4288377492403042e-01	8.5355339059327373e-01
152	1.0923364492592742e+00	9.8478972047620950e-01	8.5355339059327373e-01
153	1.1388188513554132e+00	1.0266956660283886e+00	8.5355339059327373e-01
154	1.1853012534515528e+00	1.0686016115805677e+00	8.5355339059327373e-01
155	1.2317836555476920e+00	1.1105075571327470e+00	8.5355339059327373e-01
156	1.2782660576438314e+00	1.1524135026849260e+00	8.5355339059327373e-01
157	1.3247484597399708e+00	1.1943194482371053e+00	8.5355339059327373e-01
158	1.3712308618361098e+00	1.2362253937892842e+00	8.5355339059327373e-01
159	1.4177132639322492e+00	1.2781313393414631e+00	8.5355339059327373e-01
160	1.4641956660283886e+00	1.3200372848936426e+00	8.5355339059327373e-01
161	1.4874368670764582e+00	1.3409902576697319e+00	8.5355339059327373e-01
162	6.7049512883486595e-01	7.4371843353822908e-01	8.5355339059327373e-01
163	6.9144810161095549e-01	7.6695963458629868e-01	8.5355339059327373e-01
164	7.3335404716313479e-01	8.1344203668243820e-01	8.5355339059327373e-01
165	7.7525999271531376e-01	8.5992443877857738e-01	8.5355339059327373e-01
166	8.1716593826749295e-01	9.0640684087471668e-01	8.5355339059327373e-01
167	8.5907188381967214e-01	9.5288924297085620e-01	8.5355339059327373e-01
168	9.0097782937185122e-01	9.9937164506699550e-01	8.5355339059327373e-01
169	9.4288377492403042e-01	1.0458540471631348e+00	8.5355339059327373e-01
170	9.8478972047620950e-01	1.0923364492592742e+00	8.5355339059327373e-01
171	1.0266956660283886e+00	1.1388188513554132e+00	8.5355339059327373e-01
172	1.0686016115805677e+00	1.1853012534515528e+00	8.5355339059327373e-01
173	1.1105075571327470e+00	1.2317836555476920e+00	8.5355339059327373e-01
174	1.1524135026849260e+00	1.2782660576438314e+00	8.5355339059327373e-01
175	1.1943194482371053e+00	1.3247484597399708e+00	8.5355339059327373e-01
176	1.2362253937892842e+00	1.3712308618361098e+00	8.5355339059327373e-01
177	1.2781313393414631e+00	1.4177132639322492e+00	8.5355339059327373e-01
178	1.3200372848936426e+00	1.4641956660283886e+00	8.5355339059327373e-01
179	1.3409902576697319e+00	1.4874368670764582e+00	8.5355339059327373e-01
180	5.9031549692295304e-01	8.0881389856404484e-01	8.5812984713723384e-01
181	6.0876285620179538e-01	8.3408933289417131e-01	8.5812984713723384e-01
182	6.4565757475948016e-01	8.8464020155442424e-01	8.5812984713723384e-01
183	6.8255229331716449e-01	9.3519107021467685e-01	8.5812984713723384e-01
184	7.1944701187484916e-01	9.8574193887492956e-01	8.5812984713723384e-01
185	7.5634173043253383e-01	1.0362928075351827e+00	8.5812984713723384e-01
186	7.9323644899021817e-01	1.0868436761954354e+00	8.5812984713723384e-01
187	8.3013116754790295e-01	1.1373945448556881e+00	8.5812984713723384e-01
188	8.6702588610558740e-01	1.1879454135159411e+00	8.5812984713723384e-01
189	9.0392060466327195e-01	1.2384962821761936e+00	8.5812984713723384e-01
190	9.4081532322095651e-01	1.2890471508364467e+00	8.5812984713723384e-01
191	9.7771004177864096e-01	1.3395980194966992e+00	8.5812984713723384e-01
192	1.0146047603363257e+00	1.3901488881569519e+00	8.5812984713723384e-01
193	1.0514994788940102e+00	1.4406997568172051e+00	8.5812984713723384e-01
194	1.0883941974516949e+00	1.4912506254774578e+00	8.5812984713723384e-01
195	1.1252889160093791e+00	1.5418014941377103e+00	8.5812984713723384e-01
196	1.1621836345670640e+00	1.5923523627979632e+00	8.5812984713723384e-01
197	1.1806309938459061e+00	1.6176277971280897e+00	8.5812984713723384e-01
198	5.0455892852240114e-01	8.6487970777883660e-01	8.6728276022515427e-01
199	5.2032639503872613e-01	8.9190719864692536e-01	8.6728276022515427e-01
200	5.5186132807137633e-01	9.4596218038310265e-01	8.6728276022515427e-01
201	5.8339626110402620e-01	1.0000171621192799e+00	8.6728276022515427e-01
202	6.1493119413667630e-01	1.0540721438554572e+00	8.6728276022515427e-01
203	6.4646612716932650e-01	1.1081271255916345e+00	8.6728276022515427e-01
204	6.7800106020197659e-01	1.1621821073278120e+00	8.6728276022515427e-01
205	7.0953599323462668e-01	1.2162370890639893e+00	8.6728276022515427e-01
206	7.4107092626727666e-01	1.2702920708001664e+00	8.6728276022515427e-01
207	7.7260585929992676e-01	1.3243470525363437e+00	8.6728276022515427e-01
208	8.0414079233257674e-01	1.3784020342725212e+00	8.6728276022515427e-01
209	8.3567572536522694e-01	1.4324570160086982e+00	8.6728276022515427e-01
210	8.6721065839787692e-01	1.4865119977448757e+00	8.6728276022515427e-01
211	8.9874559143052701e-01	1.5405669794810530e+00	8.6728276022515427e-01
212	9.3028052446317711e-01	1.5946219612172301e+00	8.6728276022515427e-01
213	9.6181545749582698e-01	1.6486769429534074e+00	8.6728276022515427e-01
214	9.9335039052847740e-01	1.7027319246895849e+00	8.6728276022515427e-01
215	1.0091178570448023e+00	1.7297594155576732e+00	8.6728276022515427e-01
216	4.1473564037799082e-01	9.1132358187545315e-01	8.8101212985703492e-01
217	4.2769612913980293e-01	9.3980244380906097e-01	8.8101212985703492e-01
218	4.5361710666342753e-01	9.9676016767627684e-01	8.8101212985703492e-01
219	4.7953808418705185e-01	1.0537178915434926e+00	8.8101212985703492e-01
220	5.0545906171067634e-01	1.1106756154107083e+00	8.8101212985703492e-01
221	5.3138003923430077e-01	1.1676333392779243e+00	8.8101212985703492e-01
222	5.5730101675792509e-01	1.2245910631451402e+00	8.8101212985703492e-01
223	5.8322199428154964e-01	1.2815487870123561e+00	8.8101212985703492e-01
224	6.0914297180517407e-01	1.3385065108795720e+00	8.8101212985703492e-01
225	6.3506394932879850e-01	1.3954642347467878e+00	8.8101212985703492e-01
226	6.6098492685242283e-01	1.4524219586140037e+00	8.8101212985703492e-01
227	6.8690590437604726e-01	1.5093796824812193e+00	8.8101212985703492e-01
228	7.1282688189967169e-01	1.5663374063484352e+00	8.8101212985703492e-01
229	7.3874785942329602e-01	1.6232951302156513e+00	8.8101212985703492e-01
230	7.6466883694692056e-01	1.6802528540828665e+00	8.8101212985703492e-01
231	7.9058981447054477e-01	1.7372105779500824e+00	8.8101212985703492e-01
232	8.1651079199416943e-01	1.7941683018172985e+00	8.8101212985703492e-01
233	8.2947128075598164e-01	1.8226471637509063e+00	8.8101212985703492e-01
234	3.2240316574116806e-01	9.4787716659547450e-01	8.9931795603287568e-01
235	3.3247826467057956e-01	9.7749832805158310e-01	8.9931795603287568e-01
236	3.5262846252940266e-01	1.0367406509638002e+00	8.9931795603287568e-01
237	3.7277866038822549e-01	1.0959829738760174e+00	8.9931795603287568e-01
238	3.9292885824704865e-01	1.1552252967882344e+00	8.9931795603287568e-01
239	4.1307905610587164e-01	1.2144676197004518e+00	8.9931795603287568e-01
240	4.3322925396469464e-01	1.2737099426126690e+00	8.9931795603287568e-01
241	4.5337945182351769e-01	1.3329522655248860e+00	8.9931795603287568e-01
242	4.7352964968234057e-01	1.3921945884371032e+00	8.9931795603287568e-01
243	4.9367984754116367e-01	1.4514369113493204e+00	8.9931795603287568e-01
244	5.1383004539998656e-01	1.5106792342615376e+00	8.9931795603287568e-01
245	5.3398024325880966e-01	1.5699215571737546e+00	8.9931795603287568e-01
246	5.5413044111763265e-01	1.6291638800859720e+00	8.9931795603287568e-01
247	5.7428063897645565e-01	1.6884062029981892e+00	8.9931795603287568e-01
248	5.9443083683527864e-01	1.7476485259104062e+00	8.9931795603287568e-01
249	6.1458103469410141e-01	1.8068908488226234e+00	8.9931795603287568e-01
250	6.3473123255292474e-01	1.8661331717348404e+00	8.9931795603287568e-01
251	6.4480633148233613e-01	1.8957543331909490e+00	8.9931795603287568e-01
252	2.2908553899142386e-01	9.7458523754916782e-01	9.2220023875267665e-01
253	2.3624446208490579e-01	1.0050410262225795e+00	9.2220023875267665e-01
254	2.5056230827186987e-01	1.0659526035694025e+00	9.2220023875267665e-01
255	2.6488015445883378e-01	1.1268641809162252e+00	9.2220023875267665e-01
256	2.7919800064579792e-01	1.1877757582630484e+00	9.2220023875267665e-01
257	2.9351584683276188e-01	1.2486873356098716e+00	9.2220023875267665e-01
258	3.0783369301972585e-01	1.3095989129566943e+00	9.2220023875267665e-01
259	3.2215153920668987e-01	1.3705104903035175e+00	9.2220023875267665e-01
260	3.3646938539365379e-01	1.4314220676503404e+00	9.2220023875267665e-01
261	3.5078723158061781e-01	1.4923336449971631e+00	9.2220023875267665e-01
262	3.6510507776758172e-01	1.5532452223439863e+00	9.2220023875267665e-01
263	3.7942292395454580e-01	1.6141567996908095e+00	9.2220023875267665e-01
264	3.9374077014150971e-01	1.6750683770376324e+00	9.2220023875267665e-01
265	4.0805861632847379e-01	1.7359799543844554e+00	9.2220023875267665e-01
266	4.2237646251543781e-01	1.7968915317312784e+00	9.2220023875267665e-01
267	4.3669430870240167e-01	1.8578031090781013e+00	9.2220023875267665e-01
268	4.5101215488936575e-01	1.9187146864249243e+00	9.2220023875267665e-01
269	4.5817107798284773e-01	1.9491704750983356e+00	9.2220023875267665e-01
270	1.3620308027477940e-01	9.9177336266928362e-01	9.4965897801643795e-01
271	1.4045942653336624e-01	1.0227662802526987e+00	9.4965897801643795e-01
272	1.4897211905054000e-01	1.0847521154195288e+00	9.4965897801643795e-01
273	1.5748481156771363e-01	1.1467379505863591e+00	9.4965897801643795e-01
274	1.6599750408488742e-01	1.2087237857531892e+00	9.4965897801643795e-01
275	1.7451019660206113e-01	1.2707096209200197e+00	9.4965897801643795e-01
276	1.8302288911923478e-01	1.3326954560868498e+00	9.4965897801643795e-01
277	1.9153558163640858e-01	1.3946812912536801e+00	9.4965897801643795e-01
278	2.0004827415358226e-01	1.4566671264205100e+00	9.4965897801643795e-01
279	2.0856096667075597e-01	1.5186529615873405e+00	9.4965897801643795e-01
280	2.1707365918792965e-01	1.5806387967541706e+00	9.4965897801643795e-01
281	2.2558635170510338e-01	1.6426246319210012e+00	9.4965897801643795e-01
282	2.3409904422227709e-01	1.7046104670878310e+00	9.4965897801643795e-01
283	2.4261173673945083e-01	1.7665963022546614e+00	9.4965897801643795e-01
284	2.5112442925662454e-01	1.8285821374214917e+00	9.4965897801643795e-01
285	2.5963712177379816e-01	1.8905679725883218e+00	9.4965897801643795e-01
286	2.6814981429097190e-01	1.9525538077551519e+00	9.4965897801643795e-01
287	2.7240616054955880e-01	1.9835467253385672e+00	9.4965897801643795e-01
288	4.5018270457898503e-02	1.0000000000000000e+00	9.8169417382415924e-01
289	4.6425091409707825e-02	1.0312500000000002e+00	9.8169417382415924e-01
290	4.9238733313326496e-02	1.0937500000000000e+00	9.8169417382415924e-01
291	5.2052375216945133e-02	1.1562500000000000e+00	9.8169417382415924e-01
292	5.4866017120563798e-02	1.2187500000000000e+00	9.8169417382415924e-01
293	5.7679659024182456e-02	1.2812500000000000e+00	9.8169417382415924e-01
294	6.0493300927801100e-02	1.3437500000000000e+00	9.8169417382415924e-01
295	6.3306942831419771e-02	1.4062500000000000e+00	9.8169417382415924e-01
296	6.6120584735038429e-02	1.4687500000000000e+00	9.8169417382415924e-01
297	6.8934226638657073e-02	1.5312499999999998e+00	9.8169417382415924e-01
298	7.1747868542275731e-02	1.5937499999999998e+00	9.8169417382415924e-01
299	7.4561510445894388e-02	1.6562499999999998e+00	9.8169417382415924e-01
300	7.7375152349513046e-02	1.7187500000000000e+00	9.8169417382415924e-01
301	8.0188794253131704e-02	1.7812500000000000e+00	9.8169417382415924e-01
302	8.3002436156750362e-02	1.8437500000000000e+00	9.8169417382415924e-01
303	8.5816078060368992e-02	1.9062500000000000e+00	9.8169417382415924e-01
304	8.8629719963987677e-02	1.9687500000000000e+00	9.8169417382415924e-01
305	9.0036540915797006e-02	2.0000000000000000e+00	9.8169417382415924e-01
306	0.0000000000000000e+00	1.0000000000000000e+00	1.0000000000000000e+00
307	0.0000000000000000e+00	1.0312500000000000e+00	1.0000000000000000e+00
308	0.0000000000000000e+00	1.0937500000000000e+00	1.0000000000000000e+00
309	0.0000000000000000e+00	1.1562500000000000e+00	1.0000000000000000e+00
310	0.0000000000000000e+00	1.2187500000000000e+00	1.0000000000000000e+00
311	0.0000000000000000e+00	1.2812500000000000e+00	1.0000000000000000e+00
312	0.0000000000000000e+00	1.3437500000000000e+00	1.0000000000000000e+00
313	0.0000000000000000e+00	1.4062500000000000e+00	1.0000000000000000e+00
314	0.0000000000000000e+00	1.4687500000000000e+00	1.0000000000000000e+00
315	0.0000000000000000e+00	1.5312500000000000e+00	1.0000000000000000e+00
316	0.0000000000000000e+00	1.5937500000000000e+00	1.0000000000000000e+00
317	0.0000000000000000e+00	1.6562500000000000e+00	1.0000000000000000e+00
318	0.0000000000000000e+00	1.7187500000000000e+00	1.0000000000000000e+00
319	0.0000000000000000e+00	1.7812500000000000e+00	1.0000000000000000e+00
320	0.0000000000000000e+00	1.8437500000000000e+00	1.0000000000000000e+00
321	0.0000000000000000e+00	1.9062500000000000e+00	1.0000000000000000e+00
322	0.0000000000000000e+00	1.9687500000000000e+00	1.0000000000000000e+00
323	0.0000000000000000e+00	2.0000000000000000e+00	1.0000000000000000e+00

0   1   0.0
1   1   0.0
2   1   0.0
3   1   0.0
4   1   0.0
5   1   0.0
6   1   0.0
7   1   0.0
8   1   0.0
9   1   0.0
10  1   0.0
11  1   0.0
12  1   0.0
13  1   0.0
14  1   0.0
15  1   0.0
16  1   0.0
17  1   0.0
35  1   0.0
53  1   0.0
71  1   0.0
89  1   0.0
107 1   0.0
125 1   0.0
143 1   0.0
161 1   0.0
179 1   0.0
197 1   0.0
215 1   0.0
233 1   0.0
251 1   0.0
269 1   0.0
287 1   0.0
305 1   0.0
323 1   0.0
17  0   0.0
35  0   0.0
53  0   0.0
71  0   0.0
89  0   0.0
107 0   0.0
125 0   0.0
143 0   0.0
161 0   0.0
179 0   0.0
197 0   0.0
215 0   0.0
233 0   0.0
251 0   0.0
269 0   0.0
287 0   0.0
305 0   0.0
306 0   0.0
307 0   0.0
308 0   0.0
309 0   0.0
310 0   0.0
311 0   0.0
312 0   0.0
313 0   0.0
314 0   0.0
315 0   0.0
316 0   0.0
317 0   0.0
318 0   0.0
319 0   0.0
320 0   0.0
321 0   0.0
322 0   0.0
323 0   0.0