1000    0.3

1

1156

3	3

38	38

34	34

0   1   2   3   4   5   6   7   8   9   10   11   12   13   14   15   16   17   18   19   20   21   22   23   24   25   26   27   28   29   30   31   32   33   34   35   36   37   38   39   40   41   42   43   44   45   46   47   48   49   50   51   52   53   54   55   56   57   58   59   60   61   62   63   64   65   66   67   68   69   70   71   72   73   74   75   76   77   78   79   80   81   82   83   84   85   86   87   88   89   90   91   92   93   94   95   96   97   98   99   100   101   102   103   104   105   106   107   108   109   110   111   112   113   114   115   116   117   118   119   120   121   122   123   124   125   126   127   128   129   130   131   132   133   134   135   136   137   138   139   140   141   142   143   144   145   146   147   148   149   150   151   152   153   154   155   156   157   158   159   160   161   162   163   164   165   166   167   168   169   170   171   172   173   174   175   176   177   178   179   180   181   182   183   184   185   186   187   188   189   190   191   192   193   194   195   196   197   198   199   200   201   202   203   204   205   206   207   208   209   210   211   212   213   214   215   216   217   218   219   220   221   222   223   224   225   226   227   228   229   230   231   232   233   234   235   236   237   238   239   240   241   242   243   244   245   246   247   248   249   250   251   252   253   254   255   256   257   258   259   260   261   262   263   264   265   266   267   268   269   270   271   272   273   274   275   276   277   278   279   280   281   282   283   284   285   286   287   288   289   290   291   292   293   294   295   296   297   298   299   300   301   302   303   304   305   306   307   308   309   310   311   312   313   314   315   316   317   318   319   320   321   322   323   324   325   326   327   328   329   330   331   332   333   334   335   336   337   338   339   340   341   342   343   344   345   346   347   348   349   350   351   352   353   354   355   356   357   358   359   360   361   362   363   364   365   366   367   368   369   370   371   372   373   374   375   376   377   378   379   380   381   382   383   384   385   386   387   388   389   390   391   392   393   394   395   396   397   398   399   400   401   402   403   404   405   406   407   408   409   410   411   412   413   414   415   416   417   418   419   420   421   422   423   424   425   426   427   428   429   430   431   432   433   434   435   436   437   438   439   440   441   442   443   444   445   446   447   448   449   450   451   452   453   454   455   456   457   458   459   460   461   462   463   464   465   466   467   468   469   470   471   472   473   474   475   476   477   478   479   480   481   482   483   484   485   486   487   488   489   490   491   492   493   494   495   496   497   498   499   500   501   502   503   504   505   506   507   508   509   510   511   512   513   514   515   516   517   518   519   520   521   522   523   524   525   526   527   528   529   530   531   532   533   534   535   536   537   538   539   540   541   542   543   544   545   546   547   548   549   550   551   552   553   554   555   556   557   558   559   560   561   562   563   564   565   566   567   568   569   570   571   572   573   574   575   576   577   578   579   580   581   582   583   584   585   586   587   588   589   590   591   592   593   594   595   596   597   598   599   600   601   602   603   604   605   606   607   608   609   610   611   612   613   614   615   616   617   618   619   620   621   622   623   624   625   626   627   628   629   630   631   632   633   634   635   636   637   638   639   640   641   642   643   644   645   646   647   648   649   650   651   652   653   654   655   656   657   658   659   660   661   662   663   664   665   666   667   668   669   670   671   672   673   674   675   676   677   678   679   680   681   682   683   684   685   686   687   688   689   690   691   692   693   694   695   696   697   698   699   700   701   702   703   704   705   706   707   708   709   710   711   712   713   714   715   716   717   718   719   720   721   722   723   724   725   726   727   728   729   730   731   732   733   734   735   736   737   738   739   740   741   742   743   744   745   746   747   748   749   750   751   752   753   754   755   756   757   758   759   760   761   762   763   764   765   766   767   768   769   770   771   772   773   774   775   776   777   778   779   780   781   782   783   784   785   786   787   788   789   790   791   792   793   794   795   796   797   798   799   800   801   802   803   804   805   806   807   808   809   810   811   812   813   814   815   816   817   818   819   820   821   822   823   824   825   826   827   828   829   830   831   832   833   834   835   836   837   838   839   840   841   842   843   844   845   846   847   848   849   850   851   852   853   854   855   856   857   858   859   860   861   862   863   864   865   866   867   868   869   870   871   872   873   874   875   876   877   878   879   880   881   882   883   884   885   886   887   888   889   890   891   892   893   894   895   896   897   898   899   900   901   902   903   904   905   906   907   908   909   910   911   912   913   914   915   916   917   918   919   920   921   922   923   924   925   926   927   928   929   930   931   932   933   934   935   936   937   938   939   940   941   942   943   944   945   946   947   948   949   950   951   952   953   954   955   956   957   958   959   960   961   962   963   964   965   966   967   968   969   970   971   972   973   974   975   976   977   978   979   980   981   982   983   984   985   986   987   988   989   990   991   992   993   994   995   996   997   998   999   1000   1001   1002   1003   1004   1005   1006   1007   1008   1009   1010   1011   1012   1013   1014   1015   1016   1017   1018   1019   1020   1021   1022   1023   1024   1025   1026   1027   1028   1029   1030   1031   1032   1033   1034   1035   1036   1037   1038   1039   1040   1041   1042   1043   1044   1045   1046   1047   1048   1049   1050   1051   1052   1053   1054   1055   1056   1057   1058   1059   1060   1061   1062   1063   1064   1065   1066   1067   1068   1069   1070   1071   1072   1073   1074   1075   1076   1077   1078   1079   1080   1081   1082   1083   1084   1085   1086   1087   1088   1089   1090   1091   1092   1093   1094   1095   1096   1097   1098   1099   1100   1101   1102   1103   1104   1105   1106   1107   1108   1109   1110   1111   1112   1113   1114   1115   1116   1117   1118   1119   1120   1121   1122   1123   1124   1125   1126   1127   1128   1129   1130   1131   1132   1133   1134   1135   1136   1137   1138   1139   1140   1141   1142   1143   1144   1145   1146   1147   1148   1149   1150   1151   1152   1153   1154   1155

134 0   0

0.0000000000000000e+00	0.0000000000000000e+00	0.0000000000000000e+00	0.0000000000000000e+00	3.2258064516129031e-02	6.4516129032258063e-02	9.6774193548387094e-02	1.2903225806451613e-01	1.6129032258064516e-01	1.9354838709677419e-01	2.2580645161290322e-01	2.5806451612903225e-01	2.9032258064516131e-01	3.2258064516129031e-01	3.5483870967741937e-01	3.8709677419354838e-01	4.1935483870967744e-01	4.5161290322580644e-01	4.8387096774193550e-01	5.1612903225806450e-01	5.4838709677419351e-01	5.8064516129032262e-01	6.1290322580645162e-01	6.4516129032258063e-01	6.7741935483870963e-01	7.0967741935483875e-01	7.4193548387096775e-01	7.7419354838709675e-01	8.0645161290322576e-01	8.3870967741935487e-01	8.7096774193548387e-01	9.0322580645161288e-01	9.3548387096774188e-01	9.6774193548387100e-01	1.0000000000000000e+00	1.0000000000000000e+00	1.0000000000000000e+00	1.0000000000000000e+00
0.0000000000000000e+00	0.0000000000000000e+00	0.0000000000000000e+00	0.0000000000000000e+00	3.2258064516129031e-02	6.4516129032258063e-02	9.6774193548387094e-02	1.2903225806451613e-01	1.6129032258064516e-01	1.9354838709677419e-01	2.2580645161290322e-01	2.5806451612903225e-01	2.9032258064516131e-01	3.2258064516129031e-01	3.5483870967741937e-01	3.8709677419354838e-01	4.1935483870967744e-01	4.5161290322580644e-01	4.8387096774193550e-01	5.1612903225806450e-01	5.4838709677419351e-01	5.8064516129032262e-01	6.1290322580645162e-01	6.4516129032258063e-01	6.7741935483870963e-01	7.0967741935483875e-01	7.4193548387096775e-01	7.7419354838709675e-01	8.0645161290322576e-01	8.3870967741935487e-01	8.7096774193548387e-01	9.0322580645161288e-01	9.3548387096774188e-01	9.6774193548387100e-01	1.0000000000000000e+00	1.0000000000000000e+00	1.0000000000000000e+00	1.0000000000000000e+00

0	1.0000000000000000e+00	0.0000000000000000e+00	1.0000000000000000e+00
1	1.0107526881720430e+00	0.0000000000000000e+00	1.0000000000000000e+00
2	1.0322580645161290e+00	0.0000000000000000e+00	1.0000000000000000e+00
3	1.0645161290322580e+00	0.0000000000000000e+00	1.0000000000000000e+00
4	1.0967741935483870e+00	0.0000000000000000e+00	1.0000000000000000e+00
5	1.1290322580645162e+00	0.0000000000000000e+00	1.0000000000000000e+00
6	1.1612903225806452e+00	0.0000000000000000e+00	1.0000000000000000e+00
7	1.1935483870967742e+00	0.0000000000000000e+00	9.9999999999999989e-01
8	1.2258064516129032e+00	0.0000000000000000e+00	1.0000000000000000e+00
9	1.2580645161290323e+00	0.0000000000000000e+00	1.0000000000000000e+00
10	1.2903225806451610e+00	0.0000000000000000e+00	1.0000000000000002e+00
11	1.3225806451612903e+00	0.0000000000000000e+00	1.0000000000000000e+00
12	1.3548387096774193e+00	0.0000000000000000e+00	1.0000000000000002e+00
13	1.3870967741935485e+00	0.0000000000000000e+00	9.9999999999999989e-01
14	1.4193548387096775e+00	0.0000000000000000e+00	9.9999999999999978e-01
15	1.4516129032258065e+00	0.0000000000000000e+00	9.9999999999999978e-01
16	1.4838709677419355e+00	0.0000000000000000e+00	1.0000000000000000e+00
17	1.5161290322580645e+00	0.0000000000000000e+00	9.9999999999999989e-01
18	1.5483870967741935e+00	0.0000000000000000e+00	1.0000000000000000e+00
19	1.5806451612903227e+00	0.0000000000000000e+00	1.0000000000000000e+00
20	1.6129032258064515e+00	0.0000000000000000e+00	1.0000000000000000e+00
21	1.6451612903225805e+00	0.0000000000000000e+00	1.0000000000000000e+00
22	1.6774193548387097e+00	0.0000000000000000e+00	1.0000000000000000e+00
23	1.7096774193548387e+00	0.0000000000000000e+00	1.0000000000000000e+00
24	1.7419354838709677e+00	0.0000000000000000e+00	9.9999999999999989e-01
25	1.7741935483870970e+00	0.0000000000000000e+00	1.0000000000000000e+00
26	1.8064516129032258e+00	0.0000000000000000e+00	1.0000000000000000e+00
27	1.8387096774193548e+00	0.0000000000000000e+00	1.0000000000000000e+00
28	1.8709677419354840e+00	0.0000000000000000e+00	1.0000000000000000e+00
29	1.9032258064516130e+00	0.0000000000000000e+00	1.0000000000000000e+00
30	1.9354838709677420e+00	0.0000000000000000e+00	1.0000000000000000e+00
31	1.9677419354838710e+00	0.0000000000000000e+00	1.0000000000000000e+00
32	1.9892473118279570e+00	0.0000000000000000e+00	1.0000000000000000e+00
33	2.0000000000000000e+00	0.0000000000000000e+00	1.0000000000000000e+00
34	1.0000000000000000e+00	1.7415889246976575e-02	9.9370122110078596e-01
35	1.0107526881720432e+00	1.7603156873288148e-02	9.9370122110078596e-01
36	1.0322580645161290e+00	1.7977692125911306e-02	9.9370122110078596e-01
37	1.0645161290322580e+00	1.8539495004846029e-02	9.9370122110078596e-01
38	1.0967741935483870e+00	1.9101297883780757e-02	9.9370122110078596e-01
39	1.1290322580645165e+00	1.9663100762715491e-02	9.9370122110078596e-01
40	1.1612903225806455e+00	2.0224903641650215e-02	9.9370122110078596e-01
41	1.1935483870967742e+00	2.0786706520584945e-02	9.9370122110078585e-01
42	1.2258064516129032e+00	2.1348509399519672e-02	9.9370122110078596e-01
43	1.2580645161290325e+00	2.1910312278454400e-02	9.9370122110078596e-01
44	1.2903225806451610e+00	2.2472115157389127e-02	9.9370122110078618e-01
45	1.3225806451612903e+00	2.3033918036323858e-02	9.9370122110078596e-01
46	1.3548387096774193e+00	2.3595720915258581e-02	9.9370122110078618e-01
47	1.3870967741935485e+00	2.4157523794193315e-02	9.9370122110078585e-01
48	1.4193548387096775e+00	2.4719326673128039e-02	9.9370122110078574e-01
49	1.4516129032258067e+00	2.5281129552062770e-02	9.9370122110078574e-01
50	1.4838709677419357e+00	2.5842932430997494e-02	9.9370122110078596e-01
51	1.5161290322580645e+00	2.6404735309932228e-02	9.9370122110078585e-01
52	1.5483870967741935e+00	2.6966538188866955e-02	9.9370122110078596e-01
53	1.5806451612903227e+00	2.7528341067801682e-02	9.9370122110078596e-01
54	1.6129032258064515e+00	2.8090143946736413e-02	9.9370122110078596e-01
55	1.6451612903225805e+00	2.8651946825671140e-02	9.9370122110078596e-01
56	1.6774193548387097e+00	2.9213749704605864e-02	9.9370122110078596e-01
57	1.7096774193548390e+00	2.9775552583540598e-02	9.9370122110078596e-01
58	1.7419354838709677e+00	3.0337355462475322e-02	9.9370122110078585e-01
59	1.7741935483870970e+00	3.0899158341410052e-02	9.9370122110078596e-01
60	1.8064516129032258e+00	3.1460961220344780e-02	9.9370122110078596e-01
61	1.8387096774193548e+00	3.2022764099279510e-02	9.9370122110078596e-01
62	1.8709677419354840e+00	3.2584566978214241e-02	9.9370122110078596e-01
63	1.9032258064516130e+00	3.3146369857148965e-02	9.9370122110078596e-01
64	1.9354838709677420e+00	3.3708172736083696e-02	9.9370122110078596e-01
65	1.9677419354838710e+00	3.4269975615018419e-02	9.9370122110078596e-01
66	1.9892473118279570e+00	3.4644510867641566e-02	9.9370122110078596e-01
67	2.0000000000000000e+00	3.4831778493953150e-02	9.9370122110078596e-01
68	9.9943121905404664e-01	5.2327847027713044e-02	9.8151003613456533e-01
69	1.0101777913019396e+00	5.2890512049516406e-02	9.8151003613456533e-01
70	1.0316709357977256e+00	5.4015842093123143e-02	9.8151003613456533e-01
71	1.0639106525414042e+00	5.5703837158533227e-02	9.8151003613456533e-01
72	1.0961503692850834e+00	5.7391832223943333e-02	9.8151003613456533e-01
73	1.1283900860287623e+00	5.9079827289353438e-02	9.8151003613456533e-01
74	1.1606298027724413e+00	6.0767822354763523e-02	9.8151003613456533e-01
75	1.1928695195161203e+00	6.2455817420173636e-02	9.8151003613456522e-01
76	1.2251092362597991e+00	6.4143812485583721e-02	9.8151003613456533e-01
77	1.2573489530034780e+00	6.5831807550993840e-02	9.8151003613456533e-01
78	1.2895886697471568e+00	6.7519802616403904e-02	9.8151003613456556e-01
79	1.3218283864908358e+00	6.9207797681814023e-02	9.8151003613456533e-01
80	1.3540681032345143e+00	7.0895792747224101e-02	9.8151003613456556e-01
81	1.3863078199781935e+00	7.2583787812634221e-02	9.8151003613456522e-01
82	1.4185475367218727e+00	7.4271782878044312e-02	9.8151003613456511e-01
83	1.4507872534655517e+00	7.5959777943454418e-02	9.8151003613456511e-01
84	1.4830269702092305e+00	7.7647773008864510e-02	9.8151003613456533e-01
85	1.5152666869529092e+00	7.9335768074274601e-02	9.8151003613456522e-01
86	1.5475064036965882e+00	8.1023763139684707e-02	9.8151003613456533e-01
87	1.5797461204402672e+00	8.2711758205094812e-02	9.8151003613456533e-01
88	1.6119858371839459e+00	8.4399753270504918e-02	9.8151003613456533e-01
89	1.6442255539276247e+00	8.6087748335914996e-02	9.8151003613456533e-01
90	1.6764652706713041e+00	8.7775743401325088e-02	9.8151003613456533e-01
91	1.7087049874149831e+00	8.9463738466735207e-02	9.8151003613456533e-01
92	1.7409447041586619e+00	9.1151733532145285e-02	9.8151003613456522e-01
93	1.7731844209023409e+00	9.2839728597555390e-02	9.8151003613456533e-01
94	1.8054241376460196e+00	9.4527723662965496e-02	9.8151003613456533e-01
95	1.8376638543896986e+00	9.6215718728375574e-02	9.8151003613456533e-01
96	1.8699035711333778e+00	9.7903713793785679e-02	9.8151003613456533e-01
97	1.9021432878770563e+00	9.9591708859195771e-02	9.8151003613456533e-01
98	1.9343830046207353e+00	1.0127970392460588e-01	9.8151003613456533e-01
99	1.9666227213644143e+00	1.0296769899001598e-01	9.8151003613456533e-01
100	1.9881158658602003e+00	1.0409302903362271e-01	9.8151003613456533e-01
101	1.9988624381080933e+00	1.0465569405542609e-01	9.8151003613456533e-01
102	9.9677556729756278e-01	1.0452259058529961e-01	9.6444237718185633e-01
103	1.0074935841502248e+00	1.0564648940879746e-01	9.6444237718185633e-01
104	1.0289296178555487e+00	1.0789428705579318e-01	9.6444237718185633e-01
105	1.0610836684135345e+00	1.1126598352628668e-01	9.6444237718185633e-01
106	1.0932377189715206e+00	1.1463767999678023e-01	9.6444237718185633e-01
107	1.1253917695295066e+00	1.1800937646727377e-01	9.6444237718185633e-01
108	1.1575458200874924e+00	1.2138107293776730e-01	9.6444237718185633e-01
109	1.1896998706454782e+00	1.2475276940826084e-01	9.6444237718185621e-01
110	1.2218539212034643e+00	1.2812446587875437e-01	9.6444237718185633e-01
111	1.2540079717614501e+00	1.3149616234924791e-01	9.6444237718185633e-01
112	1.2861620223194357e+00	1.3486785881974142e-01	9.6444237718185655e-01
113	1.3183160728774217e+00	1.3823955529023499e-01	9.6444237718185633e-01
114	1.3504701234354075e+00	1.4161125176072850e-01	9.6444237718185655e-01
115	1.3826241739933938e+00	1.4498294823122207e-01	9.6444237718185621e-01
116	1.4147782245513796e+00	1.4835464470171558e-01	9.6444237718185610e-01
117	1.4469322751093654e+00	1.5172634117220915e-01	9.6444237718185610e-01
118	1.4790863256673512e+00	1.5509803764270264e-01	9.6444237718185633e-01
119	1.5112403762253370e+00	1.5846973411319620e-01	9.6444237718185621e-01
120	1.5433944267833233e+00	1.6184143058368974e-01	9.6444237718185633e-01
121	1.5755484773413091e+00	1.6521312705418331e-01	9.6444237718185633e-01
122	1.6077025278992947e+00	1.6858482352467680e-01	9.6444237718185633e-01
123	1.6398565784572805e+00	1.7195651999517036e-01	9.6444237718185633e-01
124	1.6720106290152668e+00	1.7532821646566391e-01	9.6444237718185633e-01
125	1.7041646795732526e+00	1.7869991293615745e-01	9.6444237718185633e-01
126	1.7363187301312384e+00	1.8207160940665093e-01	9.6444237718185621e-01
127	1.7684727806892244e+00	1.8544330587714447e-01	9.6444237718185633e-01
128	1.8006268312472102e+00	1.8881500234763804e-01	9.6444237718185633e-01
129	1.8327808818051960e+00	1.9218669881813155e-01	9.6444237718185633e-01
130	1.8649349323631821e+00	1.9555839528862509e-01	9.6444237718185633e-01
131	1.8970889829211679e+00	1.9893009175911863e-01	9.6444237718185633e-01
132	1.9292430334791539e+00	2.0230178822961217e-01	9.6444237718185633e-01
133	1.9613970840371395e+00	2.0567348470010569e-01	9.6444237718185633e-01
134	1.9828331177424636e+00	2.0792128234710142e-01	9.6444237718185633e-01
135	1.9935511345951256e+00	2.0904518117059923e-01	9.6444237718185633e-01
136	9.9218344035771888e-01	1.5671152275084055e-01	9.4859383672576936e-01
137	1.0028520795013502e+00	1.5839659288794636e-01	9.4859383672576936e-01
138	1.0241893577886130e+00	1.6176673316215795e-01	9.4859383672576936e-01
139	1.0561952752195072e+00	1.6682194357347538e-01	9.4859383672576936e-01
140	1.0882011926504012e+00	1.7187715398479284e-01	9.4859383672576936e-01
141	1.1202071100812958e+00	1.7693236439611026e-01	9.4859383672576936e-01
142	1.1522130275121896e+00	1.8198757480742769e-01	9.4859383672576936e-01
143	1.1842189449430838e+00	1.8704278521874518e-01	9.4859383672576925e-01
144	1.2162248623739780e+00	1.9209799563006258e-01	9.4859383672576936e-01
145	1.2482307798048722e+00	1.9715320604138001e-01	9.4859383672576936e-01
146	1.2802366972357659e+00	2.0220841645269744e-01	9.4859383672576958e-01
147	1.3122426146666604e+00	2.0726362686401487e-01	9.4859383672576936e-01
148	1.3442485320975543e+00	2.1231883727533227e-01	9.4859383672576958e-01
149	1.3762544495284488e+00	2.1737404768664978e-01	9.4859383672576925e-01
150	1.4082603669593432e+00	2.2242925809796715e-01	9.4859383672576925e-01
151	1.4402662843902372e+00	2.2748446850928464e-01	9.4859383672576925e-01
152	1.4722722018211314e+00	2.3253967892060207e-01	9.4859383672576936e-01
153	1.5042781192520251e+00	2.3759488933191947e-01	9.4859383672576936e-01
154	1.5362840366829196e+00	2.4265009974323695e-01	9.4859383672576936e-01
155	1.5682899541138136e+00	2.4770531015455438e-01	9.4859383672576936e-01
156	1.6002958715447080e+00	2.5276052056587184e-01	9.4859383672576936e-01
157	1.6323017889756017e+00	2.5781573097718929e-01	9.4859383672576936e-01
158	1.6643077064064959e+00	2.6287094138850670e-01	9.4859383672576936e-01
159	1.6963136238373906e+00	2.6792615179982415e-01	9.4859383672576936e-01
160	1.7283195412682844e+00	2.7298136221114155e-01	9.4859383672576925e-01
161	1.7603254586991790e+00	2.7803657262245901e-01	9.4859383672576936e-01
162	1.7923313761300728e+00	2.8309178303377641e-01	9.4859383672576936e-01
163	1.8243372935609670e+00	2.8814699344509381e-01	9.4859383672576936e-01
164	1.8563432109918612e+00	2.9320220385641133e-01	9.4859383672576936e-01
165	1.8883491284227554e+00	2.9825741426772873e-01	9.4859383672576936e-01
166	1.9203550458536494e+00	3.0331262467904618e-01	9.4859383672576936e-01
167	1.9523609632845438e+00	3.0836783509036358e-01	9.4859383672576936e-01
168	1.9736982415718063e+00	3.1173797536457520e-01	9.4859383672576936e-01
169	1.9843668807154378e+00	3.1342304550168110e-01	9.4859383672576936e-01
170	9.8553213304737008e-01	2.0873208553144590e-01	9.3396441476630454e-01
171	9.9612925275755670e-01	2.1097651655866573e-01	9.3396441476630454e-01
172	1.0173234921779304e+00	2.1546537861310547e-01	9.3396441476630454e-01
173	1.0491148513084907e+00	2.2219867169476495e-01	9.3396441476630454e-01
174	1.0809062104390510e+00	2.2893196477642452e-01	9.3396441476630454e-01
175	1.1126975695696113e+00	2.3566525785808409e-01	9.3396441476630454e-01
176	1.1444889287001718e+00	2.4239855093974361e-01	9.3396441476630454e-01
177	1.1762802878307319e+00	2.4913184402140318e-01	9.3396441476630443e-01
178	1.2080716469612924e+00	2.5586513710306269e-01	9.3396441476630454e-01
179	1.2398630060918525e+00	2.6259843018472229e-01	9.3396441476630454e-01
180	1.2716543652224130e+00	2.6933172326638183e-01	9.3396441476630465e-01
181	1.3034457243529733e+00	2.7606501634804143e-01	9.3396441476630454e-01
182	1.3352370834835334e+00	2.8279830942970086e-01	9.3396441476630465e-01
183	1.3670284426140940e+00	2.8953160251136045e-01	9.3396441476630443e-01
184	1.3988198017446543e+00	2.9626489559301999e-01	9.3396441476630443e-01
185	1.4306111608752148e+00	3.0299818867467948e-01	9.3396441476630443e-01
186	1.4624025200057751e+00	3.0973148175633908e-01	9.3396441476630454e-01
187	1.4941938791363354e+00	3.1646477483799862e-01	9.3396441476630443e-01
188	1.5259852382668955e+00	3.2319806791965816e-01	9.3396441476630454e-01
189	1.5577765973974558e+00	3.2993136100131770e-01	9.3396441476630454e-01
190	1.5895679565280161e+00	3.3666465408297730e-01	9.3396441476630454e-01
191	1.6213593156585764e+00	3.4339794716463690e-01	9.3396441476630454e-01
192	1.6531506747891369e+00	3.5013124024629638e-01	9.3396441476630454e-01
193	1.6849420339196974e+00	3.5686453332795587e-01	9.3396441476630454e-01
194	1.7167333930502575e+00	3.6359782640961541e-01	9.3396441476630443e-01
195	1.7485247521808180e+00	3.7033111949127495e-01	9.3396441476630454e-01
196	1.7803161113113781e+00	3.7706441257293455e-01	9.3396441476630454e-01
197	1.8121074704419384e+00	3.8379770565459403e-01	9.3396441476630454e-01
198	1.8438988295724990e+00	3.9053099873625363e-01	9.3396441476630454e-01
199	1.8756901887030593e+00	3.9726429181791312e-01	9.3396441476630454e-01
200	1.9074815478336196e+00	4.0399758489957271e-01	9.3396441476630454e-01
201	1.9392729069641799e+00	4.1073087798123226e-01	9.3396441476630454e-01
202	1.9604671463845535e+00	4.1521974003567186e-01	9.3396441476630454e-01
203	1.9710642660947402e+00	4.1746417106289180e-01	9.3396441476630454e-01
204	9.7670717728461987e-01	2.6041229476437883e-01	9.2055411130346187e-01
205	9.8720940499735754e-01	2.6321242696614633e-01	9.2055411130346187e-01
206	1.0082138604228332e+00	2.6881269136968144e-01	9.2055411130346187e-01
207	1.0397205435610470e+00	2.7721308797498390e-01	9.2055411130346187e-01
208	1.0712272266992604e+00	2.8561348458028651e-01	9.2055411130346187e-01
209	1.1027339098374740e+00	2.9401388118558902e-01	9.2055411130346187e-01
210	1.1342405929756876e+00	3.0241427779089153e-01	9.2055411130346187e-01
211	1.1657472761139012e+00	3.1081467439619415e-01	9.2055411130346165e-01
212	1.1972539592521145e+00	3.1921507100149665e-01	9.2055411130346187e-01
213	1.2287606423903281e+00	3.2761546760679922e-01	9.2055411130346187e-01
214	1.2602673255285417e+00	3.3601586421210172e-01	9.2055411130346199e-01
215	1.2917740086667553e+00	3.4441626081740428e-01	9.2055411130346187e-01
216	1.3232806918049689e+00	3.5281665742270685e-01	9.2055411130346187e-01
217	1.3547873749431827e+00	3.6121705402800947e-01	9.2055411130346165e-01
218	1.3862940580813958e+00	3.6961745063331192e-01	9.2055411130346165e-01
219	1.4178007412196099e+00	3.7801784723861442e-01	9.2055411130346165e-01
220	1.4493074243578232e+00	3.8641824384391693e-01	9.2055411130346187e-01
221	1.4808141074960366e+00	3.9481864044921960e-01	9.2055411130346165e-01
222	1.5123207906342500e+00	4.0321903705452206e-01	9.2055411130346187e-01
223	1.5438274737724638e+00	4.1161943365982467e-01	9.2055411130346187e-01
224	1.5753341569106771e+00	4.2001983026512724e-01	9.2055411130346187e-01
225	1.6068408400488907e+00	4.2842022687042969e-01	9.2055411130346187e-01
226	1.6383475231871043e+00	4.3682062347573225e-01	9.2055411130346187e-01
227	1.6698542063253179e+00	4.4522102008103481e-01	9.2055411130346187e-01
228	1.7013608894635313e+00	4.5362141668633743e-01	9.2055411130346165e-01
229	1.7328675726017448e+00	4.6202181329163994e-01	9.2055411130346187e-01
230	1.7643742557399582e+00	4.7042220989694239e-01	9.2055411130346187e-01
231	1.7958809388781718e+00	4.7882260650224495e-01	9.2055411130346187e-01
232	1.8273876220163856e+00	4.8722300310754751e-01	9.2055411130346187e-01
233	1.8588943051545990e+00	4.9562339971285008e-01	9.2055411130346187e-01
234	1.8904009882928128e+00	5.0402379631815264e-01	9.2055411130346187e-01
235	1.9219076714310259e+00	5.1242419292345509e-01	9.2055411130346187e-01
236	1.9429121268565017e+00	5.1802445732699021e-01	9.2055411130346187e-01
237	1.9534143545692397e+00	5.2082458952875765e-01	9.2055411130346187e-01
238	9.6560454167840781e-01	3.1157228927061237e-01	9.0836292633724103e-01
239	9.7598738621258418e-01	3.1492252894018891e-01	9.0836292633724103e-01
240	9.9675307528093715e-01	3.2162300827934182e-01	9.0836292633724103e-01
241	1.0279016088834663e+00	3.3167372728807121e-01	9.0836292633724103e-01
242	1.0590501424859957e+00	3.4172444629680065e-01	9.0836292633724103e-01
243	1.0901986760885249e+00	3.5177516530553010e-01	9.0836292633724103e-01
244	1.1213472096910544e+00	3.6182588431425949e-01	9.0836292633724103e-01
245	1.1524957432935836e+00	3.7187660332298900e-01	9.0836292633724092e-01
246	1.1836442768961128e+00	3.8192732233171839e-01	9.0836292633724103e-01
247	1.2147928104986421e+00	3.9197804134044784e-01	9.0836292633724103e-01
248	1.2459413441011711e+00	4.0202876034917723e-01	9.0836292633724125e-01
249	1.2770898777037007e+00	4.1207947935790673e-01	9.0836292633724103e-01
250	1.3082384113062300e+00	4.2213019836663607e-01	9.0836292633724114e-01
251	1.3393869449087592e+00	4.3218091737536563e-01	9.0836292633724092e-01
252	1.3705354785112887e+00	4.4223163638409502e-01	9.0836292633724081e-01
253	1.4016840121138181e+00	4.5228235539282441e-01	9.0836292633724081e-01
254	1.4328325457163471e+00	4.6233307440155386e-01	9.0836292633724103e-01
255	1.4639810793188763e+00	4.7238379341028330e-01	9.0836292633724092e-01
256	1.4951296129214058e+00	4.8243451241901270e-01	9.0836292633724103e-01
257	1.5262781465239348e+00	4.9248523142774214e-01	9.0836292633724103e-01
258	1.5574266801264642e+00	5.0253595043647159e-01	9.0836292633724103e-01
259	1.5885752137289935e+00	5.1258666944520104e-01	9.0836292633724103e-01
260	1.6197237473315227e+00	5.2263738845393037e-01	9.0836292633724103e-01
261	1.6508722809340524e+00	5.3268810746265993e-01	9.0836292633724103e-01
262	1.6820208145365814e+00	5.4273882647138938e-01	9.0836292633724092e-01
263	1.7131693481391108e+00	5.5278954548011872e-01	9.0836292633724103e-01
264	1.7443178817416398e+00	5.6284026448884816e-01	9.0836292633724103e-01
265	1.7754664153441688e+00	5.7289098349757750e-01	9.0836292633724103e-01
266	1.8066149489466987e+00	5.8294170250630706e-01	9.0836292633724103e-01
267	1.8377634825492277e+00	5.9299242151503628e-01	9.0836292633724103e-01
268	1.8689120161517569e+00	6.0304314052376595e-01	9.0836292633724103e-01
269	1.9000605497542862e+00	6.1309385953249540e-01	9.0836292633724103e-01
270	1.9208262388226394e+00	6.1979433887164814e-01	9.0836292633724103e-01
271	1.9312090833568156e+00	6.2314457854122474e-01	9.0836292633724103e-01
272	9.5213282462181414e-01	3.6202618573778167e-01	8.9739085986764233e-01
273	9.6237081198333896e-01	3.6591894042313416e-01	8.9739085986764233e-01
274	9.8284678670638859e-01	3.7370444979383916e-01	8.9739085986764244e-01
275	1.0135607487909633e+00	3.8538271384989659e-01	8.9739085986764244e-01
276	1.0442747108755379e+00	3.9706097790595407e-01	8.9739085986764244e-01
277	1.0749886729601128e+00	4.0873924196201156e-01	8.9739085986764233e-01
278	1.1057026350446872e+00	4.2041750601806899e-01	8.9739085986764233e-01
279	1.1364165971292619e+00	4.3209577007412647e-01	8.9739085986764233e-01
280	1.1671305592138368e+00	4.4377403413018396e-01	8.9739085986764233e-01
281	1.1978445212984112e+00	4.5545229818624144e-01	8.9739085986764233e-01
282	1.2285584833829857e+00	4.6713056224229887e-01	8.9739085986764255e-01
283	1.2592724454675606e+00	4.7880882629835636e-01	8.9739085986764244e-01
284	1.2899864075521350e+00	4.9048709035441379e-01	8.9739085986764255e-01
285	1.3207003696367101e+00	5.0216535441047128e-01	8.9739085986764233e-01
286	1.3514143317212846e+00	5.1384361846652871e-01	8.9739085986764222e-01
287	1.3821282938058592e+00	5.2552188252258625e-01	8.9739085986764222e-01
288	1.4128422558904337e+00	5.3720014657864368e-01	8.9739085986764233e-01
289	1.4435562179750083e+00	5.4887841063470111e-01	8.9739085986764233e-01
290	1.4742701800595830e+00	5.6055667469075876e-01	8.9739085986764233e-01
291	1.5049841421441577e+00	5.7223493874681619e-01	8.9739085986764233e-01
292	1.5356981042287323e+00	5.8391320280287362e-01	8.9739085986764244e-01
293	1.5664120663133070e+00	5.9559146685893116e-01	8.9739085986764244e-01
294	1.5971260283978816e+00	6.0726973091498859e-01	8.9739085986764233e-01
295	1.6278399904824561e+00	6.1894799497104613e-01	8.9739085986764244e-01
296	1.6585539525670308e+00	6.3062625902710345e-01	8.9739085986764233e-01
297	1.6892679146516056e+00	6.4230452308316099e-01	8.9739085986764233e-01
298	1.7199818767361803e+00	6.5398278713921842e-01	8.9739085986764233e-01
299	1.7506958388207550e+00	6.6566105119527574e-01	8.9739085986764233e-01
300	1.7814098009053296e+00	6.7733931525133340e-01	8.9739085986764233e-01
301	1.8121237629899043e+00	6.8901757930739072e-01	8.9739085986764233e-01
302	1.8428377250744790e+00	7.0069584336344837e-01	8.9739085986764233e-01
303	1.8735516871590534e+00	7.1237410741950580e-01	8.9739085986764233e-01
304	1.8940276618821030e+00	7.2015961679021079e-01	8.9739085986764233e-01
305	1.9042656492436283e+00	7.2405237147556334e-01	8.9739085986764233e-01
306	9.3621537695271195e-01	4.1158421816590923e-01	8.8763791189466590e-01
307	9.4628220896295612e-01	4.1600985492038139e-01	8.8763791189466590e-01
308	9.6641587298344467e-01	4.2486112842932566e-01	8.8763791189466590e-01
309	9.9661636901417727e-01	4.3813803869274209e-01	8.8763791189466590e-01
310	1.0268168650449099e+00	4.5141494895615847e-01	8.8763791189466590e-01
311	1.0570173610756428e+00	4.6469185921957495e-01	8.8763791189466590e-01
312	1.0872178571063753e+00	4.7796876948299138e-01	8.8763791189466590e-01
313	1.1174183531371078e+00	4.9124567974640776e-01	8.8763791189466590e-01
314	1.1476188491678405e+00	5.0452259000982425e-01	8.8763791189466590e-01
315	1.1778193451985732e+00	5.1779950027324062e-01	8.8763791189466590e-01
316	1.2080198412293055e+00	5.3107641053665711e-01	8.8763791189466612e-01
317	1.2382203372600387e+00	5.4435332080007359e-01	8.8763791189466590e-01
318	1.2684208332907709e+00	5.5763023106348986e-01	8.8763791189466601e-01
319	1.2986213293215039e+00	5.7090714132690634e-01	8.8763791189466590e-01
320	1.3288218253522368e+00	5.8418405159032272e-01	8.8763791189466568e-01
321	1.3590223213829693e+00	5.9746096185373920e-01	8.8763791189466568e-01
322	1.3892228174137016e+00	6.1073787211715569e-01	8.8763791189466590e-01
323	1.4194233134444343e+00	6.2401478238057184e-01	8.8763791189466590e-01
324	1.4496238094751668e+00	6.3729169264398844e-01	8.8763791189466590e-01
325	1.4798243055058995e+00	6.5056860290740481e-01	8.8763791189466590e-01
326	1.5100248015366320e+00	6.6384551317082130e-01	8.8763791189466590e-01
327	1.5402252975673651e+00	6.7712242343423779e-01	8.8763791189466590e-01
328	1.5704257935980979e+00	6.9039933369765416e-01	8.8763791189466590e-01
329	1.6006262896288301e+00	7.0367624396107076e-01	8.8763791189466590e-01
330	1.6308267856595624e+00	7.1695315422448691e-01	8.8763791189466590e-01
331	1.6610272816902958e+00	7.3023006448790351e-01	8.8763791189466590e-01
332	1.6912277777210281e+00	7.4350697475131988e-01	8.8763791189466590e-01
333	1.7214282737517606e+00	7.5678388501473615e-01	8.8763791189466590e-01
334	1.7516287697824935e+00	7.7006079527815274e-01	8.8763791189466590e-01
335	1.7818292658132262e+00	7.8333770554156912e-01	8.8763791189466590e-01
336	1.8120297618439589e+00	7.9661461580498572e-01	8.8763791189466590e-01
337	1.8422302578746914e+00	8.0989152606840187e-01	8.8763791189466590e-01
338	1.8623639218951797e+00	8.1874279957734619e-01	8.8763791189466590e-01
339	1.8724307539054239e+00	8.2316843633181846e-01	8.8763791189466590e-01
340	9.1779228552792336e-01	4.6005512719412467e-01	8.7910408241831151e-01
341	9.2766101978091176e-01	4.6500195651879261e-01	8.7910408241831151e-01
342	9.4739848828688866e-01	4.7489561516812867e-01	8.7910408241831151e-01
343	9.7700469104585397e-01	4.8973610314213267e-01	8.7910408241831151e-01
344	1.0066108938048193e+00	5.0457659111613662e-01	8.7910408241831151e-01
345	1.0362170965637845e+00	5.1941707909014068e-01	8.7910408241831151e-01
346	1.0658232993227497e+00	5.3425756706414473e-01	8.7910408241831151e-01
347	1.0954295020817151e+00	5.4909805503814879e-01	8.7910408241831139e-01
348	1.1250357048406803e+00	5.6393854301215274e-01	8.7910408241831151e-01
349	1.1546419075996457e+00	5.7877903098615680e-01	8.7910408241831151e-01
350	1.1842481103586107e+00	5.9361951896016085e-01	8.7910408241831162e-01
351	1.2138543131175761e+00	6.0846000693416491e-01	8.7910408241831151e-01
352	1.2434605158765415e+00	6.2330049490816875e-01	8.7910408241831151e-01
353	1.2730667186355067e+00	6.3814098288217291e-01	8.7910408241831139e-01
354	1.3026729213944719e+00	6.5298147085617686e-01	8.7910408241831128e-01
355	1.3322791241534375e+00	6.6782195883018092e-01	8.7910408241831128e-01
356	1.3618853269124027e+00	6.8266244680418497e-01	8.7910408241831151e-01
357	1.3914915296713675e+00	6.9750293477818881e-01	8.7910408241831151e-01
358	1.4210977324303329e+00	7.1234342275219309e-01	8.7910408241831151e-01
359	1.4507039351892981e+00	7.2718391072619692e-01	8.7910408241831151e-01
360	1.4803101379482635e+00	7.4202439870020109e-01	8.7910408241831151e-01
361	1.5099163407072287e+00	7.5686488667420493e-01	8.7910408241831151e-01
362	1.5395225434661941e+00	7.7170537464820910e-01	8.7910408241831151e-01
363	1.5691287462251593e+00	7.8654586262221304e-01	8.7910408241831151e-01
364	1.5987349489841245e+00	8.0138635059621699e-01	8.7910408241831139e-01
365	1.6283411517430897e+00	8.1622683857022116e-01	8.7910408241831151e-01
366	1.6579473545020549e+00	8.3106732654422499e-01	8.7910408241831151e-01
367	1.6875535572610203e+00	8.4590781451822905e-01	8.7910408241831151e-01
368	1.7171597600199857e+00	8.6074830249223322e-01	8.7910408241831151e-01
369	1.7467659627789507e+00	8.7558879046623717e-01	8.7910408241831151e-01
370	1.7763721655379163e+00	8.9042927844024122e-01	8.7910408241831151e-01
371	1.8059783682968813e+00	9.0526976641424506e-01	8.7910408241831151e-01
372	1.8257158368028583e+00	9.1516342506358128e-01	8.7910408241831151e-01
373	1.8355845710558467e+00	9.2011025438824934e-01	8.7910408241831151e-01
374	8.9682214720655751e-01	5.0724875115644352e-01	8.7178937143857904e-01
375	9.0646539610125132e-01	5.1270303880328705e-01	8.7178937143857904e-01
376	9.2575189389063983e-01	5.2361161409697388e-01	8.7178937143857904e-01
377	9.5468164057472227e-01	5.3997447703750434e-01	8.7178937143857904e-01
378	9.8361138725880481e-01	5.5633733997803481e-01	8.7178937143857904e-01
379	1.0125411339428874e+00	5.7270020291856527e-01	8.7178937143857904e-01
380	1.0414708806269699e+00	5.8906306585909562e-01	8.7178937143857904e-01
381	1.0704006273110525e+00	6.0542592879962620e-01	8.7178937143857882e-01
382	1.0993303739951348e+00	6.2178879174015655e-01	8.7178937143857904e-01
383	1.1282601206792173e+00	6.3815165468068691e-01	8.7178937143857904e-01
384	1.1571898673632997e+00	6.5451451762121737e-01	8.7178937143857915e-01
385	1.1861196140473824e+00	6.7087738056174784e-01	8.7178937143857904e-01
386	1.2150493607314647e+00	6.8724024350227819e-01	8.7178937143857915e-01
387	1.2439791074155475e+00	7.0360310644280888e-01	8.7178937143857882e-01
388	1.2729088540996303e+00	7.1996596938333923e-01	8.7178937143857871e-01
389	1.3018386007837128e+00	7.3632883232386981e-01	8.7178937143857871e-01
390	1.3307683474677947e+00	7.5269169526439994e-01	8.7178937143857904e-01
391	1.3596980941518775e+00	7.6905455820493063e-01	8.7178937143857882e-01
392	1.3886278408359596e+00	7.8541742114546098e-01	8.7178937143857904e-01
393	1.4175575875200421e+00	8.0178028408599122e-01	8.7178937143857904e-01
394	1.4464873342041247e+00	8.1814314702652180e-01	8.7178937143857904e-01
395	1.4754170808882072e+00	8.3450600996705226e-01	8.7178937143857904e-01
396	1.5043468275722898e+00	8.5086887290758251e-01	8.7178937143857904e-01
397	1.5332765742563723e+00	8.6723173584811308e-01	8.7178937143857904e-01
398	1.5622063209404551e+00	8.8359459878864366e-01	8.7178937143857882e-01
399	1.5911360676245374e+00	8.9995746172917412e-01	8.7178937143857904e-01
400	1.6200658143086197e+00	9.1632032466970426e-01	8.7178937143857904e-01
401	1.6489955609927023e+00	9.3268318761023472e-01	8.7178937143857904e-01
402	1.6779253076767846e+00	9.4904605055076530e-01	8.7178937143857904e-01
403	1.7068550543608674e+00	9.6540891349129554e-01	8.7178937143857904e-01
404	1.7357848010449499e+00	9.8177177643182612e-01	8.7178937143857904e-01
405	1.7647145477290318e+00	9.9813463937235658e-01	8.7178937143857904e-01
406	1.7840010455184203e+00	1.0090432146660435e+00	8.7178937143857904e-01
407	1.7936442944131150e+00	1.0144975023128870e+00	8.7178937143857904e-01
408	8.7328356425103637e-01	5.5297875814916408e-01	8.6569377895546862e-01
409	8.8267371010319806e-01	5.5892476630130561e-01	8.6569377895546862e-01
410	9.0145400180752133e-01	5.7081678260558866e-01	8.6569377895546873e-01
411	9.2962443936400629e-01	5.8865480706201323e-01	8.6569377895546873e-01
412	9.5779487692049137e-01	6.0649283151843802e-01	8.6569377895546873e-01
413	9.8596531447697655e-01	6.2433085597486271e-01	8.6569377895546862e-01
414	1.0141357520334615e+00	6.4216888043128739e-01	8.6569377895546862e-01
415	1.0423061895899466e+00	6.6000690488771196e-01	8.6569377895546851e-01
416	1.0704766271464317e+00	6.7784492934413665e-01	8.6569377895546862e-01
417	1.0986470647029167e+00	6.9568295380056133e-01	8.6569377895546862e-01
418	1.1268175022594018e+00	7.1352097825698579e-01	8.6569377895546873e-01
419	1.1549879398158869e+00	7.3135900271341048e-01	8.6569377895546873e-01
420	1.1831583773723719e+00	7.4919702716983494e-01	8.6569377895546873e-01
421	1.2113288149288568e+00	7.6703505162625996e-01	8.6569377895546851e-01
422	1.2394992524853421e+00	7.8487307608268431e-01	8.6569377895546851e-01
423	1.2676696900418269e+00	8.0271110053910921e-01	8.6569377895546851e-01
424	1.2958401275983120e+00	8.2054912499553356e-01	8.6569377895546862e-01
425	1.3240105651547971e+00	8.3838714945195836e-01	8.6569377895546862e-01
426	1.3521810027112822e+00	8.5622517390838304e-01	8.6569377895546862e-01
427	1.3803514402677675e+00	8.7406319836480761e-01	8.6569377895546862e-01
428	1.4085218778242519e+00	8.9190122282123230e-01	8.6569377895546873e-01
429	1.4366923153807369e+00	9.0973924727765676e-01	8.6569377895546873e-01
430	1.4648627529372222e+00	9.2757727173408155e-01	8.6569377895546862e-01
431	1.4930331904937073e+00	9.4541529619050624e-01	8.6569377895546873e-01
432	1.5212036280501924e+00	9.6325332064693103e-01	8.6569377895546851e-01
433	1.5493740656066777e+00	9.8109134510335561e-01	8.6569377895546862e-01
434	1.5775445031631623e+00	9.9892936955978040e-01	8.6569377895546862e-01
435	1.6057149407196476e+00	1.0167673940162050e+00	8.6569377895546862e-01
436	1.6338853782761324e+00	1.0346054184726297e+00	8.6569377895546862e-01
437	1.6620558158326175e+00	1.0524434429290541e+00	8.6569377895546862e-01
438	1.6902262533891026e+00	1.0702814673854788e+00	8.6569377895546862e-01
439	1.7183966909455879e+00	1.0881194918419035e+00	8.6569377895546862e-01
440	1.7371769826499111e+00	1.1000115081461865e+00	8.6569377895546862e-01
441	1.7465671285020727e+00	1.1059575162983282e+00	8.6569377895546862e-01
442	8.4717629733887534e-01	5.9706544764127834e-01	8.6081730496898012e-01
443	8.5628571989090618e-01	6.0348550621806629e-01	8.6081730496898012e-01
444	8.7450456499496798e-01	6.1632562337164198e-01	8.6081730496898035e-01
445	9.0183283265106062e-01	6.3558579910200574e-01	8.6081730496898035e-01
446	9.2916110030715338e-01	6.5484597483236962e-01	8.6081730496898035e-01
447	9.5648936796324646e-01	6.7410615056273360e-01	8.6081730496898012e-01
448	9.8381763561933921e-01	6.9336632629309747e-01	8.6081730496898012e-01
449	1.0111459032754317e+00	7.1262650202346134e-01	8.6081730496898012e-01
450	1.0384741709315246e+00	7.3188667775382510e-01	8.6081730496898012e-01
451	1.0658024385876177e+00	7.5114685348418897e-01	8.6081730496898012e-01
452	1.0931307062437099e+00	7.7040702921455251e-01	8.6081730496898046e-01
453	1.1204589738998028e+00	7.8966720494491638e-01	8.6081730496898035e-01
454	1.1477872415558954e+00	8.0892738067528014e-01	8.6081730496898035e-01
455	1.1751155092119885e+00	8.2818755640564401e-01	8.6081730496898012e-01
456	1.2024437768680813e+00	8.4744773213600799e-01	8.6081730496898001e-01
457	1.2297720445241742e+00	8.6670790786637175e-01	8.6081730496898001e-01
458	1.2571003121802669e+00	8.8596808359673562e-01	8.6081730496898012e-01
459	1.2844285798363593e+00	9.0522825932709916e-01	8.6081730496898023e-01
460	1.3117568474924524e+00	9.2448843505746325e-01	8.6081730496898012e-01
461	1.3390851151485452e+00	9.4374861078782712e-01	8.6081730496898012e-01
462	1.3664133828046374e+00	9.6300878651819066e-01	8.6081730496898035e-01
463	1.3937416504607303e+00	9.8226896224855453e-01	8.6081730496898035e-01
464	1.4210699181168231e+00	1.0015291379789186e+00	8.6081730496898012e-01
465	1.4483981857729156e+00	1.0207893137092821e+00	8.6081730496898035e-01
466	1.4757264534290087e+00	1.0400494894396459e+00	8.6081730496898012e-01
467	1.5030547210851017e+00	1.0593096651700102e+00	8.6081730496898012e-01
468	1.5303829887411944e+00	1.0785698409003739e+00	8.6081730496898012e-01
469	1.5577112563972868e+00	1.0978300166307375e+00	8.6081730496898012e-01
470	1.5850395240533801e+00	1.1170901923611014e+00	8.6081730496898012e-01
471	1.6123677917094725e+00	1.1363503680914653e+00	8.6081730496898012e-01
472	1.6396960593655654e+00	1.1556105438218292e+00	8.6081730496898012e-01
473	1.6670243270216580e+00	1.1748707195521928e+00	8.6081730496898012e-01
474	1.6852431721257202e+00	1.1877108367057687e+00	8.6081730496898012e-01
475	1.6943525946777507e+00	1.1941308952825567e+00	8.6081730496898012e-01
476	8.1852202129445073e-01	6.3933854210413410e-01	8.5715994947911389e-01
477	8.2732333335138020e-01	6.4621315008374836e-01	8.5715994947911389e-01
478	8.4492595746523924e-01	6.5996236604297698e-01	8.5715994947911411e-01
479	8.7132989363602797e-01	6.8058618998181997e-01	8.5715994947911411e-01
480	8.9773382980681671e-01	7.0121001392066296e-01	8.5715994947911411e-01
481	9.2413776597760566e-01	7.2183383785950617e-01	8.5715994947911389e-01
482	9.5054170214839440e-01	7.4245766179834938e-01	8.5715994947911389e-01
483	9.7694563831918313e-01	7.6308148573719214e-01	8.5715994947911389e-01
484	1.0033495744899719e+00	7.8370530967603524e-01	8.5715994947911389e-01
485	1.0297535106607607e+00	8.0432913361487846e-01	8.5715994947911389e-01
486	1.0561574468315493e+00	8.2495295755372133e-01	8.5715994947911411e-01
487	1.0825613830023380e+00	8.4557678149256421e-01	8.5715994947911411e-01
488	1.1089653191731266e+00	8.6620060543140720e-01	8.5715994947911411e-01
489	1.1353692553439154e+00	8.8682442937025041e-01	8.5715994947911389e-01
490	1.1617731915147043e+00	9.0744825330909362e-01	8.5715994947911378e-01
491	1.1881771276854931e+00	9.2807207724793639e-01	8.5715994947911378e-01
492	1.2145810638562817e+00	9.4869590118677960e-01	8.5715994947911389e-01
493	1.2409850000270706e+00	9.6931972512562259e-01	8.5715994947911389e-01
494	1.2673889361978592e+00	9.8994354906446569e-01	8.5715994947911389e-01
495	1.2937928723686480e+00	1.0105673730033087e+00	8.5715994947911389e-01
496	1.3201968085394364e+00	1.0311911969421517e+00	8.5715994947911411e-01
497	1.3466007447102251e+00	1.0518150208809944e+00	8.5715994947911411e-01
498	1.3730046808810141e+00	1.0724388448198376e+00	8.5715994947911389e-01
499	1.3994086170518025e+00	1.0930626687586809e+00	8.5715994947911411e-01
500	1.4258125532225914e+00	1.1136864926975238e+00	8.5715994947911389e-01
501	1.4522164893933804e+00	1.1343103166363671e+00	8.5715994947911389e-01
502	1.4786204255641691e+00	1.1549341405752100e+00	8.5715994947911389e-01
503	1.5050243617349579e+00	1.1755579645140530e+00	8.5715994947911389e-01
504	1.5314282979057465e+00	1.1961817884528960e+00	8.5715994947911389e-01
505	1.5578322340765354e+00	1.2168056123917390e+00	8.5715994947911389e-01
506	1.5842361702473240e+00	1.2374294363305822e+00	8.5715994947911389e-01
507	1.6106401064181128e+00	1.2580532602694252e+00	8.5715994947911389e-01
508	1.6282427305319718e+00	1.2718024762286537e+00	8.5715994947911389e-01
509	1.6370440425889015e+00	1.2786770842082682e+00	8.5715994947911389e-01
510	7.8736464107142923e-01	6.7963988454437818e-01	8.5472171248586981e-01
511	7.9583092753456275e-01	6.8694784029216704e-01	8.5472171248586981e-01
512	8.1276350046083023e-01	7.0156375178774510e-01	8.5472171248586981e-01
513	8.3816235985023102e-01	7.2348761903111203e-01	8.5472171248586981e-01
514	8.6356121923963214e-01	7.4541148627447917e-01	8.5472171248586981e-01
515	8.8896007862903292e-01	7.6733535351784621e-01	8.5472171248586981e-01
516	9.1435893801843393e-01	7.8925922076121313e-01	8.5472171248586981e-01
517	9.3975779740783472e-01	8.1118308800458028e-01	8.5472171248586981e-01
518	9.6515665679723572e-01	8.3310695524794731e-01	8.5472171248586981e-01
519	9.9055551618663695e-01	8.5503082249131446e-01	8.5472171248586981e-01
520	1.0159543755760378e+00	8.7695468973468138e-01	8.5472171248586992e-01
521	1.0413532349654389e+00	8.9887855697804830e-01	8.5472171248586981e-01
522	1.0667520943548396e+00	9.2080242422141545e-01	8.5472171248586981e-01
523	1.0921509537442404e+00	9.4272629146478237e-01	8.5472171248586981e-01
524	1.1175498131336417e+00	9.6465015870814963e-01	8.5472171248586959e-01
525	1.1429486725230429e+00	9.8657402595151678e-01	8.5472171248586959e-01
526	1.1683475319124434e+00	1.0084978931948836e+00	8.5472171248586981e-01
527	1.1937463913018442e+00	1.0304217604382506e+00	8.5472171248586981e-01
528	1.2191452506912452e+00	1.0523456276816177e+00	8.5472171248586981e-01
529	1.2445441100806460e+00	1.0742694949249847e+00	8.5472171248586981e-01
530	1.2699429694700473e+00	1.0961933621683517e+00	8.5472171248586981e-01
531	1.2953418288594480e+00	1.1181172294117188e+00	8.5472171248586981e-01
532	1.3207406882488490e+00	1.1400410966550858e+00	8.5472171248586981e-01
533	1.3461395476382498e+00	1.1619649638984531e+00	8.5472171248586981e-01
534	1.3715384070276506e+00	1.1838888311418196e+00	8.5472171248586981e-01
535	1.3969372664170518e+00	1.2058126983851869e+00	8.5472171248586981e-01
536	1.4223361258064526e+00	1.2277365656285539e+00	8.5472171248586981e-01
537	1.4477349851958536e+00	1.2496604328719210e+00	8.5472171248586981e-01
538	1.4731338445852546e+00	1.2715843001152880e+00	8.5472171248586981e-01
539	1.4985327039746554e+00	1.2935081673586550e+00	8.5472171248586981e-01
540	1.5239315633640564e+00	1.3154320346020221e+00	8.5472171248586981e-01
541	1.5493304227534574e+00	1.3373559018453891e+00	8.5472171248586981e-01
542	1.5662629956797247e+00	1.3519718133409673e+00	8.5472171248586981e-01
543	1.5747292821428585e+00	1.3592797690887564e+00	8.5472171248586981e-01
544	7.5377014092020411e-01	7.1782595726219589e-01	8.5350259398924788e-01
545	7.6187519619891586e-01	7.2554451594243441e-01	8.5350259398924788e-01
546	7.7808530675633958e-01	7.4098163330291178e-01	8.5350259398924799e-01
547	8.0240047259247516e-01	7.6413730934362789e-01	8.5350259398924799e-01
548	8.2671563842861073e-01	7.8729298538434378e-01	8.5350259398924799e-01
549	8.5103080426474642e-01	8.1044866142505989e-01	8.5350259398924788e-01
550	8.7534597010088211e-01	8.3360433746577589e-01	8.5350259398924788e-01
551	8.9966113593701769e-01	8.5676001350649200e-01	8.5350259398924777e-01
552	9.2397630177315337e-01	8.7991568954720778e-01	8.5350259398924788e-01
553	9.4829146760928906e-01	9.0307136558792389e-01	8.5350259398924788e-01
554	9.7260663344542442e-01	9.2622704162863989e-01	8.5350259398924799e-01
555	9.9692179928156011e-01	9.4938271766935578e-01	8.5350259398924799e-01
556	1.0212369651176958e+00	9.7253839371007167e-01	8.5350259398924799e-01
557	1.0455521309538314e+00	9.9569406975078789e-01	8.5350259398924777e-01
558	1.0698672967899669e+00	1.0188497457915038e+00	8.5350259398924777e-01
559	1.0941824626261027e+00	1.0420054218322199e+00	8.5350259398924777e-01
560	1.1184976284622383e+00	1.0651610978729358e+00	8.5350259398924788e-01
561	1.1428127942983737e+00	1.0883167739136517e+00	8.5350259398924788e-01
562	1.1671279601345095e+00	1.1114724499543678e+00	8.5350259398924788e-01
563	1.1914431259706451e+00	1.1346281259950837e+00	8.5350259398924788e-01
564	1.2157582918067806e+00	1.1577838020357998e+00	8.5350259398924799e-01
565	1.2400734576429162e+00	1.1809394780765159e+00	8.5350259398924799e-01
566	1.2643886234790520e+00	1.2040951541172318e+00	8.5350259398924788e-01
567	1.2887037893151874e+00	1.2272508301579477e+00	8.5350259398924799e-01
568	1.3130189551513232e+00	1.2504065061986638e+00	8.5350259398924777e-01
569	1.3373341209874590e+00	1.2735621822393797e+00	8.5350259398924788e-01
570	1.3616492868235943e+00	1.2967178582800958e+00	8.5350259398924788e-01
571	1.3859644526597297e+00	1.3198735343208117e+00	8.5350259398924788e-01
572	1.4102796184958657e+00	1.3430292103615278e+00	8.5350259398924788e-01
573	1.4345947843320013e+00	1.3661848864022439e+00	8.5350259398924788e-01
574	1.4589099501681371e+00	1.3893405624429600e+00	8.5350259398924788e-01
575	1.4832251160042724e+00	1.4124962384836757e+00	8.5350259398924788e-01
576	1.4994352265616961e+00	1.4279333558441534e+00	8.5350259398924788e-01
577	1.5075402818404082e+00	1.4356519145243918e+00	8.5350259398924788e-01
578	7.1782595726219589e-01	7.5377014092020411e-01	8.5350259398924788e-01
579	7.2554451594243441e-01	7.6187519619891575e-01	8.5350259398924788e-01
580	7.4098163330291189e-01	7.7808530675633980e-01	8.5350259398924788e-01
581	7.6413730934362778e-01	8.0240047259247527e-01	8.5350259398924788e-01
582	7.8729298538434389e-01	8.2671563842861095e-01	8.5350259398924788e-01
583	8.1044866142505989e-01	8.5103080426474642e-01	8.5350259398924788e-01
584	8.3360433746577589e-01	8.7534597010088211e-01	8.5350259398924788e-01
585	8.5676001350649189e-01	8.9966113593701769e-01	8.5350259398924788e-01
586	8.7991568954720789e-01	9.2397630177315337e-01	8.5350259398924788e-01
587	9.0307136558792378e-01	9.4829146760928895e-01	8.5350259398924788e-01
588	9.2622704162863989e-01	9.7260663344542464e-01	8.5350259398924799e-01
589	9.4938271766935589e-01	9.9692179928156011e-01	8.5350259398924788e-01
590	9.7253839371007178e-01	1.0212369651176958e+00	8.5350259398924799e-01
591	9.9569406975078789e-01	1.0455521309538311e+00	8.5350259398924788e-01
592	1.0188497457915038e+00	1.0698672967899672e+00	8.5350259398924766e-01
593	1.0420054218322201e+00	1.0941824626261027e+00	8.5350259398924766e-01
594	1.0651610978729358e+00	1.1184976284622381e+00	8.5350259398924788e-01
595	1.0883167739136519e+00	1.1428127942983739e+00	8.5350259398924788e-01
596	1.1114724499543680e+00	1.1671279601345095e+00	8.5350259398924788e-01
597	1.1346281259950837e+00	1.1914431259706451e+00	8.5350259398924788e-01
598	1.1577838020357998e+00	1.2157582918067806e+00	8.5350259398924788e-01
599	1.1809394780765159e+00	1.2400734576429164e+00	8.5350259398924788e-01
600	1.2040951541172318e+00	1.2643886234790518e+00	8.5350259398924788e-01
601	1.2272508301579477e+00	1.2887037893151878e+00	8.5350259398924788e-01
602	1.2504065061986636e+00	1.3130189551513229e+00	8.5350259398924788e-01
603	1.2735621822393799e+00	1.3373341209874590e+00	8.5350259398924788e-01
604	1.2967178582800958e+00	1.3616492868235943e+00	8.5350259398924788e-01
605	1.3198735343208117e+00	1.3859644526597299e+00	8.5350259398924788e-01
606	1.3430292103615278e+00	1.4102796184958657e+00	8.5350259398924788e-01
607	1.3661848864022439e+00	1.4345947843320013e+00	8.5350259398924788e-01
608	1.3893405624429600e+00	1.4589099501681371e+00	8.5350259398924788e-01
609	1.4124962384836757e+00	1.4832251160042724e+00	8.5350259398924788e-01
610	1.4279333558441529e+00	1.4994352265616964e+00	8.5350259398924788e-01
611	1.4356519145243918e+00	1.5075402818404082e+00	8.5350259398924788e-01
612	6.7963988454437807e-01	7.8736464107142934e-01	8.5472171248586992e-01
613	6.8694784029216716e-01	7.9583092753456286e-01	8.5472171248586992e-01
614	7.0156375178774499e-01	8.1276350046083012e-01	8.5472171248587003e-01
615	7.2348761903111203e-01	8.3816235985023102e-01	8.5472171248587003e-01
616	7.4541148627447895e-01	8.6356121923963214e-01	8.5472171248587003e-01
617	7.6733535351784632e-01	8.8896007862903315e-01	8.5472171248586992e-01
618	7.8925922076121324e-01	9.1435893801843393e-01	8.5472171248586992e-01
619	8.1118308800458017e-01	9.3975779740783494e-01	8.5472171248586992e-01
620	8.3310695524794731e-01	9.6515665679723583e-01	8.5472171248586992e-01
621	8.5503082249131435e-01	9.9055551618663684e-01	8.5472171248586992e-01
622	8.7695468973468127e-01	1.0159543755760376e+00	8.5472171248587014e-01
623	8.9887855697804842e-01	1.0413532349654384e+00	8.5472171248587003e-01
624	9.2080242422141523e-01	1.0667520943548394e+00	8.5472171248587014e-01
625	9.4272629146478237e-01	1.0921509537442404e+00	8.5472171248586992e-01
626	9.6465015870814952e-01	1.1175498131336417e+00	8.5472171248586970e-01
627	9.8657402595151666e-01	1.1429486725230427e+00	8.5472171248586970e-01
628	1.0084978931948836e+00	1.1683475319124434e+00	8.5472171248586992e-01
629	1.0304217604382506e+00	1.1937463913018442e+00	8.5472171248586992e-01
630	1.0523456276816174e+00	1.2191452506912452e+00	8.5472171248586992e-01
631	1.0742694949249847e+00	1.2445441100806462e+00	8.5472171248586992e-01
632	1.0961933621683515e+00	1.2699429694700470e+00	8.5472171248587003e-01
633	1.1181172294117188e+00	1.2953418288594480e+00	8.5472171248587003e-01
634	1.1400410966550858e+00	1.3207406882488490e+00	8.5472171248586992e-01
635	1.1619649638984526e+00	1.3461395476382498e+00	8.5472171248587003e-01
636	1.1838888311418199e+00	1.3715384070276508e+00	8.5472171248586992e-01
637	1.2058126983851869e+00	1.3969372664170521e+00	8.5472171248586992e-01
638	1.2277365656285539e+00	1.4223361258064531e+00	8.5472171248586992e-01
639	1.2496604328719210e+00	1.4477349851958536e+00	8.5472171248586992e-01
640	1.2715843001152880e+00	1.4731338445852549e+00	8.5472171248586992e-01
641	1.2935081673586550e+00	1.4985327039746559e+00	8.5472171248586992e-01
642	1.3154320346020221e+00	1.5239315633640569e+00	8.5472171248586992e-01
643	1.3373559018453889e+00	1.5493304227534574e+00	8.5472171248586992e-01
644	1.3519718133409671e+00	1.5662629956797249e+00	8.5472171248586992e-01
645	1.3592797690887561e+00	1.5747292821428587e+00	8.5472171248586992e-01
646	6.3933854210413399e-01	8.1852202129445062e-01	8.5715994947911411e-01
647	6.4621315008374824e-01	8.2732333335138031e-01	8.5715994947911411e-01
648	6.5996236604297698e-01	8.4492595746523957e-01	8.5715994947911411e-01
649	6.8058618998182008e-01	8.7132989363602809e-01	8.5715994947911411e-01
650	7.0121001392066296e-01	8.9773382980681682e-01	8.5715994947911411e-01
651	7.2183383785950617e-01	9.2413776597760555e-01	8.5715994947911411e-01
652	7.4245766179834916e-01	9.5054170214839429e-01	8.5715994947911411e-01
653	7.6308148573719226e-01	9.7694563831918313e-01	8.5715994947911400e-01
654	7.8370530967603524e-01	1.0033495744899719e+00	8.5715994947911411e-01
655	8.0432913361487823e-01	1.0297535106607607e+00	8.5715994947911411e-01
656	8.2495295755372122e-01	1.0561574468315491e+00	8.5715994947911434e-01
657	8.4557678149256432e-01	1.0825613830023382e+00	8.5715994947911411e-01
658	8.6620060543140731e-01	1.1089653191731268e+00	8.5715994947911411e-01
659	8.8682442937025052e-01	1.1353692553439154e+00	8.5715994947911400e-01
660	9.0744825330909351e-01	1.1617731915147043e+00	8.5715994947911389e-01
661	9.2807207724793672e-01	1.1881771276854931e+00	8.5715994947911389e-01
662	9.4869590118677949e-01	1.2145810638562817e+00	8.5715994947911411e-01
663	9.6931972512562259e-01	1.2409850000270704e+00	8.5715994947911400e-01
664	9.8994354906446547e-01	1.2673889361978592e+00	8.5715994947911411e-01
665	1.0105673730033085e+00	1.2937928723686478e+00	8.5715994947911411e-01
666	1.0311911969421514e+00	1.3201968085394367e+00	8.5715994947911411e-01
667	1.0518150208809947e+00	1.3466007447102253e+00	8.5715994947911411e-01
668	1.0724388448198376e+00	1.3730046808810141e+00	8.5715994947911411e-01
669	1.0930626687586804e+00	1.3994086170518030e+00	8.5715994947911411e-01
670	1.1136864926975238e+00	1.4258125532225918e+00	8.5715994947911400e-01
671	1.1343103166363668e+00	1.4522164893933804e+00	8.5715994947911411e-01
672	1.1549341405752098e+00	1.4786204255641693e+00	8.5715994947911411e-01
673	1.1755579645140526e+00	1.5050243617349575e+00	8.5715994947911411e-01
674	1.1961817884528958e+00	1.5314282979057467e+00	8.5715994947911411e-01
675	1.2168056123917388e+00	1.5578322340765351e+00	8.5715994947911411e-01
676	1.2374294363305818e+00	1.5842361702473242e+00	8.5715994947911411e-01
677	1.2580532602694248e+00	1.6106401064181126e+00	8.5715994947911411e-01
678	1.2718024762286535e+00	1.6282427305319718e+00	8.5715994947911411e-01
679	1.2786770842082680e+00	1.6370440425889012e+00	8.5715994947911411e-01
680	5.9706544764127822e-01	8.4717629733887523e-01	8.6081730496898046e-01
681	6.0348550621806618e-01	8.5628571989090618e-01	8.6081730496898046e-01
682	6.1632562337164210e-01	8.7450456499496809e-01	8.6081730496898046e-01
683	6.3558579910200586e-01	9.0183283265106073e-01	8.6081730496898046e-01
684	6.5484597483236962e-01	9.2916110030715349e-01	8.6081730496898046e-01
685	6.7410615056273349e-01	9.5648936796324624e-01	8.6081730496898046e-01
686	6.9336632629309725e-01	9.8381763561933899e-01	8.6081730496898046e-01
687	7.1262650202346123e-01	1.0111459032754317e+00	8.6081730496898035e-01
688	7.3188667775382499e-01	1.0384741709315244e+00	8.6081730496898046e-01
689	7.5114685348418886e-01	1.0658024385876173e+00	8.6081730496898046e-01
690	7.7040702921455262e-01	1.0931307062437099e+00	8.6081730496898057e-01
691	7.8966720494491638e-01	1.1204589738998025e+00	8.6081730496898046e-01
692	8.0892738067528014e-01	1.1477872415558954e+00	8.6081730496898046e-01
693	8.2818755640564412e-01	1.1751155092119883e+00	8.6081730496898035e-01
694	8.4744773213600788e-01	1.2024437768680811e+00	8.6081730496898012e-01
695	8.6670790786637186e-01	1.2297720445241740e+00	8.6081730496898012e-01
696	8.8596808359673540e-01	1.2571003121802664e+00	8.6081730496898046e-01
697	9.0522825932709927e-01	1.2844285798363591e+00	8.6081730496898035e-01
698	9.2448843505746303e-01	1.3117568474924519e+00	8.6081730496898046e-01
699	9.4374861078782690e-01	1.3390851151485446e+00	8.6081730496898046e-01
700	9.6300878651819066e-01	1.3664133828046374e+00	8.6081730496898046e-01
701	9.8226896224855453e-01	1.3937416504607301e+00	8.6081730496898046e-01
702	1.0015291379789182e+00	1.4210699181168229e+00	8.6081730496898046e-01
703	1.0207893137092821e+00	1.4483981857729158e+00	8.6081730496898046e-01
704	1.0400494894396459e+00	1.4757264534290084e+00	8.6081730496898035e-01
705	1.0593096651700098e+00	1.5030547210851011e+00	8.6081730496898046e-01
706	1.0785698409003732e+00	1.5303829887411939e+00	8.6081730496898046e-01
707	1.0978300166307371e+00	1.5577112563972866e+00	8.6081730496898046e-01
708	1.1170901923611010e+00	1.5850395240533797e+00	8.6081730496898046e-01
709	1.1363503680914648e+00	1.6123677917094723e+00	8.6081730496898046e-01
710	1.1556105438218289e+00	1.6396960593655647e+00	8.6081730496898046e-01
711	1.1748707195521926e+00	1.6670243270216576e+00	8.6081730496898046e-01
712	1.1877108367057685e+00	1.6852431721257195e+00	8.6081730496898046e-01
713	1.1941308952825564e+00	1.6943525946777505e+00	8.6081730496898046e-01
714	5.5297875814916397e-01	8.7328356425103637e-01	8.6569377895546862e-01
715	5.5892476630130561e-01	8.8267371010319806e-01	8.6569377895546862e-01
716	5.7081678260558877e-01	9.0145400180752144e-01	8.6569377895546862e-01
717	5.8865480706201323e-01	9.2962443936400641e-01	8.6569377895546862e-01
718	6.0649283151843802e-01	9.5779487692049170e-01	8.6569377895546862e-01
719	6.2433085597486271e-01	9.8596531447697655e-01	8.6569377895546862e-01
720	6.4216888043128739e-01	1.0141357520334617e+00	8.6569377895546862e-01
721	6.6000690488771185e-01	1.0423061895899468e+00	8.6569377895546851e-01
722	6.7784492934413665e-01	1.0704766271464317e+00	8.6569377895546862e-01
723	6.9568295380056133e-01	1.0986470647029167e+00	8.6569377895546862e-01
724	7.1352097825698579e-01	1.1268175022594016e+00	8.6569377895546884e-01
725	7.3135900271341059e-01	1.1549879398158869e+00	8.6569377895546862e-01
726	7.4919702716983505e-01	1.1831583773723717e+00	8.6569377895546884e-01
727	7.6703505162625996e-01	1.2113288149288568e+00	8.6569377895546851e-01
728	7.8487307608268431e-01	1.2394992524853421e+00	8.6569377895546851e-01
729	8.0271110053910921e-01	1.2676696900418269e+00	8.6569377895546851e-01
730	8.2054912499553379e-01	1.2958401275983120e+00	8.6569377895546862e-01
731	8.3838714945195836e-01	1.3240105651547971e+00	8.6569377895546862e-01
732	8.5622517390838304e-01	1.3521810027112822e+00	8.6569377895546862e-01
733	8.7406319836480761e-01	1.3803514402677672e+00	8.6569377895546862e-01
734	8.9190122282123230e-01	1.4085218778242521e+00	8.6569377895546862e-01
735	9.0973924727765709e-01	1.4366923153807372e+00	8.6569377895546862e-01
736	9.2757727173408155e-01	1.4648627529372222e+00	8.6569377895546862e-01
737	9.4541529619050624e-01	1.4930331904937075e+00	8.6569377895546862e-01
738	9.6325332064693092e-01	1.5212036280501924e+00	8.6569377895546851e-01
739	9.8109134510335561e-01	1.5493740656066777e+00	8.6569377895546862e-01
740	9.9892936955978007e-01	1.5775445031631625e+00	8.6569377895546862e-01
741	1.0167673940162048e+00	1.6057149407196476e+00	8.6569377895546862e-01
742	1.0346054184726297e+00	1.6338853782761327e+00	8.6569377895546862e-01
743	1.0524434429290539e+00	1.6620558158326175e+00	8.6569377895546862e-01
744	1.0702814673854788e+00	1.6902262533891026e+00	8.6569377895546862e-01
745	1.0881194918419033e+00	1.7183966909455879e+00	8.6569377895546862e-01
746	1.1000115081461863e+00	1.7371769826499108e+00	8.6569377895546862e-01
747	1.1059575162983279e+00	1.7465671285020727e+00	8.6569377895546862e-01
748	5.0724875115644352e-01	8.9682214720655751e-01	8.7178937143857904e-01
749	5.1270303880328694e-01	9.0646539610125143e-01	8.7178937143857904e-01
750	5.2361161409697388e-01	9.2575189389063983e-01	8.7178937143857904e-01
751	5.3997447703750434e-01	9.5468164057472227e-01	8.7178937143857904e-01
752	5.5633733997803481e-01	9.8361138725880481e-01	8.7178937143857904e-01
753	5.7270020291856527e-01	1.0125411339428874e+00	8.7178937143857904e-01
754	5.8906306585909562e-01	1.0414708806269699e+00	8.7178937143857904e-01
755	6.0542592879962620e-01	1.0704006273110522e+00	8.7178937143857893e-01
756	6.2178879174015655e-01	1.0993303739951348e+00	8.7178937143857904e-01
757	6.3815165468068691e-01	1.1282601206792173e+00	8.7178937143857904e-01
758	6.5451451762121737e-01	1.1571898673632999e+00	8.7178937143857915e-01
759	6.7087738056174784e-01	1.1861196140473822e+00	8.7178937143857904e-01
760	6.8724024350227819e-01	1.2150493607314645e+00	8.7178937143857915e-01
761	7.0360310644280877e-01	1.2439791074155473e+00	8.7178937143857893e-01
762	7.1996596938333901e-01	1.2729088540996298e+00	8.7178937143857893e-01
763	7.3632883232386959e-01	1.3018386007837122e+00	8.7178937143857893e-01
764	7.5269169526440005e-01	1.3307683474677947e+00	8.7178937143857904e-01
765	7.6905455820493052e-01	1.3596980941518773e+00	8.7178937143857893e-01
766	7.8541742114546087e-01	1.3886278408359596e+00	8.7178937143857904e-01
767	8.0178028408599122e-01	1.4175575875200421e+00	8.7178937143857904e-01
768	8.1814314702652180e-01	1.4464873342041249e+00	8.7178937143857904e-01
769	8.3450600996705226e-01	1.4754170808882070e+00	8.7178937143857904e-01
770	8.5086887290758251e-01	1.5043468275722898e+00	8.7178937143857904e-01
771	8.6723173584811297e-01	1.5332765742563723e+00	8.7178937143857904e-01
772	8.8359459878864344e-01	1.5622063209404549e+00	8.7178937143857893e-01
773	8.9995746172917379e-01	1.5911360676245372e+00	8.7178937143857904e-01
774	9.1632032466970414e-01	1.6200658143086197e+00	8.7178937143857904e-01
775	9.3268318761023472e-01	1.6489955609927023e+00	8.7178937143857904e-01
776	9.4904605055076530e-01	1.6779253076767848e+00	8.7178937143857904e-01
777	9.6540891349129554e-01	1.7068550543608674e+00	8.7178937143857904e-01
778	9.8177177643182612e-01	1.7357848010449499e+00	8.7178937143857904e-01
779	9.9813463937235647e-01	1.7647145477290322e+00	8.7178937143857904e-01
780	1.0090432146660435e+00	1.7840010455184205e+00	8.7178937143857904e-01
781	1.0144975023128870e+00	1.7936442944131150e+00	8.7178937143857904e-01
782	4.6005512719412456e-01	9.1779228552792336e-01	8.7910408241831139e-01
783	4.6500195651879256e-01	9.2766101978091176e-01	8.7910408241831139e-01
784	4.7489561516812862e-01	9.4739848828688877e-01	8.7910408241831139e-01
785	4.8973610314213262e-01	9.7700469104585386e-01	8.7910408241831139e-01
786	5.0457659111613662e-01	1.0066108938048191e+00	8.7910408241831139e-01
787	5.1941707909014068e-01	1.0362170965637845e+00	8.7910408241831139e-01
788	5.3425756706414473e-01	1.0658232993227497e+00	8.7910408241831139e-01
789	5.4909805503814868e-01	1.0954295020817149e+00	8.7910408241831139e-01
790	5.6393854301215274e-01	1.1250357048406803e+00	8.7910408241831139e-01
791	5.7877903098615680e-01	1.1546419075996455e+00	8.7910408241831139e-01
792	5.9361951896016074e-01	1.1842481103586107e+00	8.7910408241831162e-01
793	6.0846000693416491e-01	1.2138543131175761e+00	8.7910408241831139e-01
794	6.2330049490816886e-01	1.2434605158765415e+00	8.7910408241831139e-01
795	6.3814098288217280e-01	1.2730667186355062e+00	8.7910408241831139e-01
796	6.5298147085617686e-01	1.3026729213944719e+00	8.7910408241831117e-01
797	6.6782195883018092e-01	1.3322791241534373e+00	8.7910408241831117e-01
798	6.8266244680418486e-01	1.3618853269124023e+00	8.7910408241831139e-01
799	6.9750293477818892e-01	1.3914915296713675e+00	8.7910408241831139e-01
800	7.1234342275219287e-01	1.4210977324303331e+00	8.7910408241831139e-01
801	7.2718391072619681e-01	1.4507039351892983e+00	8.7910408241831139e-01
802	7.4202439870020098e-01	1.4803101379482633e+00	8.7910408241831139e-01
803	7.5686488667420504e-01	1.5099163407072287e+00	8.7910408241831139e-01
804	7.7170537464820899e-01	1.5395225434661941e+00	8.7910408241831139e-01
805	7.8654586262221293e-01	1.5691287462251595e+00	8.7910408241831139e-01
806	8.0138635059621688e-01	1.5987349489841243e+00	8.7910408241831139e-01
807	8.1622683857022105e-01	1.6283411517430897e+00	8.7910408241831139e-01
808	8.3106732654422488e-01	1.6579473545020551e+00	8.7910408241831139e-01
809	8.4590781451822894e-01	1.6875535572610205e+00	8.7910408241831139e-01
810	8.6074830249223311e-01	1.7171597600199857e+00	8.7910408241831139e-01
811	8.7558879046623694e-01	1.7467659627789509e+00	8.7910408241831139e-01
812	8.9042927844024133e-01	1.7763721655379161e+00	8.7910408241831139e-01
813	9.0526976641424506e-01	1.8059783682968813e+00	8.7910408241831139e-01
814	9.1516342506358117e-01	1.8257158368028583e+00	8.7910408241831139e-01
815	9.2011025438824912e-01	1.8355845710558467e+00	8.7910408241831139e-01
816	4.1158421816590918e-01	9.3621537695271195e-01	8.8763791189466579e-01
817	4.1600985492038134e-01	9.4628220896295623e-01	8.8763791189466579e-01
818	4.2486112842932561e-01	9.6641587298344456e-01	8.8763791189466590e-01
819	4.3813803869274198e-01	9.9661636901417727e-01	8.8763791189466590e-01
820	4.5141494895615836e-01	1.0268168650449099e+00	8.8763791189466590e-01
821	4.6469185921957495e-01	1.0570173610756428e+00	8.8763791189466579e-01
822	4.7796876948299138e-01	1.0872178571063753e+00	8.8763791189466579e-01
823	4.9124567974640770e-01	1.1174183531371078e+00	8.8763791189466579e-01
824	5.0452259000982413e-01	1.1476188491678405e+00	8.8763791189466579e-01
825	5.1779950027324062e-01	1.1778193451985732e+00	8.8763791189466579e-01
826	5.3107641053665700e-01	1.2080198412293057e+00	8.8763791189466601e-01
827	5.4435332080007337e-01	1.2382203372600382e+00	8.8763791189466590e-01
828	5.5763023106348975e-01	1.2684208332907709e+00	8.8763791189466601e-01
829	5.7090714132690634e-01	1.2986213293215034e+00	8.8763791189466579e-01
830	5.8418405159032283e-01	1.3288218253522366e+00	8.8763791189466557e-01
831	5.9746096185373931e-01	1.3590223213829695e+00	8.8763791189466557e-01
832	6.1073787211715558e-01	1.3892228174137016e+00	8.8763791189466579e-01
833	6.2401478238057206e-01	1.4194233134444343e+00	8.8763791189466579e-01
834	6.3729169264398844e-01	1.4496238094751670e+00	8.8763791189466579e-01
835	6.5056860290740481e-01	1.4798243055058999e+00	8.8763791189466579e-01
836	6.6384551317082119e-01	1.5100248015366320e+00	8.8763791189466590e-01
837	6.7712242343423767e-01	1.5402252975673647e+00	8.8763791189466590e-01
838	6.9039933369765405e-01	1.5704257935980976e+00	8.8763791189466579e-01
839	7.0367624396107031e-01	1.6006262896288299e+00	8.8763791189466590e-01
840	7.1695315422448691e-01	1.6308267856595626e+00	8.8763791189466579e-01
841	7.3023006448790340e-01	1.6610272816902958e+00	8.8763791189466579e-01
842	7.4350697475131977e-01	1.6912277777210281e+00	8.8763791189466579e-01
843	7.5678388501473626e-01	1.7214282737517608e+00	8.8763791189466579e-01
844	7.7006079527815274e-01	1.7516287697824937e+00	8.8763791189466579e-01
845	7.8333770554156901e-01	1.7818292658132262e+00	8.8763791189466579e-01
846	7.9661461580498560e-01	1.8120297618439589e+00	8.8763791189466579e-01
847	8.0989152606840187e-01	1.8422302578746914e+00	8.8763791189466579e-01
848	8.1874279957734619e-01	1.8623639218951797e+00	8.8763791189466579e-01
849	8.2316843633181835e-01	1.8724307539054239e+00	8.8763791189466579e-01
850	3.6202618573778167e-01	9.5213282462181392e-01	8.9739085986764244e-01
851	3.6591894042313411e-01	9.6237081198333885e-01	8.9739085986764244e-01
852	3.7370444979383916e-01	9.8284678670638870e-01	8.9739085986764244e-01
853	3.8538271384989664e-01	1.0135607487909633e+00	8.9739085986764244e-01
854	3.9706097790595402e-01	1.0442747108755379e+00	8.9739085986764244e-01
855	4.0873924196201161e-01	1.0749886729601126e+00	8.9739085986764244e-01
856	4.2041750601806910e-01	1.1057026350446872e+00	8.9739085986764244e-01
857	4.3209577007412653e-01	1.1364165971292619e+00	8.9739085986764233e-01
858	4.4377403413018396e-01	1.1671305592138363e+00	8.9739085986764244e-01
859	4.5545229818624144e-01	1.1978445212984112e+00	8.9739085986764244e-01
860	4.6713056224229882e-01	1.2285584833829857e+00	8.9739085986764267e-01
861	4.7880882629835642e-01	1.2592724454675603e+00	8.9739085986764244e-01
862	4.9048709035441379e-01	1.2899864075521350e+00	8.9739085986764255e-01
863	5.0216535441047139e-01	1.3207003696367094e+00	8.9739085986764233e-01
864	5.1384361846652882e-01	1.3514143317212843e+00	8.9739085986764233e-01
865	5.2552188252258625e-01	1.3821282938058590e+00	8.9739085986764233e-01
866	5.3720014657864368e-01	1.4128422558904337e+00	8.9739085986764244e-01
867	5.4887841063470133e-01	1.4435562179750083e+00	8.9739085986764233e-01
868	5.6055667469075865e-01	1.4742701800595828e+00	8.9739085986764244e-01
869	5.7223493874681608e-01	1.5049841421441577e+00	8.9739085986764244e-01
870	5.8391320280287362e-01	1.5356981042287321e+00	8.9739085986764244e-01
871	5.9559146685893116e-01	1.5664120663133068e+00	8.9739085986764244e-01
872	6.0726973091498859e-01	1.5971260283978816e+00	8.9739085986764244e-01
873	6.1894799497104602e-01	1.6278399904824563e+00	8.9739085986764244e-01
874	6.3062625902710356e-01	1.6585539525670308e+00	8.9739085986764233e-01
875	6.4230452308316099e-01	1.6892679146516059e+00	8.9739085986764244e-01
876	6.5398278713921831e-01	1.7199818767361801e+00	8.9739085986764244e-01
877	6.6566105119527597e-01	1.7506958388207547e+00	8.9739085986764244e-01
878	6.7733931525133328e-01	1.7814098009053294e+00	8.9739085986764244e-01
879	6.8901757930739083e-01	1.8121237629899043e+00	8.9739085986764244e-01
880	7.0069584336344848e-01	1.8428377250744787e+00	8.9739085986764244e-01
881	7.1237410741950580e-01	1.8735516871590532e+00	8.9739085986764244e-01
882	7.2015961679021079e-01	1.8940276618821030e+00	8.9739085986764244e-01
883	7.2405237147556334e-01	1.9042656492436278e+00	8.9739085986764244e-01
884	3.1157228927061237e-01	9.6560454167840781e-01	9.0836292633724103e-01
885	3.1492252894018885e-01	9.7598738621258430e-01	9.0836292633724103e-01
886	3.2162300827934182e-01	9.9675307528093715e-01	9.0836292633724103e-01
887	3.3167372728807121e-01	1.0279016088834663e+00	9.0836292633724103e-01
888	3.4172444629680065e-01	1.0590501424859957e+00	9.0836292633724103e-01
889	3.5177516530553016e-01	1.0901986760885249e+00	9.0836292633724103e-01
890	3.6182588431425949e-01	1.1213472096910544e+00	9.0836292633724103e-01
891	3.7187660332298900e-01	1.1524957432935836e+00	9.0836292633724092e-01
892	3.8192732233171839e-01	1.1836442768961128e+00	9.0836292633724103e-01
893	3.9197804134044784e-01	1.2147928104986423e+00	9.0836292633724103e-01
894	4.0202876034917728e-01	1.2459413441011711e+00	9.0836292633724125e-01
895	4.1207947935790673e-01	1.2770898777037007e+00	9.0836292633724103e-01
896	4.2213019836663607e-01	1.3082384113062298e+00	9.0836292633724125e-01
897	4.3218091737536563e-01	1.3393869449087592e+00	9.0836292633724092e-01
898	4.4223163638409502e-01	1.3705354785112887e+00	9.0836292633724092e-01
899	4.5228235539282441e-01	1.4016840121138179e+00	9.0836292633724092e-01
900	4.6233307440155386e-01	1.4328325457163471e+00	9.0836292633724103e-01
901	4.7238379341028330e-01	1.4639810793188761e+00	9.0836292633724103e-01
902	4.8243451241901270e-01	1.4951296129214058e+00	9.0836292633724103e-01
903	4.9248523142774214e-01	1.5262781465239350e+00	9.0836292633724103e-01
904	5.0253595043647170e-01	1.5574266801264642e+00	9.0836292633724103e-01
905	5.1258666944520104e-01	1.5885752137289935e+00	9.0836292633724103e-01
906	5.2263738845393037e-01	1.6197237473315227e+00	9.0836292633724103e-01
907	5.3268810746265982e-01	1.6508722809340524e+00	9.0836292633724103e-01
908	5.4273882647138927e-01	1.6820208145365816e+00	9.0836292633724092e-01
909	5.5278954548011883e-01	1.7131693481391108e+00	9.0836292633724103e-01
910	5.6284026448884805e-01	1.7443178817416398e+00	9.0836292633724103e-01
911	5.7289098349757761e-01	1.7754664153441690e+00	9.0836292633724103e-01
912	5.8294170250630706e-01	1.8066149489466989e+00	9.0836292633724103e-01
913	5.9299242151503639e-01	1.8377634825492279e+00	9.0836292633724103e-01
914	6.0304314052376595e-01	1.8689120161517569e+00	9.0836292633724103e-01
915	6.1309385953249529e-01	1.9000605497542864e+00	9.0836292633724103e-01
916	6.1979433887164814e-01	1.9208262388226394e+00	9.0836292633724103e-01
917	6.2314457854122474e-01	1.9312090833568156e+00	9.0836292633724103e-01
918	2.6041229476437883e-01	9.7670717728461998e-01	9.2055411130346165e-01
919	2.6321242696614638e-01	9.8720940499735776e-01	9.2055411130346165e-01
920	2.6881269136968139e-01	1.0082138604228335e+00	9.2055411130346176e-01
921	2.7721308797498395e-01	1.0397205435610470e+00	9.2055411130346176e-01
922	2.8561348458028640e-01	1.0712272266992606e+00	9.2055411130346176e-01
923	2.9401388118558913e-01	1.1027339098374742e+00	9.2055411130346165e-01
924	3.0241427779089158e-01	1.1342405929756878e+00	9.2055411130346165e-01
925	3.1081467439619409e-01	1.1657472761139012e+00	9.2055411130346165e-01
926	3.1921507100149671e-01	1.1972539592521150e+00	9.2055411130346165e-01
927	3.2761546760679927e-01	1.2287606423903283e+00	9.2055411130346165e-01
928	3.3601586421210183e-01	1.2602673255285419e+00	9.2055411130346187e-01
929	3.4441626081740428e-01	1.2917740086667553e+00	9.2055411130346176e-01
930	3.5281665742270679e-01	1.3232806918049689e+00	9.2055411130346187e-01
931	3.6121705402800935e-01	1.3547873749431825e+00	9.2055411130346165e-01
932	3.6961745063331192e-01	1.3862940580813961e+00	9.2055411130346154e-01
933	3.7801784723861448e-01	1.4178007412196099e+00	9.2055411130346154e-01
934	3.8641824384391704e-01	1.4493074243578232e+00	9.2055411130346165e-01
935	3.9481864044921955e-01	1.4808141074960366e+00	9.2055411130346165e-01
936	4.0321903705452211e-01	1.5123207906342502e+00	9.2055411130346165e-01
937	4.1161943365982467e-01	1.5438274737724640e+00	9.2055411130346165e-01
938	4.2001983026512718e-01	1.5753341569106774e+00	9.2055411130346176e-01
939	4.2842022687042974e-01	1.6068408400488907e+00	9.2055411130346176e-01
940	4.3682062347573219e-01	1.6383475231871045e+00	9.2055411130346165e-01
941	4.4522102008103476e-01	1.6698542063253179e+00	9.2055411130346176e-01
942	4.5362141668633738e-01	1.7013608894635315e+00	9.2055411130346165e-01
943	4.6202181329163999e-01	1.7328675726017453e+00	9.2055411130346165e-01
944	4.7042220989694239e-01	1.7643742557399584e+00	9.2055411130346165e-01
945	4.7882260650224501e-01	1.7958809388781720e+00	9.2055411130346165e-01
946	4.8722300310754751e-01	1.8273876220163860e+00	9.2055411130346165e-01
947	4.9562339971285002e-01	1.8588943051545994e+00	9.2055411130346165e-01
948	5.0402379631815275e-01	1.8904009882928130e+00	9.2055411130346165e-01
949	5.1242419292345520e-01	1.9219076714310266e+00	9.2055411130346165e-01
950	5.1802445732699021e-01	1.9429121268565022e+00	9.2055411130346165e-01
951	5.2082458952875765e-01	1.9534143545692400e+00	9.2055411130346165e-01
952	2.0873208553144590e-01	9.8553213304737008e-01	9.3396441476630454e-01
953	2.1097651655866570e-01	9.9612925275755682e-01	9.3396441476630454e-01
954	2.1546537861310541e-01	1.0173234921779304e+00	9.3396441476630454e-01
955	2.2219867169476495e-01	1.0491148513084907e+00	9.3396441476630454e-01
956	2.2893196477642447e-01	1.0809062104390510e+00	9.3396441476630454e-01
957	2.3566525785808412e-01	1.1126975695696115e+00	9.3396441476630454e-01
958	2.4239855093974363e-01	1.1444889287001718e+00	9.3396441476630454e-01
959	2.4913184402140318e-01	1.1762802878307319e+00	9.3396441476630443e-01
960	2.5586513710306269e-01	1.2080716469612924e+00	9.3396441476630454e-01
961	2.6259843018472229e-01	1.2398630060918530e+00	9.3396441476630454e-01
962	2.6933172326638177e-01	1.2716543652224126e+00	9.3396441476630476e-01
963	2.7606501634804131e-01	1.3034457243529733e+00	9.3396441476630454e-01
964	2.8279830942970086e-01	1.3352370834835336e+00	9.3396441476630465e-01
965	2.8953160251136045e-01	1.3670284426140940e+00	9.3396441476630443e-01
966	2.9626489559301999e-01	1.3988198017446543e+00	9.3396441476630443e-01
967	3.0299818867467954e-01	1.4306111608752146e+00	9.3396441476630443e-01
968	3.0973148175633902e-01	1.4624025200057751e+00	9.3396441476630454e-01
969	3.1646477483799867e-01	1.4941938791363354e+00	9.3396441476630443e-01
970	3.2319806791965811e-01	1.5259852382668955e+00	9.3396441476630454e-01
971	3.2993136100131770e-01	1.5577765973974558e+00	9.3396441476630454e-01
972	3.3666465408297724e-01	1.5895679565280163e+00	9.3396441476630454e-01
973	3.4339794716463684e-01	1.6213593156585764e+00	9.3396441476630454e-01
974	3.5013124024629622e-01	1.6531506747891369e+00	9.3396441476630454e-01
975	3.5686453332795581e-01	1.6849420339196974e+00	9.3396441476630454e-01
976	3.6359782640961547e-01	1.7167333930502575e+00	9.3396441476630443e-01
977	3.7033111949127495e-01	1.7485247521808180e+00	9.3396441476630454e-01
978	3.7706441257293444e-01	1.7803161113113781e+00	9.3396441476630454e-01
979	3.8379770565459403e-01	1.8121074704419384e+00	9.3396441476630454e-01
980	3.9053099873625358e-01	1.8438988295724990e+00	9.3396441476630454e-01
981	3.9726429181791312e-01	1.8756901887030590e+00	9.3396441476630454e-01
982	4.0399758489957271e-01	1.9074815478336196e+00	9.3396441476630454e-01
983	4.1073087798123220e-01	1.9392729069641799e+00	9.3396441476630454e-01
984	4.1521974003567186e-01	1.9604671463845535e+00	9.3396441476630454e-01
985	4.1746417106289180e-01	1.9710642660947402e+00	9.3396441476630454e-01
986	1.5671152275084055e-01	9.9218344035771888e-01	9.4859383672576936e-01
987	1.5839659288794633e-01	1.0028520795013502e+00	9.4859383672576936e-01
988	1.6176673316215795e-01	1.0241893577886130e+00	9.4859383672576936e-01
989	1.6682194357347538e-01	1.0561952752195072e+00	9.4859383672576936e-01
990	1.7187715398479281e-01	1.0882011926504014e+00	9.4859383672576936e-01
991	1.7693236439611029e-01	1.1202071100812956e+00	9.4859383672576936e-01
992	1.8198757480742772e-01	1.1522130275121896e+00	9.4859383672576936e-01
993	1.8704278521874518e-01	1.1842189449430838e+00	9.4859383672576925e-01
994	1.9209799563006258e-01	1.2162248623739780e+00	9.4859383672576936e-01
995	1.9715320604138004e-01	1.2482307798048722e+00	9.4859383672576936e-01
996	2.0220841645269744e-01	1.2802366972357662e+00	9.4859383672576958e-01
997	2.0726362686401487e-01	1.3122426146666604e+00	9.4859383672576936e-01
998	2.1231883727533230e-01	1.3442485320975543e+00	9.4859383672576947e-01
999	2.1737404768664981e-01	1.3762544495284488e+00	9.4859383672576925e-01
1000	2.2242925809796718e-01	1.4082603669593430e+00	9.4859383672576925e-01
1001	2.2748446850928464e-01	1.4402662843902370e+00	9.4859383672576925e-01
1002	2.3253967892060204e-01	1.4722722018211314e+00	9.4859383672576936e-01
1003	2.3759488933191952e-01	1.5042781192520251e+00	9.4859383672576925e-01
1004	2.4265009974323692e-01	1.5362840366829196e+00	9.4859383672576936e-01
1005	2.4770531015455438e-01	1.5682899541138136e+00	9.4859383672576936e-01
1006	2.5276052056587184e-01	1.6002958715447080e+00	9.4859383672576936e-01
1007	2.5781573097718929e-01	1.6323017889756017e+00	9.4859383672576936e-01
1008	2.6287094138850664e-01	1.6643077064064959e+00	9.4859383672576936e-01
1009	2.6792615179982410e-01	1.6963136238373904e+00	9.4859383672576936e-01
1010	2.7298136221114155e-01	1.7283195412682844e+00	9.4859383672576925e-01
1011	2.7803657262245896e-01	1.7603254586991788e+00	9.4859383672576936e-01
1012	2.8309178303377641e-01	1.7923313761300728e+00	9.4859383672576936e-01
1013	2.8814699344509387e-01	1.8243372935609670e+00	9.4859383672576936e-01
1014	2.9320220385641127e-01	1.8563432109918612e+00	9.4859383672576936e-01
1015	2.9825741426772873e-01	1.8883491284227554e+00	9.4859383672576936e-01
1016	3.0331262467904618e-01	1.9203550458536494e+00	9.4859383672576936e-01
1017	3.0836783509036358e-01	1.9523609632845438e+00	9.4859383672576936e-01
1018	3.1173797536457520e-01	1.9736982415718063e+00	9.4859383672576936e-01
1019	3.1342304550168110e-01	1.9843668807154378e+00	9.4859383672576936e-01
1020	1.0452259058529964e-01	9.9677556729756278e-01	9.6444237718185633e-01
1021	1.0564648940879751e-01	1.0074935841502248e+00	9.6444237718185633e-01
1022	1.0789428705579317e-01	1.0289296178555487e+00	9.6444237718185644e-01
1023	1.1126598352628671e-01	1.0610836684135343e+00	9.6444237718185644e-01
1024	1.1463767999678023e-01	1.0932377189715203e+00	9.6444237718185644e-01
1025	1.1800937646727382e-01	1.1253917695295066e+00	9.6444237718185633e-01
1026	1.2138107293776733e-01	1.1575458200874924e+00	9.6444237718185633e-01
1027	1.2475276940826086e-01	1.1896998706454782e+00	9.6444237718185621e-01
1028	1.2812446587875440e-01	1.2218539212034643e+00	9.6444237718185633e-01
1029	1.3149616234924796e-01	1.2540079717614501e+00	9.6444237718185633e-01
1030	1.3486785881974148e-01	1.2861620223194354e+00	9.6444237718185666e-01
1031	1.3823955529023499e-01	1.3183160728774217e+00	9.6444237718185644e-01
1032	1.4161125176072847e-01	1.3504701234354073e+00	9.6444237718185666e-01
1033	1.4498294823122213e-01	1.3826241739933938e+00	9.6444237718185621e-01
1034	1.4835464470171564e-01	1.4147782245513796e+00	9.6444237718185610e-01
1035	1.5172634117220918e-01	1.4469322751093654e+00	9.6444237718185610e-01
1036	1.5509803764270269e-01	1.4790863256673512e+00	9.6444237718185633e-01
1037	1.5846973411319626e-01	1.5112403762253370e+00	9.6444237718185621e-01
1038	1.6184143058368977e-01	1.5433944267833233e+00	9.6444237718185633e-01
1039	1.6521312705418331e-01	1.5755484773413093e+00	9.6444237718185633e-01
1040	1.6858482352467685e-01	1.6077025278992949e+00	9.6444237718185644e-01
1041	1.7195651999517039e-01	1.6398565784572803e+00	9.6444237718185644e-01
1042	1.7532821646566391e-01	1.6720106290152668e+00	9.6444237718185633e-01
1043	1.7869991293615742e-01	1.7041646795732524e+00	9.6444237718185644e-01
1044	1.8207160940665099e-01	1.7363187301312386e+00	9.6444237718185621e-01
1045	1.8544330587714453e-01	1.7684727806892246e+00	9.6444237718185633e-01
1046	1.8881500234763804e-01	1.8006268312472102e+00	9.6444237718185633e-01
1047	1.9218669881813161e-01	1.8327808818051960e+00	9.6444237718185633e-01
1048	1.9555839528862515e-01	1.8649349323631823e+00	9.6444237718185633e-01
1049	1.9893009175911866e-01	1.8970889829211681e+00	9.6444237718185633e-01
1050	2.0230178822961223e-01	1.9292430334791542e+00	9.6444237718185633e-01
1051	2.0567348470010571e-01	1.9613970840371395e+00	9.6444237718185633e-01
1052	2.0792128234710142e-01	1.9828331177424636e+00	9.6444237718185633e-01
1053	2.0904518117059928e-01	1.9935511345951256e+00	9.6444237718185633e-01
1054	5.2327847027713044e-02	9.9943121905404664e-01	9.8151003613456522e-01
1055	5.2890512049516412e-02	1.0101777913019396e+00	9.8151003613456522e-01
1056	5.4015842093123156e-02	1.0316709357977256e+00	9.8151003613456522e-01
1057	5.5703837158533248e-02	1.0639106525414044e+00	9.8151003613456522e-01
1058	5.7391832223943347e-02	1.0961503692850834e+00	9.8151003613456522e-01
1059	5.9079827289353459e-02	1.1283900860287623e+00	9.8151003613456522e-01
1060	6.0767822354763551e-02	1.1606298027724413e+00	9.8151003613456522e-01
1061	6.2455817420173650e-02	1.1928695195161201e+00	9.8151003613456511e-01
1062	6.4143812485583734e-02	1.2251092362597993e+00	9.8151003613456522e-01
1063	6.5831807550993854e-02	1.2573489530034780e+00	9.8151003613456522e-01
1064	6.7519802616403946e-02	1.2895886697471566e+00	9.8151003613456544e-01
1065	6.9207797681814023e-02	1.3218283864908358e+00	9.8151003613456522e-01
1066	7.0895792747224129e-02	1.3540681032345145e+00	9.8151003613456544e-01
1067	7.2583787812634235e-02	1.3863078199781937e+00	9.8151003613456511e-01
1068	7.4271782878044340e-02	1.4185475367218729e+00	9.8151003613456500e-01
1069	7.5959777943454432e-02	1.4507872534655517e+00	9.8151003613456500e-01
1070	7.7647773008864523e-02	1.4830269702092305e+00	9.8151003613456522e-01
1071	7.9335768074274629e-02	1.5152666869529092e+00	9.8151003613456511e-01
1072	8.1023763139684721e-02	1.5475064036965882e+00	9.8151003613456522e-01
1073	8.2711758205094826e-02	1.5797461204402672e+00	9.8151003613456522e-01
1074	8.4399753270504932e-02	1.6119858371839459e+00	9.8151003613456522e-01
1075	8.6087748335915024e-02	1.6442255539276249e+00	9.8151003613456522e-01
1076	8.7775743401325115e-02	1.6764652706713041e+00	9.8151003613456522e-01
1077	8.9463738466735207e-02	1.7087049874149831e+00	9.8151003613456522e-01
1078	9.1151733532145326e-02	1.7409447041586619e+00	9.8151003613456511e-01
1079	9.2839728597555418e-02	1.7731844209023409e+00	9.8151003613456522e-01
1080	9.4527723662965496e-02	1.8054241376460196e+00	9.8151003613456522e-01
1081	9.6215718728375615e-02	1.8376638543896986e+00	9.8151003613456522e-01
1082	9.7903713793785707e-02	1.8699035711333778e+00	9.8151003613456522e-01
1083	9.9591708859195785e-02	1.9021432878770568e+00	9.8151003613456522e-01
1084	1.0127970392460592e-01	1.9343830046207353e+00	9.8151003613456522e-01
1085	1.0296769899001600e-01	1.9666227213644143e+00	9.8151003613456522e-01
1086	1.0409302903362272e-01	1.9881158658602003e+00	9.8151003613456522e-01
1087	1.0465569405542609e-01	1.9988624381080933e+00	9.8151003613456522e-01
1088	1.7415889246976554e-02	1.0000000000000000e+00	9.9370122110078596e-01
1089	1.7603156873288131e-02	1.0107526881720432e+00	9.9370122110078596e-01
1090	1.7977692125911285e-02	1.0322580645161290e+00	9.9370122110078596e-01
1091	1.8539495004846012e-02	1.0645161290322580e+00	9.9370122110078596e-01
1092	1.9101297883780736e-02	1.0967741935483870e+00	9.9370122110078596e-01
1093	1.9663100762715473e-02	1.1290322580645165e+00	9.9370122110078596e-01
1094	2.0224903641650197e-02	1.1612903225806455e+00	9.9370122110078596e-01
1095	2.0786706520584924e-02	1.1935483870967742e+00	9.9370122110078585e-01
1096	2.1348509399519652e-02	1.2258064516129032e+00	9.9370122110078596e-01
1097	2.1910312278454382e-02	1.2580645161290325e+00	9.9370122110078596e-01
1098	2.2472115157389110e-02	1.2903225806451610e+00	9.9370122110078618e-01
1099	2.3033918036323833e-02	1.3225806451612903e+00	9.9370122110078596e-01
1100	2.3595720915258554e-02	1.3548387096774193e+00	9.9370122110078618e-01
1101	2.4157523794193291e-02	1.3870967741935485e+00	9.9370122110078585e-01
1102	2.4719326673128018e-02	1.4193548387096775e+00	9.9370122110078574e-01
1103	2.5281129552062749e-02	1.4516129032258067e+00	9.9370122110078574e-01
1104	2.5842932430997469e-02	1.4838709677419357e+00	9.9370122110078596e-01
1105	2.6404735309932207e-02	1.5161290322580645e+00	9.9370122110078585e-01
1106	2.6966538188866927e-02	1.5483870967741935e+00	9.9370122110078596e-01
1107	2.7528341067801651e-02	1.5806451612903227e+00	9.9370122110078596e-01
1108	2.8090143946736385e-02	1.6129032258064515e+00	9.9370122110078596e-01
1109	2.8651946825671112e-02	1.6451612903225805e+00	9.9370122110078596e-01
1110	2.9213749704605833e-02	1.6774193548387097e+00	9.9370122110078596e-01
1111	2.9775552583540563e-02	1.7096774193548390e+00	9.9370122110078596e-01
1112	3.0337355462475294e-02	1.7419354838709677e+00	9.9370122110078585e-01
1113	3.0899158341410021e-02	1.7741935483870970e+00	9.9370122110078596e-01
1114	3.1460961220344738e-02	1.8064516129032258e+00	9.9370122110078596e-01
1115	3.2022764099279483e-02	1.8387096774193548e+00	9.9370122110078596e-01
1116	3.2584566978214206e-02	1.8709677419354840e+00	9.9370122110078596e-01
1117	3.3146369857148930e-02	1.9032258064516130e+00	9.9370122110078596e-01
1118	3.3708172736083668e-02	1.9354838709677420e+00	9.9370122110078596e-01
1119	3.4269975615018385e-02	1.9677419354838710e+00	9.9370122110078596e-01
1120	3.4644510867641531e-02	1.9892473118279570e+00	9.9370122110078596e-01
1121	3.4831778493953108e-02	2.0000000000000000e+00	9.9370122110078596e-01
1122	0.0000000000000000e+00	1.0000000000000000e+00	1.0000000000000000e+00
1123	0.0000000000000000e+00	1.0107526881720430e+00	1.0000000000000000e+00
1124	0.0000000000000000e+00	1.0322580645161290e+00	1.0000000000000000e+00
1125	0.0000000000000000e+00	1.0645161290322580e+00	1.0000000000000000e+00
1126	0.0000000000000000e+00	1.0967741935483870e+00	1.0000000000000000e+00
1127	0.0000000000000000e+00	1.1290322580645162e+00	1.0000000000000000e+00
1128	0.0000000000000000e+00	1.1612903225806452e+00	1.0000000000000000e+00
1129	0.0000000000000000e+00	1.1935483870967742e+00	9.9999999999999989e-01
1130	0.0000000000000000e+00	1.2258064516129032e+00	1.0000000000000000e+00
1131	0.0000000000000000e+00	1.2580645161290323e+00	1.0000000000000000e+00
1132	0.0000000000000000e+00	1.2903225806451610e+00	1.0000000000000002e+00
1133	0.0000000000000000e+00	1.3225806451612903e+00	1.0000000000000000e+00
1134	0.0000000000000000e+00	1.3548387096774193e+00	1.0000000000000002e+00
1135	0.0000000000000000e+00	1.3870967741935485e+00	9.9999999999999989e-01
1136	0.0000000000000000e+00	1.4193548387096775e+00	9.9999999999999978e-01
1137	0.0000000000000000e+00	1.4516129032258065e+00	9.9999999999999978e-01
1138	0.0000000000000000e+00	1.4838709677419355e+00	1.0000000000000000e+00
1139	0.0000000000000000e+00	1.5161290322580645e+00	9.9999999999999989e-01
1140	0.0000000000000000e+00	1.5483870967741935e+00	1.0000000000000000e+00
1141	0.0000000000000000e+00	1.5806451612903227e+00	1.0000000000000000e+00
1142	0.0000000000000000e+00	1.6129032258064515e+00	1.0000000000000000e+00
1143	0.0000000000000000e+00	1.6451612903225805e+00	1.0000000000000000e+00
1144	0.0000000000000000e+00	1.6774193548387097e+00	1.0000000000000000e+00
1145	0.0000000000000000e+00	1.7096774193548387e+00	1.0000000000000000e+00
1146	0.0000000000000000e+00	1.7419354838709677e+00	9.9999999999999989e-01
1147	0.0000000000000000e+00	1.7741935483870970e+00	1.0000000000000000e+00
1148	0.0000000000000000e+00	1.8064516129032258e+00	1.0000000000000000e+00
1149	0.0000000000000000e+00	1.8387096774193548e+00	1.0000000000000000e+00
1150	0.0000000000000000e+00	1.8709677419354840e+00	1.0000000000000000e+00
1151	0.0000000000000000e+00	1.9032258064516130e+00	1.0000000000000000e+00
1152	0.0000000000000000e+00	1.9354838709677420e+00	1.0000000000000000e+00
1153	0.0000000000000000e+00	1.9677419354838710e+00	1.0000000000000000e+00
1154	0.0000000000000000e+00	1.9892473118279570e+00	1.0000000000000000e+00
1155	0.0000000000000000e+00	2.0000000000000000e+00	1.0000000000000000e+00

0   1   0.0
1   1   0.0
2   1   0.0
3   1   0.0
4   1   0.0
5   1   0.0
6   1   0.0
7   1   0.0
8   1   0.0
9   1   0.0
10  1   0.0
11  1   0.0
12  1   0.0
13  1   0.0
14  1   0.0
15  1   0.0
16  1   0.0
17  1   0.0
18  1   0.0
19  1   0.0
20  1   0.0
21  1   0.0
22  1   0.0
23  1   0.0
24  1   0.0
25  1   0.0
26  1   0.0
27  1   0.0
28  1   0.0
29  1   0.0
30  1   0.0
31  1   0.0
32  1   0.0
33  1   0.0
67  1   0.0
101 1   0.0
135 1   0.0
169 1   0.0
203 1   0.0
237 1   0.0
271 1   0.0
305 1   0.0
339 1   0.0
373 1   0.0
407 1   0.0
441 1   0.0
475 1   0.0
509 1   0.0
543 1   0.0
577 1   0.0
611 1   0.0
645 1   0.0
679 1   0.0
713 1   0.0
747 1   0.0
781 1   0.0
815 1   0.0
849 1   0.0
883 1   0.0
917 1   0.0
951 1   0.0
985 1   0.0
1019    1   0.0
1053    1   0.0
1087    1   0.0
1121    1   0.0
1155    1   0.0
33  0   0.0
67  0   0.0
101 0   0.0
135 0   0.0
169 0   0.0
203 0   0.0
237 0   0.0
271 0   0.0
305 0   0.0
339 0   0.0
373 0   0.0
407 0   0.0
441 0   0.0
475 0   0.0
509 0   0.0
543 0   0.0
577 0   0.0
611 0   0.0
645 0   0.0
679 0   0.0
713 0   0.0
747 0   0.0
781 0   0.0
815 0   0.0
849 0   0.0
883 0   0.0
917 0   0.0
951 0   0.0
985 0   0.0
1019    0   0.0
1053    0   0.0
1087    0   0.0
1121    0   0.0
1122    0   0.0
1123    0   0.0
1124    0   0.0
1125    0   0.0
1126    0   0.0
1127    0   0.0
1128    0   0.0
1129    0   0.0
1130    0   0.0
1131    0   0.0
1132    0   0.0
1133    0   0.0
1134    0   0.0
1135    0   0.0
1136    0   0.0
1137    0   0.0
1138    0   0.0
1139    0   0.0
1140    0   0.0
1141    0   0.0
1142    0   0.0
1143    0   0.0
1144    0   0.0
1145    0   0.0
1146    0   0.0
1147    0   0.0
1148    0   0.0
1149    0   0.0
1150    0   0.0
1151    0   0.0
1152    0   0.0
1153    0   0.0
1154    0   0.0
1155    0   0.0