1000    0.3

1

100

3	3

14	14

10	10

0   1   2   3   4   5   6   7   8   9   10   11   12   13   14   15   16   17   18   19   20   21   22   23   24   25   26   27   28   29   30   31   32   33   34   35   36   37   38   39   40   41   42   43   44   45   46   47   48   49   50   51   52   53   54   55   56   57   58   59   60   61   62   63   64   65   66   67   68   69   70   71   72   73   74   75   76   77   78   79   80   81   82   83   84   85   86   87   88   89   90   91   92   93   94   95   96   97   98   99

38  0   0

0.0000000000000000e+00	0.0000000000000000e+00	0.0000000000000000e+00	0.0000000000000000e+00	1.4285714285714285e-01	2.8571428571428570e-01	4.2857142857142855e-01	5.7142857142857140e-01	7.1428571428571430e-01	8.5714285714285710e-01	1.0000000000000000e+00	1.0000000000000000e+00	1.0000000000000000e+00	1.0000000000000000e+00
0.0000000000000000e+00	0.0000000000000000e+00	0.0000000000000000e+00	0.0000000000000000e+00	1.4285714285714285e-01	2.8571428571428570e-01	4.2857142857142855e-01	5.7142857142857140e-01	7.1428571428571430e-01	8.5714285714285710e-01	1.0000000000000000e+00	1.0000000000000000e+00	1.0000000000000000e+00	1.0000000000000000e+00

0	1.0000000000000000e+00	0.0000000000000000e+00	1.0000000000000000e+00
1	1.1904761904761905e+00	0.0000000000000000e+00	1.0000000000000000e+00
2	1.5714285714285714e+00	0.0000000000000000e+00	1.0000000000000000e+00
3	2.1428571428571432e+00	0.0000000000000000e+00	9.9999999999999989e-01
4	2.7142857142857140e+00	0.0000000000000000e+00	1.0000000000000000e+00
5	3.2857142857142865e+00	0.0000000000000000e+00	1.0000000000000000e+00
6	3.8571428571428572e+00	0.0000000000000000e+00	1.0000000000000000e+00
7	4.4285714285714288e+00	0.0000000000000000e+00	1.0000000000000000e+00
8	4.8095238095238093e+00	0.0000000000000000e+00	1.0000000000000000e+00
9	5.0000000000000000e+00	0.0000000000000000e+00	1.0000000000000000e+00
10	1.0000000000000000e+00	6.9275926699411725e-02	9.7210540773205223e-01
11	1.1904761904761905e+00	8.2471341308823498e-02	9.7210540773205223e-01
12	1.5714285714285714e+00	1.0886217052764699e-01	9.7210540773205223e-01
13	2.1428571428571428e+00	1.4844841435588227e-01	9.7210540773205212e-01
14	2.7142857142857140e+00	1.8803465818411752e-01	9.7210540773205223e-01
15	3.2857142857142860e+00	2.2762090201235283e-01	9.7210540773205223e-01
16	3.8571428571428572e+00	2.6720714584058802e-01	9.7210540773205223e-01
17	4.4285714285714288e+00	3.0679338966882336e-01	9.7210540773205223e-01
18	4.8095238095238093e+00	3.3318421888764682e-01	9.7210540773205223e-01
19	5.0000000000000009e+00	3.4637963349705864e-01	9.7210540773205223e-01
20	9.8528005335336311e-01	2.1248285440492004e-01	9.2428610670128442e-01
21	1.1729524444682893e+00	2.5295577905347622e-01	9.2428610670128453e-01
22	1.5482972266981418e+00	3.3390162835058862e-01	9.2428610670128442e-01
23	2.1113144000429211e+00	4.5532040229625725e-01	9.2428610670128419e-01
24	2.6743315733876996e+00	5.7673917624192572e-01	9.2428610670128442e-01
25	3.2373487467324789e+00	6.9815795018759441e-01	9.2428610670128442e-01
26	3.8003659200772573e+00	8.1957672413326299e-01	9.2428610670128442e-01
27	4.3633830934220361e+00	9.4099549807893168e-01	9.2428610670128442e-01
28	4.7387278756518887e+00	1.0219413473760439e+00	9.2428610670128442e-01
29	4.9264002667668159e+00	1.0624142720245999e+00	9.2428610670128442e-01
30	9.1462319908904877e-01	4.2564697568996424e-01	8.7646680567051660e-01
31	1.0888371417726770e+00	5.0672259010710030e-01	8.7646680567051671e-01
32	1.4372650271399339e+00	6.6887381894137243e-01	8.7646680567051660e-01
33	1.9599068551908192e+00	9.1210066219278074e-01	8.7646680567051638e-01
34	2.4825486832417036e+00	1.1553275054441887e+00	8.7646680567051660e-01
35	3.0051905112925894e+00	1.3985543486955969e+00	8.7646680567051660e-01
36	3.5278323393434738e+00	1.6417811919470051e+00	8.7646680567051660e-01
37	4.0504741673943592e+00	1.8850080351984129e+00	8.7646680567051660e-01
38	4.3989020527616152e+00	2.0471592640326848e+00	8.7646680567051660e-01
39	4.5731159954452432e+00	2.1282348784498208e+00	8.7646680567051660e-01
40	7.9254089039093678e-01	6.2497776339900124e-01	8.5255715515513286e-01
41	9.4350105998921052e-01	7.4402114690357291e-01	8.5255715515513286e-01
42	1.2454213991857577e+00	9.8210791391271612e-01	8.5255715515513286e-01
43	1.6983019079805799e+00	1.3392380644264317e+00	8.5255715515513253e-01
44	2.1511824167753999e+00	1.6963682149401460e+00	8.5255715515513286e-01
45	2.6040629255702217e+00	2.0534983654538612e+00	8.5255715515513286e-01
46	3.0569434343650417e+00	2.4106285159675762e+00	8.5255715515513286e-01
47	3.5098239431598630e+00	2.7677586664812912e+00	8.5255715515513286e-01
48	3.8117442823564107e+00	3.0058454334904341e+00	8.5255715515513286e-01
49	3.9627044519546843e+00	3.1248888169950062e+00	8.5255715515513286e-01
50	6.2497776339900124e-01	7.9254089039093689e-01	8.5255715515513286e-01
51	7.4402114690357291e-01	9.4350105998921052e-01	8.5255715515513286e-01
52	9.8210791391271635e-01	1.2454213991857579e+00	8.5255715515513286e-01
53	1.3392380644264319e+00	1.6983019079805799e+00	8.5255715515513253e-01
54	1.6963682149401460e+00	2.1511824167753999e+00	8.5255715515513286e-01
55	2.0534983654538612e+00	2.6040629255702212e+00	8.5255715515513286e-01
56	2.4106285159675762e+00	3.0569434343650426e+00	8.5255715515513286e-01
57	2.7677586664812912e+00	3.5098239431598630e+00	8.5255715515513286e-01
58	3.0058454334904345e+00	3.8117442823564107e+00	8.5255715515513286e-01
59	3.1248888169950058e+00	3.9627044519546848e+00	8.5255715515513286e-01
60	4.2564697568996418e-01	9.1462319908904866e-01	8.7646680567051671e-01
61	5.0672259010710030e-01	1.0888371417726770e+00	8.7646680567051671e-01
62	6.6887381894137221e-01	1.4372650271399336e+00	8.7646680567051671e-01
63	9.1210066219278052e-01	1.9599068551908190e+00	8.7646680567051649e-01
64	1.1553275054441883e+00	2.4825486832417036e+00	8.7646680567051671e-01
65	1.3985543486955965e+00	3.0051905112925890e+00	8.7646680567051671e-01
66	1.6417811919470049e+00	3.5278323393434734e+00	8.7646680567051671e-01
67	1.8850080351984126e+00	4.0504741673943592e+00	8.7646680567051671e-01
68	2.0471592640326848e+00	4.3989020527616152e+00	8.7646680567051671e-01
69	2.1282348784498208e+00	4.5731159954452432e+00	8.7646680567051671e-01
70	2.1248285440492004e-01	9.8528005335336299e-01	9.2428610670128442e-01
71	2.5295577905347622e-01	1.1729524444682895e+00	9.2428610670128442e-01
72	3.3390162835058856e-01	1.5482972266981418e+00	9.2428610670128442e-01
73	4.5532040229625725e-01	2.1113144000429211e+00	9.2428610670128419e-01
74	5.7673917624192572e-01	2.6743315733876991e+00	9.2428610670128442e-01
75	6.9815795018759452e-01	3.2373487467324793e+00	9.2428610670128442e-01
76	8.1957672413326299e-01	3.8003659200772573e+00	9.2428610670128442e-01
77	9.4099549807893146e-01	4.3633830934220361e+00	9.2428610670128442e-01
78	1.0219413473760439e+00	4.7387278756518887e+00	9.2428610670128442e-01
79	1.0624142720245999e+00	4.9264002667668159e+00	9.2428610670128442e-01
80	6.9275926699411738e-02	1.0000000000000000e+00	9.7210540773205212e-01
81	8.2471341308823512e-02	1.1904761904761905e+00	9.7210540773205212e-01
82	1.0886217052764702e-01	1.5714285714285714e+00	9.7210540773205212e-01
83	1.4844841435588232e-01	2.1428571428571432e+00	9.7210540773205201e-01
84	1.8803465818411760e-01	2.7142857142857140e+00	9.7210540773205212e-01
85	2.2762090201235291e-01	3.2857142857142865e+00	9.7210540773205212e-01
86	2.6720714584058819e-01	3.8571428571428572e+00	9.7210540773205212e-01
87	3.0679338966882347e-01	4.4285714285714288e+00	9.7210540773205212e-01
88	3.3318421888764699e-01	4.8095238095238093e+00	9.7210540773205212e-01
89	3.4637963349705869e-01	5.0000000000000009e+00	9.7210540773205212e-01
90	0.0000000000000000e+00	1.0000000000000000e+00	1.0000000000000000e+00
91	0.0000000000000000e+00	1.1904761904761905e+00	1.0000000000000000e+00
92	0.0000000000000000e+00	1.5714285714285714e+00	1.0000000000000000e+00
93	0.0000000000000000e+00	2.1428571428571432e+00	9.9999999999999989e-01
94	0.0000000000000000e+00	2.7142857142857140e+00	1.0000000000000000e+00
95	0.0000000000000000e+00	3.2857142857142865e+00	1.0000000000000000e+00
96	0.0000000000000000e+00	3.8571428571428572e+00	1.0000000000000000e+00
97	0.0000000000000000e+00	4.4285714285714288e+00	1.0000000000000000e+00
98	0.0000000000000000e+00	4.8095238095238093e+00	1.0000000000000000e+00
99	0.0000000000000000e+00	5.0000000000000000e+00	1.0000000000000000e+00

0   1   0.0
1   1   0.0
2   1   0.0
3   1   0.0
4   1   0.0
5   1   0.0
6   1   0.0
7   1   0.0
8   1   0.0
9   1   0.0
19  1   0.0
29  1   0.0
39  1   0.0
49  1   0.0
59  1   0.0
69  1   0.0
79  1   0.0
89  1   0.0
99  1   0.0
9   0   0.0
19  0   0.0
29  0   0.0
39  0   0.0
49  0   0.0
59  0   0.0
69  0   0.0
79  0   0.0
89  0   0.0
90  0   0.0
91  0   0.0
92  0   0.0
93  0   0.0
94  0   0.0
95  0   0.0
96  0   0.0
97  0   0.0
98  0   0.0
99  0   0.0