label=Strain@IntegrationPoint
num_items=128

0:	 3.588482e-04	 5.251132e-04	 2.147810e-04	 0.000000e+00	 6.099823e-05	 1.416650e-04	 5.065373e-05	 0.000000e+00	 2.449547e-05	 9.296067e-05	 1.801338e-05	 0.000000e+00	 2.261991e-04	 6.837526e-04	 2.970410e-04	 0.000000e+00	 2.873134e-05	 1.649004e-04	 6.033103e-05	 0.000000e+00	 5.701874e-06	 9.899756e-05	 2.616046e-05	 0.000000e+00	-6.459937e-05	 8.423921e-04	 2.840093e-04	 0.000000e+00	-2.821049e-05	 1.881359e-04	 5.337915e-05	 0.000000e+00	-2.676905e-05	 1.050344e-04	 2.766982e-05	 0.000000e+00	
1:	-5.143721e-05	 7.367455e-04	 2.630725e-04	 0.000000e+00	-4.790125e-05	 1.965693e-04	 3.863430e-05	 0.000000e+00	-4.062087e-05	 1.279579e-04	 4.065557e-06	 0.000000e+00	-1.237175e-04	 9.344518e-04	-1.345790e-04	 0.000000e+00	-6.575995e-05	 2.328346e-04	-4.679760e-05	 0.000000e+00	-4.274788e-05	 1.437175e-04	-4.347315e-05	 0.000000e+00	-1.959978e-04	 8.620865e-04	-5.584278e-04	 0.000000e+00	-8.361865e-05	 2.128582e-04	-1.456845e-04	 0.000000e+00	-4.487488e-05	 1.303954e-04	-9.601706e-05	 0.000000e+00	
2:	-5.102852e-05	 6.827747e-04	-1.086454e-03	 0.000000e+00	-4.437944e-05	 1.721330e-04	-2.422958e-04	 0.000000e+00	-3.477492e-05	 1.072730e-04	-1.340864e-04	 0.000000e+00	 1.002892e-04	 3.435665e-04	-9.485100e-04	 0.000000e+00	-2.733605e-06	 9.358962e-05	-2.164518e-04	 0.000000e+00	-2.266532e-05	 6.183838e-05	-1.268912e-04	 0.000000e+00	 2.516069e-04	 5.129770e-05	-7.517980e-04	 0.000000e+00	 3.891224e-05	 2.299102e-05	-1.621549e-04	 0.000000e+00	-1.055571e-05	 1.939560e-05	-1.071822e-04	 0.000000e+00	
3:	 2.797751e-04	-2.215378e-05	-6.316838e-04	 0.000000e+00	 3.400801e-05	 7.499706e-06	-1.395151e-04	 0.000000e+00	 1.800823e-06	 1.126619e-05	-7.811797e-05	 0.000000e+00	 2.469609e-04	-3.057204e-05	-3.319219e-04	 0.000000e+00	 2.566391e-05	 5.181937e-06	-7.385914e-05	 0.000000e+00	-1.662749e-06	 9.723288e-06	-3.951738e-05	 0.000000e+00	 3.627281e-05	-3.899030e-05	-2.737449e-05	 0.000000e+00	-2.003623e-05	 2.864169e-06	-6.961747e-06	 0.000000e+00	-2.671016e-05	 8.180383e-06	-1.255160e-07	 0.000000e+00	
4:	-1.355373e-05	 7.562794e-05	 1.066494e-05	 0.000000e+00	-1.397043e-05	 5.102226e-05	 3.515770e-07	 0.000000e+00	-1.438713e-05	 4.284722e-05	-2.272008e-06	 0.000000e+00	-1.567028e-05	 7.837112e-05	 2.386716e-05	 0.000000e+00	-1.499292e-05	 5.177600e-05	 1.637492e-06	 0.000000e+00	-1.431556e-05	 4.274255e-05	-3.939197e-06	 0.000000e+00	-1.939812e-05	 8.111430e-05	 3.683973e-05	 0.000000e+00	-1.682102e-05	 5.252974e-05	 2.795414e-06	 0.000000e+00	-1.424392e-05	 4.263788e-05	-5.632715e-06	 0.000000e+00	
5:	-1.500031e-05	 4.484305e-05	-7.978043e-07	 0.000000e+00	-1.669081e-05	 4.752408e-05	 8.779522e-07	 0.000000e+00	-1.838132e-05	 4.749903e-05	 9.267609e-07	 0.000000e+00	-1.467127e-05	 4.471235e-05	-1.011410e-06	 0.000000e+00	-1.657102e-05	 4.744395e-05	 1.922066e-06	 0.000000e+00	-1.847077e-05	 4.748762e-05	 1.826748e-06	 0.000000e+00	-1.414437e-05	 4.458164e-05	-1.221285e-06	 0.000000e+00	-1.637938e-05	 4.736381e-05	 2.971542e-06	 0.000000e+00	-1.861438e-05	 4.747621e-05	 2.733727e-06	 0.000000e+00	
6:	-1.882311e-05	 4.639736e-05	 3.302473e-07	 0.000000e+00	-1.865082e-05	 4.505510e-05	-3.134301e-07	 0.000000e+00	-1.847852e-05	 4.475365e-05	-3.299085e-07	 0.000000e+00	-1.895040e-05	 4.643092e-05	 6.788246e-07	 0.000000e+00	-1.869892e-05	 4.512305e-05	-4.830626e-07	 0.000000e+00	-1.844743e-05	 4.479444e-05	-5.100941e-07	 0.000000e+00	-1.915525e-05	 4.646447e-05	 1.033259e-06	 0.000000e+00	-1.877894e-05	 4.519099e-05	-6.523699e-07	 0.000000e+00	-1.840263e-05	 4.483523e-05	-6.954865e-07	 0.000000e+00	
7:	-1.848279e-05	 4.499864e-05	-9.845784e-08	 0.000000e+00	-1.866976e-05	 4.524714e-05	 1.490336e-07	 0.000000e+00	-1.885673e-05	 4.515010e-05	 1.494135e-07	 0.000000e+00	-1.843722e-05	 4.499992e-05	-1.141980e-07	 0.000000e+00	-1.865360e-05	 4.521013e-05	 2.778706e-07	 0.000000e+00	-1.886998e-05	 4.512227e-05	 2.626401e-07	 0.000000e+00	-1.836884e-05	 4.500119e-05	-1.355130e-07	 0.000000e+00	-1.862903e-05	 4.517312e-05	 4.053998e-07	 0.000000e+00	-1.888922e-05	 4.509445e-05	 3.788259e-07	 0.000000e+00	
8:	-1.890878e-05	 4.495540e-05	 5.441304e-08	 0.000000e+00	-1.890067e-05	 4.470113e-05	-4.823853e-08	 0.000000e+00	-1.889257e-05	 4.459362e-05	-5.067772e-08	 0.000000e+00	-1.892723e-05	 4.495157e-05	 1.058388e-07	 0.000000e+00	-1.890762e-05	 4.472176e-05	-5.425324e-08	 0.000000e+00	-1.888800e-05	 4.461056e-05	-5.847589e-08	 0.000000e+00	-1.895443e-05	 4.494774e-05	 1.607289e-07	 0.000000e+00	-1.891830e-05	 4.474239e-05	-5.933474e-08	 0.000000e+00	-1.888217e-05	 4.462749e-05	-6.787205e-08	 0.000000e+00	
9:	-1.889394e-05	 4.459003e-05	-1.350099e-08	 0.000000e+00	-1.890675e-05	 4.455421e-05	 2.607784e-08	 0.000000e+00	-1.891957e-05	 4.446223e-05	 2.548446e-08	 0.000000e+00	-1.888728e-05	 4.459370e-05	-4.485628e-09	 0.000000e+00	-1.890443e-05	 4.454409e-05	 4.842305e-08	 0.000000e+00	-1.892157e-05	 4.445376e-05	 4.519232e-08	 0.000000e+00	-1.887832e-05	 4.459736e-05	 2.598422e-09	 0.000000e+00	-1.890123e-05	 4.453398e-05	 7.022264e-08	 0.000000e+00	-1.892414e-05	 4.444528e-05	 6.574026e-08	 0.000000e+00	
10:	-1.891978e-05	 4.438603e-05	 9.689801e-09	 0.000000e+00	-1.890768e-05	 4.426445e-05	-6.681604e-09	 0.000000e+00	-1.889558e-05	 4.416159e-05	-5.419530e-09	 0.000000e+00	-1.892251e-05	 4.438458e-05	 2.303496e-08	 0.000000e+00	-1.890862e-05	 4.426997e-05	 8.454519e-10	 0.000000e+00	-1.889472e-05	 4.416539e-05	 1.096823e-09	 0.000000e+00	-1.892611e-05	 4.438314e-05	 3.739632e-08	 0.000000e+00	-1.890998e-05	 4.427549e-05	 8.608307e-09	 0.000000e+00	-1.889385e-05	 4.416919e-05	 7.068573e-09	 0.000000e+00	
11:	-1.887813e-05	 4.410764e-05	 1.689054e-09	 0.000000e+00	-1.883023e-05	 4.398395e-05	 5.952082e-09	 0.000000e+00	-1.878234e-05	 4.381519e-05	-1.436568e-09	 0.000000e+00	-1.887705e-05	 4.410714e-05	 8.166149e-09	 0.000000e+00	-1.883021e-05	 4.398094e-05	 1.010585e-08	 0.000000e+00	-1.878337e-05	 4.381735e-05	 2.452376e-10	 0.000000e+00	-1.887584e-05	 4.410664e-05	 1.407253e-08	 0.000000e+00	-1.883006e-05	 4.397792e-05	 1.437960e-08	 0.000000e+00	-1.878429e-05	 4.381952e-05	 2.737695e-09	 0.000000e+00	
12:	-2.425062e-05	 7.190245e-05	 1.134377e-05	 0.000000e+00	-2.038725e-05	 5.665079e-05	 9.317096e-06	 0.000000e+00	-1.652388e-05	 4.909262e-05	 8.772394e-06	 0.000000e+00	-3.076736e-05	 6.001136e-05	-1.556986e-05	 0.000000e+00	-2.646504e-05	 5.449928e-05	-5.908492e-06	 0.000000e+00	-2.216272e-05	 5.076444e-05	 3.060125e-06	 0.000000e+00	-2.893253e-05	 4.812026e-05	-2.835907e-05	 0.000000e+00	-2.661034e-05	 5.234777e-05	-1.359066e-05	 0.000000e+00	-2.428814e-05	 5.243626e-05	-1.689728e-06	 0.000000e+00	
13:	-1.582357e-05	 4.792926e-05	 7.051015e-06	 0.000000e+00	-1.728034e-05	 4.681988e-05	 2.402340e-06	 0.000000e+00	-1.873711e-05	 4.616977e-05	 3.543498e-07	 0.000000e+00	-2.069096e-05	 4.936515e-05	 4.576254e-06	 0.000000e+00	-1.993558e-05	 4.762358e-05	 2.153638e-06	 0.000000e+00	-1.918020e-05	 4.662472e-05	 1.107738e-06	 0.000000e+00	-2.314505e-05	 5.080105e-05	 1.240621e-06	 0.000000e+00	-2.153901e-05	 4.842728e-05	 1.359354e-06	 0.000000e+00	-1.993298e-05	 4.707967e-05	 1.630835e-06	 0.000000e+00	
14:	-1.908098e-05	 4.598311e-05	 4.392959e-07	 0.000000e+00	-1.880592e-05	 4.569105e-05	 8.361297e-07	 0.000000e+00	-1.853086e-05	 4.539239e-05	 8.234538e-07	 0.000000e+00	-1.896621e-05	 4.635541e-05	 1.086836e-06	 0.000000e+00	-1.898621e-05	 4.597320e-05	 1.094126e-06	 0.000000e+00	-1.900621e-05	 4.562786e-05	 9.804054e-07	 0.000000e+00	-1.946392e-05	 4.672772e-05	 1.609906e-06	 0.000000e+00	-1.945807e-05	 4.625535e-05	 1.276019e-06	 0.000000e+00	-1.945222e-05	 4.586333e-05	 1.109621e-06	 0.000000e+00	
15:	-1.850540e-05	 4.522024e-05	 5.809531e-07	 0.000000e+00	-1.869300e-05	 4.499925e-05	 1.906317e-07	 0.000000e+00	-1.888060e-05	 4.488305e-05	 5.750224e-08	 0.000000e+00	-1.899984e-05	 4.544566e-05	 8.203420e-07	 0.000000e+00	-1.895795e-05	 4.519252e-05	 5.624392e-07	 0.000000e+00	-1.891607e-05	 4.501904e-05	 4.599541e-07	 0.000000e+00	-1.940450e-05	 4.567109e-05	 1.037938e-06	 0.000000e+00	-1.924634e-05	 4.538579e-05	 8.845083e-07	 0.000000e+00	-1.908818e-05	 4.515504e-05	 7.847224e-07	 0.000000e+00	
16:	-1.893011e-05	 4.485765e-05	 9.863161e-08	 0.000000e+00	-1.891266e-05	 4.479486e-05	 1.639229e-07	 0.000000e+00	-1.889520e-05	 4.469480e-05	 1.623479e-07	 0.000000e+00	-1.891093e-05	 4.495130e-05	 4.426482e-07	 0.000000e+00	-1.893516e-05	 4.483926e-05	 3.801183e-07	 0.000000e+00	-1.895939e-05	 4.472519e-05	 3.094992e-07	 0.000000e+00	-1.904231e-05	 4.504495e-05	 7.122620e-07	 0.000000e+00	-1.904285e-05	 4.488365e-05	 5.611305e-07	 0.000000e+00	-1.904338e-05	 4.475558e-05	 4.606867e-07	 0.000000e+00	
17:	-1.889450e-05	 4.462187e-05	 1.300832e-07	 0.000000e+00	-1.890958e-05	 4.450896e-05	 8.257681e-08	 0.000000e+00	-1.892465e-05	 4.441710e-05	 6.393813e-08	 0.000000e+00	-1.896298e-05	 4.465834e-05	 2.724490e-07	 0.000000e+00	-1.895107e-05	 4.454978e-05	 2.336430e-07	 0.000000e+00	-1.893917e-05	 4.445020e-05	 2.144738e-07	 0.000000e+00	-1.903521e-05	 4.469481e-05	 4.263588e-07	 0.000000e+00	-1.900660e-05	 4.459060e-05	 3.828333e-07	 0.000000e+00	-1.897799e-05	 4.448330e-05	 3.497138e-07	 0.000000e+00	
18:	-1.892475e-05	 4.437170e-05	 6.445164e-08	 0.000000e+00	-1.891003e-05	 4.428275e-05	 6.275279e-08	 0.000000e+00	-1.889530e-05	 4.417645e-05	 5.568100e-08	 0.000000e+00	-1.893179e-05	 4.439565e-05	 2.021775e-07	 0.000000e+00	-1.891835e-05	 4.429666e-05	 1.683936e-07	 0.000000e+00	-1.890491e-05	 4.418944e-05	 1.376746e-07	 0.000000e+00	-1.896339e-05	 4.441960e-05	 3.236568e-07	 0.000000e+00	-1.894185e-05	 4.431057e-05	 2.679397e-07	 0.000000e+00	-1.892031e-05	 4.420244e-05	 2.237254e-07	 0.000000e+00	
19:	-1.887758e-05	 4.410655e-05	 4.622171e-08	 0.000000e+00	-1.883138e-05	 4.397184e-05	 2.556216e-08	 0.000000e+00	-1.878518e-05	 4.381856e-05	 6.927741e-09	 0.000000e+00	-1.888718e-05	 4.412280e-05	 1.159516e-07	 0.000000e+00	-1.883969e-05	 4.399396e-05	 7.023815e-08	 0.000000e+00	-1.879220e-05	 4.384601e-05	 2.482970e-08	 0.000000e+00	-1.890040e-05	 4.413905e-05	 1.925165e-07	 0.000000e+00	-1.885352e-05	 4.401608e-05	 1.211431e-07	 0.000000e+00	-1.880665e-05	 4.387346e-05	 4.835463e-08	 0.000000e+00	
20:	-2.452915e-05	 4.424494e-05	-2.621040e-05	 0.000000e+00	-2.428484e-05	 5.074481e-05	-1.368098e-05	 0.000000e+00	-2.404053e-05	 5.202734e-05	-4.122187e-06	 0.000000e+00	-1.899367e-05	 4.281853e-05	-1.733446e-05	 0.000000e+00	-2.104139e-05	 4.738777e-05	-1.177105e-05	 0.000000e+00	-2.308910e-05	 4.895028e-05	-7.358025e-06	 0.000000e+00	-1.713129e-05	 4.139211e-05	-1.183556e-05	 0.000000e+00	-1.944627e-05	 4.403072e-05	-1.077917e-05	 0.000000e+00	-2.176125e-05	 4.587322e-05	-9.052920e-06	 0.000000e+00	
21:	-2.352621e-05	 5.063009e-05	-1.428608e-06	 0.000000e+00	-2.200308e-05	 4.848142e-05	 1.997629e-08	 0.000000e+00	-2.047994e-05	 4.721225e-05	 1.210437e-06	 0.000000e+00	-2.335573e-05	 4.860670e-05	-5.418028e-06	 0.000000e+00	-2.222428e-05	 4.786377e-05	-2.709662e-06	 0.000000e+00	-2.109282e-05	 4.721294e-05	-4.474064e-07	 0.000000e+00	-2.228047e-05	 4.658331e-05	-7.405825e-06	 0.000000e+00	-2.174981e-05	 4.724612e-05	-4.313550e-06	 0.000000e+00	-2.121914e-05	 4.721363e-05	-1.855374e-06	 0.000000e+00	
22:	-1.999313e-05	 4.684536e-05	 1.377704e-06	 0.000000e+00	-1.984337e-05	 4.634850e-05	 1.069943e-06	 0.000000e+00	-1.969360e-05	 4.594852e-05	 9.810375e-07	 0.000000e+00	-2.066727e-05	 4.687733e-05	 1.365647e-07	 0.000000e+00	-2.033634e-05	 4.638648e-05	 2.380721e-07	 0.000000e+00	-2.000541e-05	 4.600577e-05	 4.464538e-07	 0.000000e+00	-2.095195e-05	 4.690930e-05	-1.105277e-06	 0.000000e+00	-2.056442e-05	 4.642445e-05	-5.797385e-07	 0.000000e+00	-2.017688e-05	 4.606302e-05	-5.930631e-08	 0.000000e+00	
23:	-1.959826e-05	 4.575806e-05	 9.664493e-07	 0.000000e+00	-1.942042e-05	 4.546896e-05	 8.768146e-07	 0.000000e+00	-1.924257e-05	 4.522319e-05	 8.071063e-07	 0.000000e+00	-1.985319e-05	 4.583150e-05	 5.358154e-07	 0.000000e+00	-1.966102e-05	 4.556152e-05	 5.693014e-07	 0.000000e+00	-1.946885e-05	 4.532139e-05	 6.086192e-07	 0.000000e+00	-2.000859e-05	 4.590495e-05	 1.339399e-07	 0.000000e+00	-1.981777e-05	 4.565409e-05	 2.755592e-07	 0.000000e+00	-1.962695e-05	 4.541960e-05	 4.089157e-07	 0.000000e+00	
24:	-1.917933e-05	 4.510002e-05	 7.370511e-07	 0.000000e+00	-1.913986e-05	 4.492136e-05	 5.925108e-07	 0.000000e+00	-1.910038e-05	 4.478422e-05	 5.089434e-07	 0.000000e+00	-1.938549e-05	 4.519559e-05	 5.956343e-07	 0.000000e+00	-1.929122e-05	 4.500655e-05	 5.321623e-07	 0.000000e+00	-1.919695e-05	 4.485226e-05	 5.062307e-07	 0.000000e+00	-1.953563e-05	 4.529116e-05	 4.464454e-07	 0.000000e+00	-1.941264e-05	 4.509175e-05	 4.564998e-07	 0.000000e+00	-1.928964e-05	 4.492030e-05	 4.806621e-07	 0.000000e+00	
25:	-1.907893e-05	 4.472160e-05	 4.800955e-07	 0.000000e+00	-1.904471e-05	 4.461414e-05	 4.308616e-07	 0.000000e+00	-1.901049e-05	 4.450267e-05	 3.904460e-07	 0.000000e+00	-1.915610e-05	 4.477720e-05	 4.890852e-07	 0.000000e+00	-1.910997e-05	 4.465424e-05	 4.399925e-07	 0.000000e+00	-1.906384e-05	 4.453615e-05	 4.034920e-07	 0.000000e+00	-1.923574e-05	 4.483279e-05	 4.758987e-07	 0.000000e+00	-1.917350e-05	 4.469434e-05	 4.368245e-07	 0.000000e+00	-1.911127e-05	 4.456963e-05	 4.141164e-07	 0.000000e+00	
26:	-1.899179e-05	 4.443627e-05	 3.610340e-07	 0.000000e+00	-1.896178e-05	 4.432435e-05	 3.030242e-07	 0.000000e+00	-1.893176e-05	 4.421589e-05	 2.579357e-07	 0.000000e+00	-1.903807e-05	 4.446959e-05	 3.787078e-07	 0.000000e+00	-1.899567e-05	 4.435781e-05	 3.279499e-07	 0.000000e+00	-1.895326e-05	 4.424913e-05	 2.865498e-07	 0.000000e+00	-1.907836e-05	 4.450292e-05	 3.967217e-07	 0.000000e+00	-1.902753e-05	 4.439127e-05	 3.528290e-07	 0.000000e+00	-1.897670e-05	 4.428238e-05	 3.147306e-07	 0.000000e+00	
27:	-1.890972e-05	 4.415349e-05	 2.226656e-07	 0.000000e+00	-1.886397e-05	 4.403429e-05	 1.371058e-07	 0.000000e+00	-1.881822e-05	 4.389805e-05	 4.983868e-08	 0.000000e+00	-1.892805e-05	 4.418687e-05	 2.469386e-07	 0.000000e+00	-1.888380e-05	 4.407473e-05	 1.455348e-07	 0.000000e+00	-1.883955e-05	 4.395510e-05	 4.313968e-08	 0.000000e+00	-1.894924e-05	 4.422024e-05	 2.737567e-07	 0.000000e+00	-1.890569e-05	 4.411517e-05	 1.671308e-07	 0.000000e+00	-1.886215e-05	 4.401216e-05	 6.022945e-08	 0.000000e+00	
28:	-1.755887e-05	 4.113158e-05	-1.011179e-05	 0.000000e+00	-1.920766e-05	 4.308373e-05	-9.884851e-06	 0.000000e+00	-2.085646e-05	 4.487020e-05	-8.610670e-06	 0.000000e+00	-1.815479e-05	 4.166269e-05	-7.798783e-06	 0.000000e+00	-1.892975e-05	 4.318646e-05	-7.534248e-06	 0.000000e+00	-1.970470e-05	 4.450039e-05	-6.745812e-06	 0.000000e+00	-1.818549e-05	 4.219380e-05	-5.937733e-06	 0.000000e+00	-1.866875e-05	 4.328919e-05	-5.684718e-06	 0.000000e+00	-1.915202e-05	 4.413058e-05	-5.431150e-06	 0.000000e+00	
29:	-2.130436e-05	 4.580571e-05	-7.166041e-06	 0.000000e+00	-2.119476e-05	 4.680846e-05	-4.532594e-06	 0.000000e+00	-2.108517e-05	 4.698609e-05	-2.489130e-06	 0.000000e+00	-2.003433e-05	 4.515688e-05	-5.939341e-06	 0.000000e+00	-2.039213e-05	 4.592210e-05	-4.456145e-06	 0.000000e+00	-2.074994e-05	 4.620347e-05	-3.223340e-06	 0.000000e+00	-1.942285e-05	 4.450804e-05	-5.166664e-06	 0.000000e+00	-1.987031e-05	 4.503574e-05	-4.454102e-06	 0.000000e+00	-2.031776e-05	 4.542086e-05	-3.652338e-06	 0.000000e+00	
30:	-2.094672e-05	 4.674834e-05	-1.783225e-06	 0.000000e+00	-2.058055e-05	 4.634401e-05	-1.053271e-06	 0.000000e+00	-2.021438e-05	 4.602906e-05	-3.748296e-07	 0.000000e+00	-2.077187e-05	 4.616325e-05	-2.629580e-06	 0.000000e+00	-2.048941e-05	 4.602961e-05	-1.724215e-06	 0.000000e+00	-2.020696e-05	 4.585514e-05	-9.178547e-07	 0.000000e+00	-2.040551e-05	 4.557816e-05	-3.102406e-06	 0.000000e+00	-2.025960e-05	 4.571521e-05	-2.166478e-06	 0.000000e+00	-2.011369e-05	 4.568121e-05	-1.377047e-06	 0.000000e+00	
31:	-2.005449e-05	 4.588367e-05	-1.287094e-07	 0.000000e+00	-1.987117e-05	 4.564942e-05	 6.325859e-08	 0.000000e+00	-1.968786e-05	 4.542780e-05	 2.418548e-07	 0.000000e+00	-2.007631e-05	 4.573709e-05	-6.209542e-07	 0.000000e+00	-1.990979e-05	 4.554080e-05	-3.539774e-07	 0.000000e+00	-1.974328e-05	 4.535776e-05	-1.038349e-07	 0.000000e+00	-2.002878e-05	 4.559051e-05	-1.071316e-06	 0.000000e+00	-1.988292e-05	 4.543218e-05	-7.286413e-07	 0.000000e+00	-1.973706e-05	 4.528772e-05	-4.062632e-07	 0.000000e+00	
32:	-1.959716e-05	 4.530505e-05	 3.054539e-07	 0.000000e+00	-1.946878e-05	 4.511113e-05	 3.569841e-07	 0.000000e+00	-1.934041e-05	 4.493961e-05	 4.130641e-07	 0.000000e+00	-1.965752e-05	 4.525720e-05	 6.110848e-10	 0.000000e+00	-1.952932e-05	 4.509256e-05	 1.171231e-07	 0.000000e+00	-1.940112e-05	 4.493793e-05	 2.287713e-07	 0.000000e+00	-1.966040e-05	 4.520935e-05	-2.647780e-07	 0.000000e+00	-1.954285e-05	 4.507399e-05	-9.705817e-08	 0.000000e+00	-1.942530e-05	 4.493626e-05	 5.638417e-08	 0.000000e+00	
33:	-1.928181e-05	 4.484981e-05	 4.209328e-07	 0.000000e+00	-1.920883e-05	 4.470841e-05	 3.987069e-07	 0.000000e+00	-1.913585e-05	 4.458271e-05	 3.915859e-07	 0.000000e+00	-1.933900e-05	 4.485270e-05	 2.641868e-07	 0.000000e+00	-1.925372e-05	 4.471667e-05	 2.819004e-07	 0.000000e+00	-1.916845e-05	 4.459417e-05	 3.066115e-07	 0.000000e+00	-1.936532e-05	 4.485558e-05	 1.146330e-07	 0.000000e+00	-1.927677e-05	 4.472494e-05	 1.698619e-07	 0.000000e+00	-1.918822e-05	 4.460563e-05	 2.239808e-07	 0.000000e+00	
34:	-1.909889e-05	 4.451626e-05	 3.802893e-07	 0.000000e+00	-1.904489e-05	 4.440568e-05	 3.416281e-07	 0.000000e+00	-1.899088e-05	 4.429853e-05	 3.072874e-07	 0.000000e+00	-1.912676e-05	 4.452878e-05	 3.071929e-07	 0.000000e+00	-1.906878e-05	 4.442176e-05	 2.817827e-07	 0.000000e+00	-1.901080e-05	 4.432078e-05	 2.591921e-07	 0.000000e+00	-1.914491e-05	 4.454130e-05	 2.365861e-07	 0.000000e+00	-1.908463e-05	 4.443783e-05	 2.273525e-07	 0.000000e+00	-1.902434e-05	 4.434304e-05	 2.194375e-07	 0.000000e+00	
35:	-1.896253e-05	 4.423785e-05	 2.681671e-07	 0.000000e+00	-1.891914e-05	 4.413809e-05	 1.649527e-07	 0.000000e+00	-1.887574e-05	 4.404429e-05	 6.122796e-08	 0.000000e+00	-1.898171e-05	 4.426496e-05	 2.272178e-07	 0.000000e+00	-1.893973e-05	 4.417645e-05	 1.367962e-07	 0.000000e+00	-1.889775e-05	 4.409765e-05	 4.434097e-08	 0.000000e+00	-1.899549e-05	 4.429207e-05	 1.966793e-07	 0.000000e+00	-1.895662e-05	 4.421481e-05	 1.232388e-07	 0.000000e+00	-1.891775e-05	 4.415101e-05	 4.624110e-08	 0.000000e+00	
36:	-1.797730e-05	 4.238420e-05	-5.081289e-06	 0.000000e+00	-1.852787e-05	 4.329717e-05	-4.965504e-06	 0.000000e+00	-1.907844e-05	 4.397704e-05	-4.962674e-06	 0.000000e+00	-1.775177e-05	 4.250740e-05	-3.891613e-06	 0.000000e+00	-1.835386e-05	 4.322187e-05	-4.120914e-06	 0.000000e+00	-1.895595e-05	 4.381921e-05	-4.329888e-06	 0.000000e+00	-1.776755e-05	 4.263060e-05	-2.987245e-06	 0.000000e+00	-1.827290e-05	 4.314657e-05	-3.432627e-06	 0.000000e+00	-1.877825e-05	 4.366138e-05	-3.724399e-06	 0.000000e+00	
37:	-1.933936e-05	 4.427297e-05	-4.853782e-06	 0.000000e+00	-1.968541e-05	 4.472543e-05	-4.305381e-06	 0.000000e+00	-2.003146e-05	 4.512351e-05	-3.595688e-06	 0.000000e+00	-1.919451e-05	 4.411397e-05	-4.259541e-06	 0.000000e+00	-1.941224e-05	 4.454542e-05	-3.777121e-06	 0.000000e+00	-1.962996e-05	 4.488429e-05	-3.225262e-06	 0.000000e+00	-1.898105e-05	 4.395497e-05	-3.667424e-06	 0.000000e+00	-1.917262e-05	 4.436542e-05	-3.293482e-06	 0.000000e+00	-1.936420e-05	 4.464506e-05	-2.941956e-06	 0.000000e+00	
38:	-2.011824e-05	 4.532448e-05	-3.092137e-06	 0.000000e+00	-2.007039e-05	 4.553051e-05	-2.265060e-06	 0.000000e+00	-2.002253e-05	 4.554812e-05	-1.576732e-06	 0.000000e+00	-1.971231e-05	 4.503781e-05	-2.874614e-06	 0.000000e+00	-1.977758e-05	 4.521020e-05	-2.308016e-06	 0.000000e+00	-1.984284e-05	 4.526470e-05	-1.806051e-06	 0.000000e+00	-1.944786e-05	 4.475114e-05	-2.733745e-06	 0.000000e+00	-1.954380e-05	 4.488988e-05	-2.349163e-06	 0.000000e+00	-1.963973e-05	 4.498129e-05	-1.955098e-06	 0.000000e+00	
39:	-1.997026e-05	 4.547985e-05	-1.287910e-06	 0.000000e+00	-1.983848e-05	 4.535288e-05	-9.096908e-07	 0.000000e+00	-1.970669e-05	 4.523155e-05	-5.555582e-07	 0.000000e+00	-1.983283e-05	 4.524617e-05	-1.548398e-06	 0.000000e+00	-1.973316e-05	 4.518901e-05	-1.144941e-06	 0.000000e+00	-1.963349e-05	 4.510856e-05	-7.751353e-07	 0.000000e+00	-1.965109e-05	 4.501248e-05	-1.715144e-06	 0.000000e+00	-1.959417e-05	 4.502514e-05	-1.318627e-06	 0.000000e+00	-1.953724e-05	 4.498557e-05	-9.653230e-07	 0.000000e+00	
40:	-1.963719e-05	 4.516307e-05	-4.004499e-07	 0.000000e+00	-1.953015e-05	 4.504191e-05	-2.167499e-07	 0.000000e+00	-1.942311e-05	 4.491532e-05	-4.969419e-08	 0.000000e+00	-1.957851e-05	 4.505186e-05	-6.134372e-07	 0.000000e+00	-1.948928e-05	 4.495021e-05	-4.157657e-07	 0.000000e+00	-1.940004e-05	 4.484506e-05	-2.334585e-07	 0.000000e+00	-1.949948e-05	 4.494065e-05	-8.057795e-07	 0.000000e+00	-1.942662e-05	 4.485852e-05	-5.920104e-07	 0.000000e+00	-1.935376e-05	 4.477479e-05	-3.923255e-07	 0.000000e+00	
41:	-1.936679e-05	 4.483978e-05	 1.825371e-08	 0.000000e+00	-1.928027e-05	 4.471624e-05	 9.253462e-08	 0.000000e+00	-1.919375e-05	 4.460198e-05	 1.623079e-07	 0.000000e+00	-1.935093e-05	 4.478257e-05	-1.525982e-07	 0.000000e+00	-1.927141e-05	 4.467809e-05	-5.232543e-08	 0.000000e+00	-1.919189e-05	 4.457796e-05	 3.987099e-08	 0.000000e+00	-1.931261e-05	 4.472537e-05	-2.995254e-07	 0.000000e+00	-1.924406e-05	 4.463993e-05	-1.787291e-07	 0.000000e+00	-1.917551e-05	 4.455394e-05	-6.957784e-08	 0.000000e+00	
42:	-1.915089e-05	 4.453975e-05	 1.823066e-07	 0.000000e+00	-1.909010e-05	 4.444018e-05	 1.841842e-07	 0.000000e+00	-1.902932e-05	 4.434992e-05	 1.860867e-07	 0.000000e+00	-1.915153e-05	 4.452188e-05	 7.203100e-08	 0.000000e+00	-1.909236e-05	 4.443217e-05	 9.368044e-08	 0.000000e+00	-1.903318e-05	 4.435129e-05	 1.124096e-07	 0.000000e+00	-1.913976e-05	 4.450401e-05	-2.700405e-08	 0.000000e+00	-1.908547e-05	 4.442417e-05	 1.387998e-08	 0.000000e+00	-1.903118e-05	 4.435267e-05	 4.889860e-08	 0.000000e+00	
43:	-1.900105e-05	 4.430190e-05	 1.694510e-07	 0.000000e+00	-1.896468e-05	 4.423070e-05	 1.078206e-07	 0.000000e+00	-1.892832e-05	 4.417428e-05	 4.224946e-08	 0.000000e+00	-1.900662e-05	 4.430857e-05	 1.063163e-07	 0.000000e+00	-1.897453e-05	 4.424695e-05	 6.612120e-08	 0.000000e+00	-1.894244e-05	 4.420086e-05	 2.219079e-08	 0.000000e+00	-1.900722e-05	 4.431523e-05	 5.343215e-08	 0.000000e+00	-1.897917e-05	 4.426320e-05	 3.550050e-08	 0.000000e+00	-1.895112e-05	 4.422744e-05	 1.403877e-08	 0.000000e+00	
44:	-1.787422e-05	 4.273924e-05	-2.601024e-06	 0.000000e+00	-1.826462e-05	 4.316420e-05	-3.064031e-06	 0.000000e+00	-1.865501e-05	 4.362073e-05	-3.355173e-06	 0.000000e+00	-1.801767e-05	 4.298939e-05	-2.074765e-06	 0.000000e+00	-1.825613e-05	 4.330009e-05	-2.468043e-06	 0.000000e+00	-1.849460e-05	 4.363887e-05	-2.760006e-06	 0.000000e+00	-1.808124e-05	 4.323954e-05	-1.673659e-06	 0.000000e+00	-1.824624e-05	 4.343598e-05	-2.001096e-06	 0.000000e+00	-1.841124e-05	 4.365701e-05	-2.297766e-06	 0.000000e+00	
45:	-1.883180e-05	 4.389426e-05	-3.320827e-06	 0.000000e+00	-1.904891e-05	 4.427542e-05	-3.046546e-06	 0.000000e+00	-1.926603e-05	 4.452972e-05	-2.809373e-06	 0.000000e+00	-1.863248e-05	 4.384459e-05	-2.796225e-06	 0.000000e+00	-1.886787e-05	 4.414615e-05	-2.691380e-06	 0.000000e+00	-1.910326e-05	 4.437256e-05	-2.582282e-06	 0.000000e+00	-1.851968e-05	 4.379493e-05	-2.388939e-06	 0.000000e+00	-1.872733e-05	 4.401688e-05	-2.396001e-06	 0.000000e+00	-1.893498e-05	 4.421540e-05	-2.357448e-06	 0.000000e+00	
46:	-1.935257e-05	 4.462342e-05	-2.653861e-06	 0.000000e+00	-1.943284e-05	 4.475364e-05	-2.316418e-06	 0.000000e+00	-1.951312e-05	 4.485384e-05	-1.953814e-06	 0.000000e+00	-1.919025e-05	 4.447118e-05	-2.463673e-06	 0.000000e+00	-1.925379e-05	 4.460574e-05	-2.164739e-06	 0.000000e+00	-1.931734e-05	 4.469930e-05	-1.860883e-06	 0.000000e+00	-1.901558e-05	 4.431895e-05	-2.262556e-06	 0.000000e+00	-1.908491e-05	 4.445784e-05	-2.014344e-06	 0.000000e+00	-1.915424e-05	 4.454475e-05	-1.781452e-06	 0.000000e+00	
47:	-1.952821e-05	 4.489727e-05	-1.730127e-06	 0.000000e+00	-1.949978e-05	 4.492991e-05	-1.366645e-06	 0.000000e+00	-1.947135e-05	 4.490715e-05	-1.044010e-06	 0.000000e+00	-1.933792e-05	 4.473503e-05	-1.682636e-06	 0.000000e+00	-1.934509e-05	 4.476655e-05	-1.392069e-06	 0.000000e+00	-1.935226e-05	 4.476062e-05	-1.124660e-06	 0.000000e+00	-1.918113e-05	 4.457279e-05	-1.646382e-06	 0.000000e+00	-1.920422e-05	 4.460318e-05	-1.408751e-06	 0.000000e+00	-1.922731e-05	 4.461410e-05	-1.176585e-06	 0.000000e+00	
48:	-1.944451e-05	 4.487061e-05	-8.908790e-07	 0.000000e+00	-1.938070e-05	 4.480159e-05	-6.702055e-07	 0.000000e+00	-1.931689e-05	 4.472952e-05	-4.639313e-07	 0.000000e+00	-1.934082e-05	 4.474110e-05	-9.834606e-07	 0.000000e+00	-1.929434e-05	 4.469765e-05	-7.615106e-07	 0.000000e+00	-1.924786e-05	 4.464421e-05	-5.563225e-07	 0.000000e+00	-1.922632e-05	 4.461160e-05	-1.043748e-06	 0.000000e+00	-1.919979e-05	 4.459371e-05	-8.282363e-07	 0.000000e+00	-1.917327e-05	 4.455890e-05	-6.318495e-07	 0.000000e+00	
49:	-1.928070e-05	 4.468622e-05	-3.674435e-07	 0.000000e+00	-1.922016e-05	 4.461030e-05	-2.408984e-07	 0.000000e+00	-1.915962e-05	 4.453259e-05	-1.268322e-07	 0.000000e+00	-1.922064e-05	 4.460888e-05	-4.597832e-07	 0.000000e+00	-1.917359e-05	 4.454663e-05	-3.299960e-07	 0.000000e+00	-1.912654e-05	 4.448327e-05	-2.119837e-07	 0.000000e+00	-1.915556e-05	 4.453154e-05	-5.372873e-07	 0.000000e+00	-1.912122e-05	 4.448296e-05	-4.035133e-07	 0.000000e+00	-1.908687e-05	 4.443394e-05	-2.808105e-07	 0.000000e+00	
50:	-1.912745e-05	 4.448694e-05	-7.998074e-08	 0.000000e+00	-1.907743e-05	 4.441374e-05	-2.954820e-08	 0.000000e+00	-1.902741e-05	 4.434805e-05	 1.381854e-08	 0.000000e+00	-1.910077e-05	 4.444613e-05	-1.600785e-07	 0.000000e+00	-1.905927e-05	 4.438591e-05	-9.744070e-08	 0.000000e+00	-1.901776e-05	 4.433080e-05	-4.304862e-08	 0.000000e+00	-1.906766e-05	 4.440533e-05	-2.244103e-07	 0.000000e+00	-1.903599e-05	 4.435809e-05	-1.522323e-07	 0.000000e+00	-1.900431e-05	 4.431355e-05	-8.947992e-08	 0.000000e+00	
51:	-1.900535e-05	 4.431362e-05	 2.424762e-08	 0.000000e+00	-1.897955e-05	 4.426619e-05	 1.905524e-08	 0.000000e+00	-1.895375e-05	 4.423436e-05	 1.041429e-08	 0.000000e+00	-1.899928e-05	 4.430139e-05	-2.418691e-08	 0.000000e+00	-1.897728e-05	 4.426021e-05	-1.061603e-08	 0.000000e+00	-1.895527e-05	 4.423153e-05	-4.188697e-10	 0.000000e+00	-1.898977e-05	 4.428917e-05	-6.396063e-08	 0.000000e+00	-1.897148e-05	 4.425423e-05	-3.506144e-08	 0.000000e+00	-1.895318e-05	 4.422870e-05	-9.461141e-09	 0.000000e+00	
52:	-1.808439e-05	 4.333819e-05	-1.508485e-06	 0.000000e+00	-1.823917e-05	 4.349427e-05	-1.806619e-06	 0.000000e+00	-1.839396e-05	 4.367200e-05	-2.092861e-06	 0.000000e+00	-1.807651e-05	 4.342707e-05	-1.276361e-06	 0.000000e+00	-1.821490e-05	 4.355871e-05	-1.541875e-06	 0.000000e+00	-1.835330e-05	 4.370538e-05	-1.789815e-06	 0.000000e+00	-1.805820e-05	 4.351595e-05	-1.067749e-06	 0.000000e+00	-1.817389e-05	 4.362314e-05	-1.307997e-06	 0.000000e+00	-1.828957e-05	 4.373877e-05	-1.524986e-06	 0.000000e+00	
53:	-1.848942e-05	 4.378411e-05	-2.192308e-06	 0.000000e+00	-1.866270e-05	 4.397210e-05	-2.222280e-06	 0.000000e+00	-1.883598e-05	 4.415140e-05	-2.200807e-06	 0.000000e+00	-1.843079e-05	 4.379662e-05	-1.874415e-06	 0.000000e+00	-1.855871e-05	 4.394748e-05	-1.909106e-06	 0.000000e+00	-1.868663e-05	 4.408861e-05	-1.913678e-06	 0.000000e+00	-1.835416e-05	 4.380912e-05	-1.597221e-06	 0.000000e+00	-1.846044e-05	 4.392287e-05	-1.637805e-06	 0.000000e+00	-1.856671e-05	 4.402583e-05	-1.669598e-06	 0.000000e+00	
54:	-1.891013e-05	 4.425001e-05	-2.121208e-06	 0.000000e+00	-1.899164e-05	 4.438293e-05	-1.913661e-06	 0.000000e+00	-1.907315e-05	 4.446590e-05	-1.723647e-06	 0.000000e+00	-1.875120e-05	 4.416532e-05	-1.867902e-06	 0.000000e+00	-1.884519e-05	 4.427342e-05	-1.728623e-06	 0.000000e+00	-1.893918e-05	 4.434949e-05	-1.594240e-06	 0.000000e+00	-1.862453e-05	 4.408064e-05	-1.652185e-06	 0.000000e+00	-1.871693e-05	 4.416391e-05	-1.561231e-06	 0.000000e+00	-1.880934e-05	 4.423308e-05	-1.462538e-06	 0.000000e+00	
55:	-1.910396e-05	 4.449268e-05	-1.607266e-06	 0.000000e+00	-1.912833e-05	 4.452438e-05	-1.387176e-06	 0.000000e+00	-1.915270e-05	 4.454119e-05	-1.168875e-06	 0.000000e+00	-1.897501e-05	 4.437966e-05	-1.497068e-06	 0.000000e+00	-1.900418e-05	 4.441692e-05	-1.298774e-06	 0.000000e+00	-1.903335e-05	 4.443714e-05	-1.107324e-06	 0.000000e+00	-1.884775e-05	 4.426663e-05	-1.379470e-06	 0.000000e+00	-1.888734e-05	 4.430947e-05	-1.205378e-06	 0.000000e+00	-1.892693e-05	 4.433310e-05	-1.043183e-06	 0.000000e+00	
56:	-1.915571e-05	 4.454402e-05	-1.042982e-06	 0.000000e+00	-1.914168e-05	 4.453528e-05	-8.393958e-07	 0.000000e+00	-1.912765e-05	 4.450913e-05	-6.542399e-07	 0.000000e+00	-1.904295e-05	 4.444127e-05	-9.985846e-07	 0.000000e+00	-1.904678e-05	 4.443842e-05	-8.207679e-07	 0.000000e+00	-1.905061e-05	 4.442343e-05	-6.566319e-07	 0.000000e+00	-1.894322e-05	 4.433853e-05	-9.505864e-07	 0.000000e+00	-1.895963e-05	 4.434155e-05	-7.926625e-07	 0.000000e+00	-1.897603e-05	 4.433773e-05	-6.436697e-07	 0.000000e+00	
57:	-1.911563e-05	 4.448660e-05	-5.626004e-07	 0.000000e+00	-1.908837e-05	 4.444603e-05	-4.280163e-07	 0.000000e+00	-1.906111e-05	 4.440465e-05	-3.043926e-07	 0.000000e+00	-1.904739e-05	 4.440952e-05	-5.710441e-07	 0.000000e+00	-1.903250e-05	 4.438279e-05	-4.395109e-07	 0.000000e+00	-1.901761e-05	 4.435334e-05	-3.192612e-07	 0.000000e+00	-1.898018e-05	 4.433244e-05	-5.630399e-07	 0.000000e+00	-1.897802e-05	 4.431955e-05	-4.366762e-07	 0.000000e+00	-1.897586e-05	 4.430202e-05	-3.219189e-07	 0.000000e+00	
58:	-1.904577e-05	 4.438030e-05	-2.469275e-07	 0.000000e+00	-1.902032e-05	 4.433969e-05	-1.721310e-07	 0.000000e+00	-1.899487e-05	 4.430087e-05	-1.068363e-07	 0.000000e+00	-1.900880e-05	 4.433510e-05	-2.628284e-07	 0.000000e+00	-1.899341e-05	 4.430431e-05	-1.874043e-07	 0.000000e+00	-1.897802e-05	 4.427454e-05	-1.205632e-07	 0.000000e+00	-1.897338e-05	 4.428990e-05	-2.673831e-07	 0.000000e+00	-1.896703e-05	 4.426893e-05	-1.921840e-07	 0.000000e+00	-1.896067e-05	 4.424821e-05	-1.246492e-07	 0.000000e+00	
59:	-1.898276e-05	 4.427933e-05	-7.868930e-08	 0.000000e+00	-1.896660e-05	 4.424758e-05	-4.326483e-08	 0.000000e+00	-1.895044e-05	 4.422299e-05	-1.115715e-08	 0.000000e+00	-1.896993e-05	 4.425775e-05	-9.003867e-08	 0.000000e+00	-1.895753e-05	 4.423073e-05	-4.867110e-08	 0.000000e+00	-1.894514e-05	 4.420617e-05	-1.075669e-08	 0.000000e+00	-1.895636e-05	 4.423616e-05	-9.351443e-08	 0.000000e+00	-1.894788e-05	 4.421388e-05	-5.142443e-08	 0.000000e+00	-1.893940e-05	 4.418936e-05	-1.292396e-08	 0.000000e+00	
60:	-1.804169e-05	 4.355635e-05	-9.516268e-07	 0.000000e+00	-1.814200e-05	 4.364884e-05	-1.175943e-06	 0.000000e+00	-1.824231e-05	 4.374843e-05	-1.378361e-06	 0.000000e+00	-1.798712e-05	 4.360629e-05	-7.654580e-07	 0.000000e+00	-1.806883e-05	 4.367271e-05	-9.540890e-07	 0.000000e+00	-1.815054e-05	 4.374825e-05	-1.131184e-06	 0.000000e+00	-1.789712e-05	 4.365624e-05	-6.094235e-07	 0.000000e+00	-1.797176e-05	 4.369658e-05	-7.601124e-07	 0.000000e+00	-1.804641e-05	 4.374807e-05	-9.096263e-07	 0.000000e+00	
61:	-1.830166e-05	 4.380894e-05	-1.446317e-06	 0.000000e+00	-1.840530e-05	 4.390640e-05	-1.490055e-06	 0.000000e+00	-1.850894e-05	 4.399409e-05	-1.531457e-06	 0.000000e+00	-1.820386e-05	 4.379581e-05	-1.193823e-06	 0.000000e+00	-1.830538e-05	 4.387443e-05	-1.238482e-06	 0.000000e+00	-1.840690e-05	 4.394781e-05	-1.281665e-06	 0.000000e+00	-1.809733e-05	 4.378267e-05	-9.648219e-07	 0.000000e+00	-1.819768e-05	 4.384245e-05	-1.005346e-06	 0.000000e+00	-1.829804e-05	 4.390153e-05	-1.045253e-06	 0.000000e+00	
62:	-1.856413e-05	 4.404067e-05	-1.522184e-06	 0.000000e+00	-1.865017e-05	 4.411378e-05	-1.444756e-06	 0.000000e+00	-1.873621e-05	 4.417824e-05	-1.358549e-06	 0.000000e+00	-1.846011e-05	 4.398800e-05	-1.274413e-06	 0.000000e+00	-1.854142e-05	 4.405102e-05	-1.207447e-06	 0.000000e+00	-1.862273e-05	 4.410618e-05	-1.140768e-06	 0.000000e+00	-1.835246e-05	 4.393533e-05	-1.038296e-06	 0.000000e+00	-1.843913e-05	 4.398827e-05	-9.809187e-07	 0.000000e+00	-1.852581e-05	 4.403413e-05	-9.328911e-07	 0.000000e+00	
63:	-1.877518e-05	 4.421137e-05	-1.284057e-06	 0.000000e+00	-1.882306e-05	 4.425474e-05	-1.128075e-06	 0.000000e+00	-1.887094e-05	 4.428011e-05	-9.846948e-07	 0.000000e+00	-1.866398e-05	 4.413450e-05	-1.083462e-06	 0.000000e+00	-1.872442e-05	 4.417415e-05	-9.594662e-07	 0.000000e+00	-1.878486e-05	 4.420205e-05	-8.454443e-07	 0.000000e+00	-1.857142e-05	 4.405763e-05	-8.904906e-07	 0.000000e+00	-1.864149e-05	 4.409356e-05	-7.915159e-07	 0.000000e+00	-1.871156e-05	 4.412400e-05	-6.998870e-07	 0.000000e+00	
64:	-1.889115e-05	 4.428711e-05	-9.007628e-07	 0.000000e+00	-1.891273e-05	 4.429389e-05	-7.527096e-07	 0.000000e+00	-1.893432e-05	 4.429521e-05	-6.126088e-07	 0.000000e+00	-1.881152e-05	 4.421312e-05	-7.746032e-07	 0.000000e+00	-1.884272e-05	 4.422696e-05	-6.447701e-07	 0.000000e+00	-1.887392e-05	 4.423477e-05	-5.242754e-07	 0.000000e+00	-1.874427e-05	 4.413914e-05	-6.402898e-07	 0.000000e+00	-1.878663e-05	 4.416003e-05	-5.292941e-07	 0.000000e+00	-1.882899e-05	 4.417434e-05	-4.290227e-07	 0.000000e+00	
65:	-1.894213e-05	 4.429348e-05	-5.365701e-07	 0.000000e+00	-1.894741e-05	 4.428663e-05	-4.172961e-07	 0.000000e+00	-1.895269e-05	 4.427493e-05	-3.089669e-07	 0.000000e+00	-1.888766e-05	 4.423664e-05	-4.596394e-07	 0.000000e+00	-1.890366e-05	 4.423676e-05	-3.573739e-07	 0.000000e+00	-1.891967e-05	 4.423316e-05	-2.634562e-07	 0.000000e+00	-1.884825e-05	 4.417981e-05	-3.756001e-07	 0.000000e+00	-1.887210e-05	 4.418688e-05	-2.890751e-07	 0.000000e+00	-1.889595e-05	 4.419139e-05	-2.083011e-07	 0.000000e+00	
66:	-1.895376e-05	 4.426609e-05	-2.569306e-07	 0.000000e+00	-1.895216e-05	 4.425033e-05	-1.838641e-07	 0.000000e+00	-1.895057e-05	 4.423427e-05	-1.177560e-07	 0.000000e+00	-1.892587e-05	 4.422946e-05	-2.175530e-07	 0.000000e+00	-1.893118e-05	 4.422180e-05	-1.518546e-07	 0.000000e+00	-1.893649e-05	 4.421272e-05	-9.160678e-08	 0.000000e+00	-1.890596e-05	 4.419283e-05	-1.685292e-07	 0.000000e+00	-1.891649e-05	 4.419328e-05	-1.114601e-07	 0.000000e+00	-1.892702e-05	 4.419116e-05	-5.833410e-08	 0.000000e+00	
67:	-1.894831e-05	 4.422464e-05	-8.777770e-08	 0.000000e+00	-1.894214e-05	 4.420527e-05	-4.857126e-08	 0.000000e+00	-1.893597e-05	 4.418202e-05	-1.276902e-08	 0.000000e+00	-1.893721e-05	 4.420663e-05	-6.551342e-08	 0.000000e+00	-1.893440e-05	 4.419256e-05	-3.427148e-08	 0.000000e+00	-1.893158e-05	 4.417363e-05	-5.660529e-09	 0.000000e+00	-1.892999e-05	 4.418861e-05	-3.680958e-08	 0.000000e+00	-1.892967e-05	 4.417985e-05	-1.462076e-08	 0.000000e+00	-1.892935e-05	 4.416524e-05	 5.710291e-09	 0.000000e+00	
68:	-1.782751e-05	 4.365480e-05	-5.117621e-07	 0.000000e+00	-1.790330e-05	 4.368901e-05	-6.337387e-07	 0.000000e+00	-1.797909e-05	 4.373395e-05	-7.602805e-07	 0.000000e+00	-1.766422e-05	 4.359993e-05	-3.078980e-07	 0.000000e+00	-1.775029e-05	 4.363913e-05	-3.731003e-07	 0.000000e+00	-1.783637e-05	 4.368559e-05	-4.522326e-07	 0.000000e+00	-1.744369e-05	 4.354506e-05	-9.654428e-08	 0.000000e+00	-1.755047e-05	 4.358926e-05	-1.088400e-07	 0.000000e+00	-1.765725e-05	 4.363723e-05	-1.444305e-07	 0.000000e+00	
69:	-1.803045e-05	 4.376463e-05	-8.067488e-07	 0.000000e+00	-1.813117e-05	 4.381881e-05	-8.392707e-07	 0.000000e+00	-1.823188e-05	 4.387396e-05	-8.753912e-07	 0.000000e+00	-1.789409e-05	 4.371575e-05	-4.780199e-07	 0.000000e+00	-1.800640e-05	 4.376958e-05	-4.896361e-07	 0.000000e+00	-1.811870e-05	 4.382550e-05	-5.184835e-07	 0.000000e+00	-1.772878e-05	 4.366686e-05	-1.503001e-07	 0.000000e+00	-1.786784e-05	 4.372035e-05	-1.397662e-07	 0.000000e+00	-1.800689e-05	 4.377704e-05	-1.600959e-07	 0.000000e+00	
70:	-1.828861e-05	 4.390619e-05	-8.695135e-07	 0.000000e+00	-1.838285e-05	 4.395711e-05	-8.195293e-07	 0.000000e+00	-1.847709e-05	 4.400174e-05	-7.829575e-07	 0.000000e+00	-1.818394e-05	 4.385872e-05	-5.165027e-07	 0.000000e+00	-1.829581e-05	 4.391280e-05	-4.815444e-07	 0.000000e+00	-1.840769e-05	 4.396247e-05	-4.648955e-07	 0.000000e+00	-1.808663e-05	 4.381126e-05	-1.610378e-07	 0.000000e+00	-1.822160e-05	 4.386849e-05	-1.390020e-07	 0.000000e+00	-1.835656e-05	 4.392320e-05	-1.401725e-07	 0.000000e+00	
71:	-1.852625e-05	 4.402491e-05	-7.484790e-07	 0.000000e+00	-1.860097e-05	 4.406135e-05	-6.632140e-07	 0.000000e+00	-1.867569e-05	 4.409375e-05	-5.861697e-07	 0.000000e+00	-1.846557e-05	 4.398931e-05	-4.440849e-07	 0.000000e+00	-1.855256e-05	 4.403126e-05	-3.863427e-07	 0.000000e+00	-1.863956e-05	 4.406787e-05	-3.424557e-07	 0.000000e+00	-1.842655e-05	 4.395371e-05	-1.328389e-07	 0.000000e+00	-1.853210e-05	 4.400117e-05	-1.040674e-07	 0.000000e+00	-1.863764e-05	 4.404199e-05	-9.478545e-08	 0.000000e+00	
72:	-1.871180e-05	 4.411064e-05	-5.358723e-07	 0.000000e+00	-1.876118e-05	 4.413468e-05	-4.414905e-07	 0.000000e+00	-1.881057e-05	 4.415218e-05	-3.575305e-07	 0.000000e+00	-1.868223e-05	 4.408670e-05	-3.141867e-07	 0.000000e+00	-1.874185e-05	 4.411448e-05	-2.571454e-07	 0.000000e+00	-1.880148e-05	 4.413645e-05	-2.081001e-07	 0.000000e+00	-1.868790e-05	 4.406275e-05	-8.873296e-08	 0.000000e+00	-1.875507e-05	 4.409428e-05	-6.823069e-08	 0.000000e+00	-1.882224e-05	 4.412072e-05	-5.329852e-08	 0.000000e+00	
73:	-1.883283e-05	 4.415952e-05	-3.126249e-07	 0.000000e+00	-1.885995e-05	 4.416974e-05	-2.384316e-07	 0.000000e+00	-1.888707e-05	 4.417728e-05	-1.687173e-07	 0.000000e+00	-1.882788e-05	 4.414663e-05	-1.815377e-07	 0.000000e+00	-1.885900e-05	 4.416068e-05	-1.358864e-07	 0.000000e+00	-1.889012e-05	 4.417055e-05	-9.294009e-08	 0.000000e+00	-1.885143e-05	 4.413373e-05	-4.533589e-08	 0.000000e+00	-1.888457e-05	 4.415163e-05	-2.991003e-08	 0.000000e+00	-1.891771e-05	 4.416383e-05	-1.541516e-08	 0.000000e+00	
74:	-1.889864e-05	 4.418042e-05	-1.348426e-07	 0.000000e+00	-1.891128e-05	 4.418357e-05	-8.658920e-08	 0.000000e+00	-1.892392e-05	 4.418383e-05	-4.040191e-08	 0.000000e+00	-1.890272e-05	 4.417442e-05	-7.351003e-08	 0.000000e+00	-1.891491e-05	 4.417873e-05	-4.608233e-08	 0.000000e+00	-1.892710e-05	 4.418018e-05	-1.577837e-08	 0.000000e+00	-1.892917e-05	 4.416842e-05	-1.090805e-08	 0.000000e+00	-1.893541e-05	 4.417389e-05	-4.266428e-09	 0.000000e+00	-1.894165e-05	 4.417654e-05	 1.019381e-08	 0.000000e+00	
75:	-1.892778e-05	 4.418254e-05	-2.266755e-08	 0.000000e+00	-1.892840e-05	 4.417612e-05	-7.030048e-09	 0.000000e+00	-1.892903e-05	 4.416414e-05	 7.905868e-09	 0.000000e+00	-1.893054e-05	 4.417969e-05	-5.644307e-09	 0.000000e+00	-1.893016e-05	 4.417603e-05	-1.366527e-09	 0.000000e+00	-1.892978e-05	 4.416876e-05	 5.409686e-09	 0.000000e+00	-1.894203e-05	 4.417683e-05	 1.336935e-08	 0.000000e+00	-1.893709e-05	 4.417594e-05	 8.453232e-09	 0.000000e+00	-1.893216e-05	 4.417338e-05	 9.235569e-09	 0.000000e+00	
76:	-3.681235e-05	 6.944852e-05	-9.110752e-05	 0.000000e+00	-3.751617e-05	 7.485209e-05	-6.309012e-05	 0.000000e+00	-3.821999e-05	 7.752218e-05	-3.516654e-05	 0.000000e+00	-3.020868e-05	 5.643075e-05	-4.016020e-05	 0.000000e+00	-3.162092e-05	 5.968727e-05	-3.716506e-05	 0.000000e+00	-3.303317e-05	 6.163042e-05	-3.419058e-05	 0.000000e+00	-2.384015e-05	 4.341297e-05	-2.456954e-05	 0.000000e+00	-2.505520e-05	 4.452244e-05	-2.902278e-05	 0.000000e+00	-2.627025e-05	 4.573866e-05	-3.342350e-05	 0.000000e+00	
77:	-2.035951e-05	 3.966163e-05	-2.521255e-05	 0.000000e+00	-2.109934e-05	 4.012561e-05	-2.688174e-05	 0.000000e+00	-2.183916e-05	 4.102839e-05	-2.848715e-05	 0.000000e+00	-1.655890e-05	 3.978796e-05	-1.964435e-05	 0.000000e+00	-1.672319e-05	 4.018077e-05	-1.787061e-05	 0.000000e+00	-1.688749e-05	 4.073333e-05	-1.606764e-05	 0.000000e+00	-1.576959e-05	 3.991428e-05	-1.323037e-05	 0.000000e+00	-1.578567e-05	 4.023592e-05	-1.146679e-05	 0.000000e+00	-1.580175e-05	 4.043828e-05	-9.708496e-06	 0.000000e+00	
78:	-1.653650e-05	 4.015181e-05	-9.854180e-06	 0.000000e+00	-1.663971e-05	 4.042678e-05	-9.387252e-06	 0.000000e+00	-1.674292e-05	 4.053313e-05	-8.932754e-06	 0.000000e+00	-1.752212e-05	 4.084176e-05	-6.361439e-06	 0.000000e+00	-1.771739e-05	 4.102754e-05	-7.237076e-06	 0.000000e+00	-1.791266e-05	 4.115414e-05	-8.115162e-06	 0.000000e+00	-1.774033e-05	 4.153171e-05	-4.649636e-06	 0.000000e+00	-1.790412e-05	 4.162830e-05	-5.513423e-06	 0.000000e+00	-1.806791e-05	 4.177516e-05	-6.369674e-06	 0.000000e+00	
79:	-1.755881e-05	 4.182082e-05	-4.282234e-06	 0.000000e+00	-1.765525e-05	 4.188693e-05	-4.623096e-06	 0.000000e+00	-1.775170e-05	 4.202233e-05	-4.954971e-06	 0.000000e+00	-1.739914e-05	 4.212440e-05	-3.530084e-06	 0.000000e+00	-1.741530e-05	 4.217496e-05	-3.312177e-06	 0.000000e+00	-1.743147e-05	 4.225071e-05	-3.090283e-06	 0.000000e+00	-1.752912e-05	 4.242799e-05	-2.697702e-06	 0.000000e+00	-1.752687e-05	 4.246298e-05	-2.466554e-06	 0.000000e+00	-1.752461e-05	 4.247910e-05	-2.236417e-06	 0.000000e+00	
80:	-1.771937e-05	 4.259449e-05	-2.258318e-06	 0.000000e+00	-1.773148e-05	 4.262346e-05	-2.226966e-06	 0.000000e+00	-1.774360e-05	 4.262582e-05	-2.197651e-06	 0.000000e+00	-1.795741e-05	 4.286310e-05	-1.743615e-06	 0.000000e+00	-1.798560e-05	 4.288692e-05	-1.919982e-06	 0.000000e+00	-1.801379e-05	 4.290167e-05	-2.096910e-06	 0.000000e+00	-1.804241e-05	 4.313170e-05	-1.400976e-06	 0.000000e+00	-1.806842e-05	 4.315039e-05	-1.568198e-06	 0.000000e+00	-1.809443e-05	 4.317751e-05	-1.734506e-06	 0.000000e+00	
81:	-1.802867e-05	 4.324400e-05	-1.272192e-06	 0.000000e+00	-1.804609e-05	 4.325970e-05	-1.351593e-06	 0.000000e+00	-1.806351e-05	 4.328681e-05	-1.429824e-06	 0.000000e+00	-1.800685e-05	 4.336130e-05	-1.072941e-06	 0.000000e+00	-1.801345e-05	 4.337187e-05	-1.058080e-06	 0.000000e+00	-1.802005e-05	 4.338655e-05	-1.042642e-06	 0.000000e+00	-1.800301e-05	 4.347861e-05	-8.918823e-07	 0.000000e+00	-1.800614e-05	 4.348405e-05	-8.732358e-07	 0.000000e+00	-1.800927e-05	 4.348629e-05	-8.546051e-07	 0.000000e+00	
82:	-1.800590e-05	 4.352815e-05	-7.957142e-07	 0.000000e+00	-1.801002e-05	 4.353214e-05	-8.091636e-07	 0.000000e+00	-1.801415e-05	 4.353172e-05	-8.227751e-07	 0.000000e+00	-1.797151e-05	 4.358112e-05	-6.464164e-07	 0.000000e+00	-1.797709e-05	 4.358521e-05	-6.901192e-07	 0.000000e+00	-1.798266e-05	 4.358808e-05	-7.338939e-07	 0.000000e+00	-1.788053e-05	 4.363408e-05	-5.155032e-07	 0.000000e+00	-1.788643e-05	 4.363828e-05	-5.500683e-07	 0.000000e+00	-1.789234e-05	 4.364443e-05	-5.846150e-07	 0.000000e+00	
83:	-1.780203e-05	 4.363479e-05	-4.288932e-07	 0.000000e+00	-1.780767e-05	 4.363863e-05	-4.431635e-07	 0.000000e+00	-1.781331e-05	 4.364469e-05	-4.573950e-07	 0.000000e+00	-1.763102e-05	 4.358425e-05	-2.519873e-07	 0.000000e+00	-1.763630e-05	 4.358674e-05	-2.492222e-07	 0.000000e+00	-1.764159e-05	 4.358919e-05	-2.464387e-07	 0.000000e+00	-1.741544e-05	 4.353372e-05	-7.768817e-08	 0.000000e+00	-1.742063e-05	 4.353486e-05	-8.599450e-08	 0.000000e+00	-1.742581e-05	 4.353369e-05	-9.430280e-08	 0.000000e+00	
84:	-2.005742e-05	 4.792244e-05	-1.092429e-04	 0.000000e+00	-2.621621e-05	 5.626788e-05	-1.096476e-04	 0.000000e+00	-3.237500e-05	 6.483029e-05	-1.096948e-04	 0.000000e+00	-2.344385e-05	 4.433088e-05	-4.490642e-05	 0.000000e+00	-2.604268e-05	 4.905309e-05	-4.328838e-05	 0.000000e+00	-2.864150e-05	 5.383412e-05	-4.145243e-05	 0.000000e+00	-2.205433e-05	 4.073931e-05	-2.442866e-05	 0.000000e+00	-2.281975e-05	 4.183830e-05	-2.274523e-05	 0.000000e+00	-2.358516e-05	 4.283794e-05	-2.098341e-05	 0.000000e+00	
85:	-1.935428e-05	 3.957854e-05	-2.543500e-05	 0.000000e+00	-1.978457e-05	 3.967091e-05	-2.464363e-05	 0.000000e+00	-2.021487e-05	 3.964080e-05	-2.382012e-05	 0.000000e+00	-1.614930e-05	 3.918113e-05	-2.006471e-05	 0.000000e+00	-1.630213e-05	 3.943748e-05	-2.051234e-05	 0.000000e+00	-1.645495e-05	 3.965003e-05	-2.094726e-05	 0.000000e+00	-1.542512e-05	 3.878372e-05	-1.315203e-05	 0.000000e+00	-1.554098e-05	 3.920405e-05	-1.386496e-05	 0.000000e+00	-1.565684e-05	 3.965926e-05	-1.458461e-05	 0.000000e+00	
86:	-1.602134e-05	 3.901667e-05	-9.411918e-06	 0.000000e+00	-1.621082e-05	 3.943201e-05	-9.815310e-06	 0.000000e+00	-1.640030e-05	 3.989598e-05	-1.022809e-05	 0.000000e+00	-1.689851e-05	 4.021463e-05	-5.788598e-06	 0.000000e+00	-1.714038e-05	 4.044883e-05	-5.742775e-06	 0.000000e+00	-1.738224e-05	 4.070021e-05	-5.696031e-06	 0.000000e+00	-1.731937e-05	 4.141258e-05	-4.212184e-06	 0.000000e+00	-1.748608e-05	 4.146565e-05	-4.106392e-06	 0.000000e+00	-1.765278e-05	 4.150444e-05	-3.989374e-06	 0.000000e+00	
87:	-1.737521e-05	 4.182870e-05	-3.983313e-06	 0.000000e+00	-1.744899e-05	 4.183508e-05	-4.012392e-06	 0.000000e+00	-1.752277e-05	 4.182204e-05	-4.029542e-06	 0.000000e+00	-1.746582e-05	 4.206076e-05	-3.341870e-06	 0.000000e+00	-1.744081e-05	 4.208782e-05	-3.532954e-06	 0.000000e+00	-1.741580e-05	 4.210925e-05	-3.720002e-06	 0.000000e+00	-1.759522e-05	 4.229282e-05	-2.529910e-06	 0.000000e+00	-1.756910e-05	 4.234055e-05	-2.712293e-06	 0.000000e+00	-1.754298e-05	 4.239646e-05	-2.898532e-06	 0.000000e+00	
88:	-1.768554e-05	 4.245499e-05	-2.080870e-06	 0.000000e+00	-1.769760e-05	 4.250337e-05	-2.186940e-06	 0.000000e+00	-1.770966e-05	 4.256205e-05	-2.298052e-06	 0.000000e+00	-1.782304e-05	 4.278020e-05	-1.581102e-06	 0.000000e+00	-1.787380e-05	 4.281015e-05	-1.595624e-06	 0.000000e+00	-1.792457e-05	 4.284391e-05	-1.611362e-06	 0.000000e+00	-1.793198e-05	 4.310541e-05	-1.269292e-06	 0.000000e+00	-1.797411e-05	 4.311693e-05	-1.272523e-06	 0.000000e+00	-1.801624e-05	 4.312578e-05	-1.273144e-06	 0.000000e+00	
89:	-1.798130e-05	 4.323269e-05	-1.160294e-06	 0.000000e+00	-1.799971e-05	 4.323900e-05	-1.189423e-06	 0.000000e+00	-1.801811e-05	 4.324154e-05	-1.215432e-06	 0.000000e+00	-1.802771e-05	 4.334491e-05	-9.828633e-07	 0.000000e+00	-1.802031e-05	 4.335174e-05	-1.038822e-06	 0.000000e+00	-1.801291e-05	 4.335752e-05	-1.093732e-06	 0.000000e+00	-1.802363e-05	 4.345713e-05	-8.157427e-07	 0.000000e+00	-1.801606e-05	 4.346448e-05	-8.649838e-07	 0.000000e+00	-1.800849e-05	 4.347349e-05	-9.152463e-07	 0.000000e+00	
90:	-1.799921e-05	 4.350737e-05	-7.257119e-07	 0.000000e+00	-1.800172e-05	 4.351426e-05	-7.579527e-07	 0.000000e+00	-1.800422e-05	 4.352318e-05	-7.915210e-07	 0.000000e+00	-1.793756e-05	 4.356781e-05	-5.882969e-07	 0.000000e+00	-1.795018e-05	 4.357257e-05	-6.014649e-07	 0.000000e+00	-1.796281e-05	 4.357799e-05	-6.149411e-07	 0.000000e+00	-1.785360e-05	 4.362825e-05	-4.687126e-07	 0.000000e+00	-1.786373e-05	 4.363088e-05	-4.798107e-07	 0.000000e+00	-1.787386e-05	 4.363280e-05	-4.901979e-07	 0.000000e+00	
91:	-1.779219e-05	 4.363053e-05	-3.898242e-07	 0.000000e+00	-1.779609e-05	 4.363261e-05	-4.053226e-07	 0.000000e+00	-1.779998e-05	 4.363388e-05	-4.200822e-07	 0.000000e+00	-1.763043e-05	 4.357796e-05	-2.289094e-07	 0.000000e+00	-1.763089e-05	 4.358027e-05	-2.426826e-07	 0.000000e+00	-1.763135e-05	 4.358276e-05	-2.566404e-07	 0.000000e+00	-1.739259e-05	 4.352539e-05	-7.126308e-08	 0.000000e+00	-1.740105e-05	 4.352793e-05	-7.100867e-08	 0.000000e+00	-1.740951e-05	 4.353165e-05	-7.186218e-08	 0.000000e+00	
92:	-2.573443e-05	 9.573221e-06	-9.023041e-07	 0.000000e+00	-2.537797e-05	 9.637616e-06	-4.353296e-06	 0.000000e+00	-2.502151e-05	 9.810363e-06	-7.915836e-06	 0.000000e+00	-7.244424e-06	 1.420543e-05	-1.427640e-06	 0.000000e+00	-7.361201e-06	 1.440853e-05	-6.350072e-06	 0.000000e+00	-7.477979e-06	 1.488173e-05	-1.133304e-05	 0.000000e+00	-2.711520e-06	 1.883764e-05	-1.634853e-06	 0.000000e+00	-3.020993e-06	 1.917945e-05	-7.139172e-06	 0.000000e+00	-3.330466e-06	 1.995309e-05	-1.265302e-05	 0.000000e+00	
93:	-2.463389e-05	 9.969074e-06	-1.031191e-05	 0.000000e+00	-2.365830e-05	 1.046818e-05	-1.513725e-05	 0.000000e+00	-2.268271e-05	 1.127152e-05	-2.031240e-05	 0.000000e+00	-7.652745e-06	 1.528635e-05	-1.427806e-05	 0.000000e+00	-8.136549e-06	 1.627825e-05	-1.949330e-05	 0.000000e+00	-8.620353e-06	 1.765583e-05	-2.488943e-05	 0.000000e+00	-3.715625e-06	 2.060362e-05	-1.575779e-05	 0.000000e+00	-4.729747e-06	 2.208832e-05	-2.091501e-05	 0.000000e+00	-5.743870e-06	 2.404014e-05	-2.608419e-05	 0.000000e+00	
94:	-2.182939e-05	 1.192303e-05	-2.457807e-05	 0.000000e+00	-1.987255e-05	 1.402798e-05	-3.436669e-05	 0.000000e+00	-1.791572e-05	 1.747424e-05	-4.497737e-05	 0.000000e+00	-9.153449e-06	 1.865615e-05	-2.796690e-05	 0.000000e+00	-1.050162e-05	 2.103686e-05	-3.327485e-05	 0.000000e+00	-1.184980e-05	 2.430008e-05	-3.896257e-05	 0.000000e+00	-6.685153e-06	 2.538928e-05	-2.857740e-05	 0.000000e+00	-8.905740e-06	 2.804574e-05	-3.192806e-05	 0.000000e+00	-1.112633e-05	 3.112592e-05	-3.521619e-05	 0.000000e+00	
95:	-1.741516e-05	 2.023326e-05	-5.402560e-05	 0.000000e+00	-1.765183e-05	 2.833984e-05	-7.459642e-05	 0.000000e+00	-1.788850e-05	 4.099686e-05	-9.612455e-05	 0.000000e+00	-1.332720e-05	 2.666116e-05	-4.131329e-05	 0.000000e+00	-1.705608e-05	 3.236050e-05	-4.366045e-05	 0.000000e+00	-2.078497e-05	 4.025716e-05	-4.632019e-05	 0.000000e+00	-1.284195e-05	 3.308906e-05	-3.536977e-05	 0.000000e+00	-1.651707e-05	 3.638116e-05	-3.243538e-05	 0.000000e+00	-2.019219e-05	 3.951746e-05	-2.916885e-05	 0.000000e+00	
96:	-5.822004e-06	 2.218756e-05	-1.388126e-06	 0.000000e+00	-6.124778e-06	 2.252867e-05	-6.061506e-06	 0.000000e+00	-6.427552e-06	 2.329708e-05	-1.072761e-05	 0.000000e+00	-1.072909e-05	 2.906736e-05	-7.247973e-07	 0.000000e+00	-1.097323e-05	 2.926732e-05	-3.164340e-06	 0.000000e+00	-1.121736e-05	 2.971731e-05	-5.589840e-06	 0.000000e+00	-1.361341e-05	 3.594715e-05	-3.502575e-07	 0.000000e+00	-1.376170e-05	 3.600597e-05	-1.530963e-06	 0.000000e+00	-1.390999e-05	 3.613755e-05	-2.690861e-06	 0.000000e+00	
97:	-6.786940e-06	 2.394121e-05	-1.331482e-05	 0.000000e+00	-7.719200e-06	 2.538960e-05	-1.751863e-05	 0.000000e+00	-8.651460e-06	 2.727033e-05	-2.168258e-05	 0.000000e+00	-1.148854e-05	 3.009352e-05	-6.880709e-06	 0.000000e+00	-1.217630e-05	 3.092433e-05	-8.868678e-06	 0.000000e+00	-1.286406e-05	 3.198654e-05	-1.080760e-05	 0.000000e+00	-1.406745e-05	 3.624583e-05	-3.290704e-06	 0.000000e+00	-1.446025e-05	 3.645906e-05	-4.168012e-06	 0.000000e+00	-1.485304e-05	 3.670274e-05	-4.987102e-06	 0.000000e+00	
98:	-9.424416e-06	 2.855630e-05	-2.370983e-05	 0.000000e+00	-1.114841e-05	 3.097840e-05	-2.642492e-05	 0.000000e+00	-1.287241e-05	 3.365256e-05	-2.896443e-05	 0.000000e+00	-1.332792e-05	 3.270659e-05	-1.177097e-05	 0.000000e+00	-1.423420e-05	 3.404755e-05	-1.309570e-05	 0.000000e+00	-1.514048e-05	 3.550952e-05	-1.429865e-05	 0.000000e+00	-1.507922e-05	 3.685688e-05	-5.417945e-06	 0.000000e+00	-1.546365e-05	 3.711671e-05	-6.073138e-06	 0.000000e+00	-1.584809e-05	 3.736648e-05	-6.660349e-06	 0.000000e+00	
99:	-1.401925e-05	 3.528417e-05	-2.951580e-05	 0.000000e+00	-1.623638e-05	 3.759559e-05	-2.869373e-05	 0.000000e+00	-1.845350e-05	 3.919634e-05	-2.742133e-05	 0.000000e+00	-1.551952e-05	 3.639976e-05	-1.518356e-05	 0.000000e+00	-1.591581e-05	 3.774832e-05	-1.696352e-05	 0.000000e+00	-1.631211e-05	 3.883248e-05	-1.853169e-05	 0.000000e+00	-1.592721e-05	 3.751535e-05	-7.374309e-06	 0.000000e+00	-1.581468e-05	 3.790105e-05	-9.301771e-06	 0.000000e+00	-1.570216e-05	 3.846863e-05	-1.125599e-05	 0.000000e+00	
100:	-1.443179e-05	 3.816508e-05	-2.785963e-07	 0.000000e+00	-1.451143e-05	 3.818306e-05	-1.225067e-06	 0.000000e+00	-1.459107e-05	 3.822279e-05	-2.152105e-06	 0.000000e+00	-1.544115e-05	 3.890716e-05	-2.209758e-07	 0.000000e+00	-1.544552e-05	 3.892597e-05	-9.850773e-07	 0.000000e+00	-1.544989e-05	 3.896847e-05	-1.741239e-06	 0.000000e+00	-1.610291e-05	 3.964923e-05	-1.641538e-07	 0.000000e+00	-1.609521e-05	 3.966887e-05	-7.351972e-07	 0.000000e+00	-1.608751e-05	 3.971414e-05	-1.309792e-06	 0.000000e+00	
101:	-1.467458e-05	 3.825418e-05	-2.659574e-06	 0.000000e+00	-1.488194e-05	 3.829589e-05	-3.455595e-06	 0.000000e+00	-1.508930e-05	 3.831837e-05	-4.199882e-06	 0.000000e+00	-1.545387e-05	 3.900356e-05	-2.198383e-06	 0.000000e+00	-1.546318e-05	 3.907344e-05	-3.005229e-06	 0.000000e+00	-1.547250e-05	 3.915426e-05	-3.791793e-06	 0.000000e+00	-1.608069e-05	 3.975294e-05	-1.665219e-06	 0.000000e+00	-1.606496e-05	 3.985099e-05	-2.316963e-06	 0.000000e+00	-1.604922e-05	 3.999014e-05	-2.979881e-06	 0.000000e+00	
102:	-1.521108e-05	 3.832195e-05	-4.613306e-06	 0.000000e+00	-1.542222e-05	 3.830193e-05	-5.294794e-06	 0.000000e+00	-1.563335e-05	 3.824739e-05	-5.932357e-06	 0.000000e+00	-1.548946e-05	 3.920639e-05	-4.255141e-06	 0.000000e+00	-1.553844e-05	 3.930577e-05	-5.064250e-06	 0.000000e+00	-1.558742e-05	 3.941767e-05	-5.858317e-06	 0.000000e+00	-1.605794e-05	 4.009083e-05	-3.369594e-06	 0.000000e+00	-1.610361e-05	 4.030961e-05	-4.047645e-06	 0.000000e+00	-1.614928e-05	 4.058795e-05	-4.739536e-06	 0.000000e+00	
103:	-1.573157e-05	 3.821255e-05	-6.405286e-06	 0.000000e+00	-1.585797e-05	 3.834220e-05	-7.472578e-06	 0.000000e+00	-1.598437e-05	 3.873920e-05	-8.619327e-06	 0.000000e+00	-1.571964e-05	 3.949290e-05	-6.108588e-06	 0.000000e+00	-1.612504e-05	 3.970550e-05	-6.198486e-06	 0.000000e+00	-1.653044e-05	 4.003288e-05	-6.310383e-06	 0.000000e+00	-1.626977e-05	 4.077324e-05	-4.936069e-06	 0.000000e+00	-1.663815e-05	 4.106879e-05	-4.887741e-06	 0.000000e+00	-1.700653e-05	 4.132655e-05	-4.803954e-06	 0.000000e+00	
104:	-1.634354e-05	 4.013491e-05	-1.375124e-07	 0.000000e+00	-1.635425e-05	 4.015363e-05	-6.101692e-07	 0.000000e+00	-1.636495e-05	 4.019685e-05	-1.088484e-06	 0.000000e+00	-1.674518e-05	 4.106187e-05	-1.062373e-07	 0.000000e+00	-1.677530e-05	 4.107657e-05	-4.612910e-07	 0.000000e+00	-1.680542e-05	 4.110999e-05	-8.177482e-07	 0.000000e+00	-1.716556e-05	 4.198883e-05	-8.111411e-08	 0.000000e+00	-1.719171e-05	 4.199952e-05	-3.503913e-07	 0.000000e+00	-1.721785e-05	 4.202314e-05	-6.168178e-07	 0.000000e+00	
105:	-1.637941e-05	 4.023411e-05	-1.369803e-06	 0.000000e+00	-1.641839e-05	 4.033154e-05	-1.865270e-06	 0.000000e+00	-1.645736e-05	 4.047298e-05	-2.377281e-06	 0.000000e+00	-1.684161e-05	 4.113828e-05	-1.006090e-06	 0.000000e+00	-1.693586e-05	 4.120539e-05	-1.298253e-06	 0.000000e+00	-1.703010e-05	 4.129637e-05	-1.593967e-06	 0.000000e+00	-1.724817e-05	 4.204245e-05	-7.536930e-07	 0.000000e+00	-1.732620e-05	 4.207925e-05	-9.533818e-07	 0.000000e+00	-1.740424e-05	 4.211976e-05	-1.143628e-06	 0.000000e+00	
106:	-1.649961e-05	 4.057634e-05	-2.662156e-06	 0.000000e+00	-1.660580e-05	 4.080177e-05	-3.129601e-06	 0.000000e+00	-1.671199e-05	 4.108937e-05	-3.614342e-06	 0.000000e+00	-1.710250e-05	 4.136032e-05	-1.732126e-06	 0.000000e+00	-1.725707e-05	 4.148922e-05	-1.909093e-06	 0.000000e+00	-1.741165e-05	 4.164219e-05	-2.086358e-06	 0.000000e+00	-1.745880e-05	 4.214430e-05	-1.228287e-06	 0.000000e+00	-1.756826e-05	 4.217667e-05	-1.324283e-06	 0.000000e+00	-1.767771e-05	 4.219501e-05	-1.403575e-06	 0.000000e+00	
107:	-1.680701e-05	 4.127979e-05	-3.817034e-06	 0.000000e+00	-1.702734e-05	 4.156173e-05	-3.988510e-06	 0.000000e+00	-1.724768e-05	 4.177435e-05	-4.114801e-06	 0.000000e+00	-1.746767e-05	 4.174021e-05	-2.248538e-06	 0.000000e+00	-1.750560e-05	 4.189241e-05	-2.614765e-06	 0.000000e+00	-1.754353e-05	 4.201955e-05	-2.959847e-06	 0.000000e+00	-1.770600e-05	 4.220064e-05	-1.515366e-06	 0.000000e+00	-1.769374e-05	 4.222308e-05	-1.832894e-06	 0.000000e+00	-1.768148e-05	 4.226474e-05	-2.153316e-06	 0.000000e+00	
108:	-1.741104e-05	 4.234038e-05	-6.656219e-08	 0.000000e+00	-1.742554e-05	 4.234868e-05	-2.914967e-07	 0.000000e+00	-1.744005e-05	 4.236682e-05	-5.129123e-07	 0.000000e+00	-1.771519e-05	 4.262156e-05	-4.402127e-08	 0.000000e+00	-1.771572e-05	 4.262565e-05	-1.990253e-07	 0.000000e+00	-1.771625e-05	 4.263473e-05	-3.524676e-07	 0.000000e+00	-1.785363e-05	 4.290273e-05	-3.126273e-08	 0.000000e+00	-1.785095e-05	 4.290262e-05	-1.430133e-07	 0.000000e+00	-1.784828e-05	 4.290265e-05	-2.551597e-07	 0.000000e+00	
109:	-1.745599e-05	 4.238143e-05	-6.342399e-07	 0.000000e+00	-1.749627e-05	 4.240624e-05	-8.247503e-07	 0.000000e+00	-1.753656e-05	 4.242964e-05	-1.003972e-06	 0.000000e+00	-1.771538e-05	 4.264216e-05	-4.474248e-07	 0.000000e+00	-1.771186e-05	 4.265608e-05	-6.183155e-07	 0.000000e+00	-1.770834e-05	 4.267114e-05	-7.845672e-07	 0.000000e+00	-1.784437e-05	 4.290288e-05	-3.274465e-07	 0.000000e+00	-1.783363e-05	 4.290592e-05	-4.647557e-07	 0.000000e+00	-1.782288e-05	 4.291263e-05	-6.040755e-07	 0.000000e+00	
110:	-1.756193e-05	 4.244181e-05	-1.100586e-06	 0.000000e+00	-1.760884e-05	 4.244811e-05	-1.248948e-06	 0.000000e+00	-1.765576e-05	 4.243418e-05	-1.379163e-06	 0.000000e+00	-1.770156e-05	 4.268023e-05	-8.956302e-07	 0.000000e+00	-1.768176e-05	 4.269346e-05	-1.110095e-06	 0.000000e+00	-1.766196e-05	 4.270326e-05	-1.318449e-06	 0.000000e+00	-1.781384e-05	 4.291864e-05	-6.986601e-07	 0.000000e+00	-1.779353e-05	 4.293881e-05	-8.869065e-07	 0.000000e+00	-1.777322e-05	 4.297234e-05	-1.081078e-06	 0.000000e+00	
111:	-1.767306e-05	 4.241881e-05	-1.474580e-06	 0.000000e+00	-1.768560e-05	 4.241114e-05	-1.689345e-06	 0.000000e+00	-1.769814e-05	 4.243160e-05	-1.912422e-06	 0.000000e+00	-1.766881e-05	 4.270814e-05	-1.411067e-06	 0.000000e+00	-1.771217e-05	 4.272672e-05	-1.526809e-06	 0.000000e+00	-1.775553e-05	 4.275983e-05	-1.645445e-06	 0.000000e+00	-1.778022e-05	 4.299747e-05	-1.165796e-06	 0.000000e+00	-1.782460e-05	 4.304229e-05	-1.257302e-06	 0.000000e+00	-1.786897e-05	 4.308806e-05	-1.346283e-06	 0.000000e+00	
112:	-1.786531e-05	 4.303401e-05	-3.046610e-08	 0.000000e+00	-1.786516e-05	 4.303319e-05	-1.366160e-07	 0.000000e+00	-1.786501e-05	 4.303170e-05	-2.435942e-07	 0.000000e+00	-1.787982e-05	 4.320398e-05	-3.142295e-08	 0.000000e+00	-1.788293e-05	 4.320495e-05	-1.371997e-07	 0.000000e+00	-1.788604e-05	 4.320725e-05	-2.433334e-07	 0.000000e+00	-1.790334e-05	 4.337396e-05	-2.812019e-08	 0.000000e+00	-1.790712e-05	 4.337671e-05	-1.224316e-07	 0.000000e+00	-1.791089e-05	 4.338281e-05	-2.166286e-07	 0.000000e+00	
113:	-1.786492e-05	 4.303071e-05	-3.085266e-07	 0.000000e+00	-1.786477e-05	 4.303192e-05	-4.263063e-07	 0.000000e+00	-1.786462e-05	 4.303724e-05	-5.474207e-07	 0.000000e+00	-1.789055e-05	 4.320928e-05	-3.022545e-07	 0.000000e+00	-1.790297e-05	 4.321507e-05	-3.991696e-07	 0.000000e+00	-1.791539e-05	 4.322394e-05	-4.973201e-07	 0.000000e+00	-1.791590e-05	 4.338785e-05	-2.679581e-07	 0.000000e+00	-1.792934e-05	 4.339822e-05	-3.496708e-07	 0.000000e+00	-1.794277e-05	 4.341064e-05	-4.305194e-07	 0.000000e+00	
114:	-1.786625e-05	 4.304270e-05	-6.206956e-07	 0.000000e+00	-1.787198e-05	 4.306353e-05	-7.542491e-07	 0.000000e+00	-1.787771e-05	 4.309984e-05	-8.955675e-07	 0.000000e+00	-1.792852e-05	 4.323064e-05	-5.445981e-07	 0.000000e+00	-1.796124e-05	 4.324675e-05	-6.094428e-07	 0.000000e+00	-1.799396e-05	 4.326894e-05	-6.763355e-07	 0.000000e+00	-1.795491e-05	 4.341858e-05	-4.685189e-07	 0.000000e+00	-1.798317e-05	 4.342998e-05	-5.164450e-07	 0.000000e+00	-1.801143e-05	 4.343804e-05	-5.607026e-07	 0.000000e+00	
115:	-1.788894e-05	 4.312735e-05	-9.672416e-07	 0.000000e+00	-1.792179e-05	 4.317388e-05	-1.064847e-06	 0.000000e+00	-1.795464e-05	 4.321784e-05	-1.158778e-06	 0.000000e+00	-1.800833e-05	 4.328435e-05	-7.225373e-07	 0.000000e+00	-1.802501e-05	 4.331051e-05	-8.116707e-07	 0.000000e+00	-1.804169e-05	 4.333562e-05	-8.985979e-07	 0.000000e+00	-1.802215e-05	 4.344135e-05	-5.940706e-07	 0.000000e+00	-1.803074e-05	 4.344714e-05	-6.663733e-07	 0.000000e+00	-1.803932e-05	 4.345339e-05	-7.379378e-07	 0.000000e+00	
116:	-1.791819e-05	 4.344586e-05	-2.347009e-08	 0.000000e+00	-1.792128e-05	 4.344868e-05	-1.032383e-07	 0.000000e+00	-1.792437e-05	 4.345490e-05	-1.827664e-07	 0.000000e+00	-1.790012e-05	 4.352296e-05	-1.577249e-08	 0.000000e+00	-1.790200e-05	 4.352423e-05	-7.071807e-08	 0.000000e+00	-1.790387e-05	 4.352706e-05	-1.254636e-07	 0.000000e+00	-1.782044e-05	 4.360006e-05	-1.152971e-08	 0.000000e+00	-1.782132e-05	 4.359978e-05	-5.176860e-08	 0.000000e+00	-1.782221e-05	 4.359923e-05	-9.184755e-08	 0.000000e+00	
117:	-1.792798e-05	 4.346000e-05	-2.272454e-07	 0.000000e+00	-1.793732e-05	 4.347012e-05	-2.998818e-07	 0.000000e+00	-1.794667e-05	 4.348175e-05	-3.712136e-07	 0.000000e+00	-1.790552e-05	 4.352940e-05	-1.577202e-07	 0.000000e+00	-1.790929e-05	 4.353405e-05	-2.134891e-07	 0.000000e+00	-1.791307e-05	 4.353944e-05	-2.685393e-07	 0.000000e+00	-1.782289e-05	 4.359879e-05	-1.160766e-07	 0.000000e+00	-1.782432e-05	 4.359798e-05	-1.592779e-07	 0.000000e+00	-1.782576e-05	 4.359714e-05	-2.023465e-07	 0.000000e+00	
118:	-1.795324e-05	 4.348895e-05	-4.098606e-07	 0.000000e+00	-1.796648e-05	 4.349789e-05	-4.693170e-07	 0.000000e+00	-1.797972e-05	 4.350190e-05	-5.243360e-07	 0.000000e+00	-1.791338e-05	 4.354285e-05	-3.046322e-07	 0.000000e+00	-1.791068e-05	 4.354805e-05	-3.731996e-07	 0.000000e+00	-1.790797e-05	 4.355226e-05	-4.404050e-07	 0.000000e+00	-1.782567e-05	 4.359675e-05	-2.308252e-07	 0.000000e+00	-1.782393e-05	 4.359821e-05	-2.868152e-07	 0.000000e+00	-1.782219e-05	 4.360262e-05	-3.445183e-07	 0.000000e+00	
119:	-1.798571e-05	 4.350221e-05	-5.581491e-07	 0.000000e+00	-1.799303e-05	 4.350311e-05	-6.220535e-07	 0.000000e+00	-1.800035e-05	 4.350501e-05	-6.857421e-07	 0.000000e+00	-1.790923e-05	 4.355435e-05	-4.760198e-07	 0.000000e+00	-1.791627e-05	 4.355883e-05	-5.321560e-07	 0.000000e+00	-1.792330e-05	 4.356462e-05	-5.884037e-07	 0.000000e+00	-1.782417e-05	 4.360649e-05	-3.751127e-07	 0.000000e+00	-1.783272e-05	 4.361454e-05	-4.217244e-07	 0.000000e+00	-1.784127e-05	 4.362422e-05	-4.687750e-07	 0.000000e+00	
120:	-1.774559e-05	 4.360573e-05	-1.038525e-08	 0.000000e+00	-1.774605e-05	 4.360523e-05	-4.597659e-08	 0.000000e+00	-1.774651e-05	 4.360417e-05	-8.149223e-08	 0.000000e+00	-1.756632e-05	 4.354812e-05	-7.314686e-09	 0.000000e+00	-1.756705e-05	 4.354838e-05	-3.198022e-08	 0.000000e+00	-1.756778e-05	 4.354897e-05	-5.681947e-08	 0.000000e+00	-1.732276e-05	 4.349051e-05	-2.462057e-09	 0.000000e+00	-1.732514e-05	 4.349153e-05	-1.135059e-08	 0.000000e+00	-1.732751e-05	 4.349377e-05	-2.066225e-08	 0.000000e+00	
121:	-1.774708e-05	 4.360332e-05	-1.026768e-07	 0.000000e+00	-1.774859e-05	 4.360181e-05	-1.401071e-07	 0.000000e+00	-1.775010e-05	 4.360028e-05	-1.776868e-07	 0.000000e+00	-1.756898e-05	 4.354948e-05	-7.103963e-08	 0.000000e+00	-1.757237e-05	 4.355101e-05	-9.530000e-08	 0.000000e+00	-1.757576e-05	 4.355341e-05	-1.200938e-07	 0.000000e+00	-1.733034e-05	 4.349565e-05	-2.509542e-08	 0.000000e+00	-1.733772e-05	 4.350022e-05	-3.133729e-08	 0.000000e+00	-1.734510e-05	 4.350655e-05	-3.849647e-08	 0.000000e+00	
122:	-1.775213e-05	 4.359953e-05	-1.995871e-07	 0.000000e+00	-1.775758e-05	 4.360065e-05	-2.384982e-07	 0.000000e+00	-1.776303e-05	 4.360511e-05	-2.794656e-07	 0.000000e+00	-1.758010e-05	 4.355521e-05	-1.320439e-07	 0.000000e+00	-1.759164e-05	 4.355888e-05	-1.480759e-07	 0.000000e+00	-1.760319e-05	 4.356331e-05	-1.642678e-07	 0.000000e+00	-1.734934e-05	 4.351088e-05	-4.324875e-08	 0.000000e+00	-1.735655e-05	 4.351712e-05	-5.070794e-08	 0.000000e+00	-1.736376e-05	 4.352151e-05	-5.643090e-08	 0.000000e+00	
123:	-1.776754e-05	 4.360916e-05	-3.023462e-07	 0.000000e+00	-1.777760e-05	 4.361731e-05	-3.389288e-07	 0.000000e+00	-1.778767e-05	 4.362677e-05	-3.758958e-07	 0.000000e+00	-1.760968e-05	 4.356619e-05	-1.742220e-07	 0.000000e+00	-1.762044e-05	 4.357112e-05	-1.920502e-07	 0.000000e+00	-1.763121e-05	 4.357594e-05	-2.097483e-07	 0.000000e+00	-1.736837e-05	 4.352322e-05	-5.989939e-08	 0.000000e+00	-1.737700e-05	 4.352492e-05	-6.680056e-08	 0.000000e+00	-1.738564e-05	 4.352510e-05	-7.305720e-08	 0.000000e+00	
124:	-4.128908e-05	 1.758525e-05	-7.195078e-08	 0.000000e+00	-4.106073e-05	 1.773519e-05	-1.636400e-09	 0.000000e+00	-4.083239e-05	 1.747472e-05	 1.147538e-07	 0.000000e+00	-3.786310e-05	 1.624017e-05	-1.009699e-07	 0.000000e+00	-3.756253e-05	 1.624534e-05	-5.203380e-07	 0.000000e+00	-3.726196e-05	 1.596262e-05	-6.607625e-07	 0.000000e+00	-3.463755e-05	 1.489508e-05	-2.215569e-07	 0.000000e+00	-3.416125e-05	 1.475549e-05	-1.076155e-06	 0.000000e+00	-3.368496e-05	 1.445052e-05	-1.418941e-06	 0.000000e+00	
125:	-4.058995e-05	 1.716852e-05	-1.933896e-07	 0.000000e+00	-3.998516e-05	 1.689996e-05	-4.551644e-07	 0.000000e+00	-3.938037e-05	 1.703159e-05	 7.443989e-07	 0.000000e+00	-3.683823e-05	 1.568227e-05	-9.618801e-07	 0.000000e+00	-3.568264e-05	 1.525642e-05	-1.379669e-06	 0.000000e+00	-3.452706e-05	 1.493751e-05	-7.802082e-07	 0.000000e+00	-3.310725e-05	 1.419602e-05	-1.735113e-06	 0.000000e+00	-3.159824e-05	 1.361287e-05	-2.439248e-06	 0.000000e+00	-3.008922e-05	 1.284343e-05	-2.570220e-06	 0.000000e+00	
126:	-3.936085e-05	 1.725303e-05	 6.687329e-07	 0.000000e+00	-3.989857e-05	 1.728184e-05	-1.052989e-07	 0.000000e+00	-4.043629e-05	 1.678046e-05	 1.644068e-06	 0.000000e+00	-3.394640e-05	 1.478355e-05	-1.429001e-06	 0.000000e+00	-3.310657e-05	 1.430529e-05	-2.542098e-06	 0.000000e+00	-3.226674e-05	 1.351862e-05	 2.036636e-08	 0.000000e+00	-2.885586e-05	 1.231407e-05	-3.801382e-06	 0.000000e+00	-2.612641e-05	 1.132874e-05	-5.154977e-06	 0.000000e+00	-2.339696e-05	 1.025678e-05	-1.680847e-06	 0.000000e+00	
127:	-3.910113e-05	 1.620095e-05	-1.107087e-07	 0.000000e+00	-3.397516e-05	 1.404536e-05	-3.205262e-06	 0.000000e+00	-2.884918e-05	 1.032865e-05	 3.481692e-06	 0.000000e+00	-3.002190e-05	 1.292950e-05	-1.325057e-06	 0.000000e+00	-2.314737e-05	 1.185459e-05	-1.211846e-05	 0.000000e+00	-1.627284e-05	 1.072366e-05	-2.482485e-05	 0.000000e+00	-2.160589e-05	 9.658059e-06	-2.393578e-06	 0.000000e+00	-1.818035e-05	 9.663811e-06	-2.021688e-05	 0.000000e+00	-1.475482e-05	 1.111866e-05	-5.164768e-05	 0.000000e+00	
