order
2   2

knot vector length
6   6

number of control points
3   3

knot vector
0.000000000000000000000e+00   0.000000000000000000000e+00   0.000000000000000000000e+00   1.000000000000000000000e+00   1.000000000000000000000e+00   1.000000000000000000000e+00
0.000000000000000000000e+00   0.000000000000000000000e+00   0.000000000000000000000e+00   1.000000000000000000000e+00   1.000000000000000000000e+00   1.000000000000000000000e+00

control points
0   0.000000000000000000000e+00   0.000000000000000000000e+00   1.000000000000000000000e+00
1   2.500000000000000000000e-01   0.000000000000000000000e+00   1.000000000000000000000e+00
2   5.000000000000000000000e-01   0.000000000000000000000e+00   1.000000000000000000000e+00
3   0.000000000000000000000e+00   2.500000000000000000000e-01   1.000000000000000000000e+00
4   2.500000000000000000000e-01   2.500000000000000000000e-01   1.000000000000000000000e+00
5   5.000000000000000000000e-01   2.500000000000000000000e-01   1.000000000000000000000e+00
6   0.000000000000000000000e+00   5.000000000000000000000e-01   1.000000000000000000000e+00
7   2.500000000000000000000e-01   5.000000000000000000000e-01   1.000000000000000000000e+00
8   5.000000000000000000000e-01   5.000000000000000000000e-01   1.000000000000000000000e+00

control points for python format
patchX = np.array(
   [[ 0.000000000000000000000e+00,   0.000000000000000000000e+00,   1.000000000000000000000e+00 ],
    [ 2.500000000000000000000e-01,   0.000000000000000000000e+00,   1.000000000000000000000e+00 ],
    [ 5.000000000000000000000e-01,   0.000000000000000000000e+00,   1.000000000000000000000e+00 ],
    [ 0.000000000000000000000e+00,   2.500000000000000000000e-01,   1.000000000000000000000e+00 ],
    [ 2.500000000000000000000e-01,   2.500000000000000000000e-01,   1.000000000000000000000e+00 ],
    [ 5.000000000000000000000e-01,   2.500000000000000000000e-01,   1.000000000000000000000e+00 ],
    [ 0.000000000000000000000e+00,   5.000000000000000000000e-01,   1.000000000000000000000e+00 ],
    [ 2.500000000000000000000e-01,   5.000000000000000000000e-01,   1.000000000000000000000e+00 ],
    [ 5.000000000000000000000e-01,   5.000000000000000000000e-01,   1.000000000000000000000e+00 ]])