order
2   2

knot vector length
6   9

number of control points
3   6

knot vector
0.000000000000000000000e+00   0.000000000000000000000e+00   0.000000000000000000000e+00   1.000000000000000000000e+00   1.000000000000000000000e+00   1.000000000000000000000e+00
0.000000000000000000000e+00   0.000000000000000000000e+00   0.000000000000000000000e+00   2.500000000000000000000e-01   5.000000000000000000000e-01   7.500000000000000000000e-01   1.000000000000000000000e+00   1.000000000000000000000e+00   1.000000000000000000000e+00

control points
0   5.000000000000000000000e-01   5.000000000000000000000e-01   1.000000000000000000000e+00
1   7.500000000000000000000e-01   5.000000000000000000000e-01   1.000000000000000000000e+00
2   1.000000000000000000000e+00   5.000000000000000000000e-01   1.000000000000000000000e+00
3   5.000000000000000000000e-01   1.687500000000000000000e+00   1.000000000000000000000e+00
4   7.500000000000000000000e-01   1.687500000000000000000e+00   1.000000000000000000000e+00
5   1.000000000000000000000e+00   1.687500000000000000000e+00   1.000000000000000000000e+00
6   5.000000000000000000000e-01   4.062500000000000000000e+00   1.000000000000000000000e+00
7   7.500000000000000000000e-01   4.062500000000000000000e+00   1.000000000000000000000e+00
8   1.000000000000000000000e+00   4.062500000000000000000e+00   1.000000000000000000000e+00
9   5.000000000000000000000e-01   6.437500000000000000000e+00   1.000000000000000000000e+00
10   7.500000000000000000000e-01   6.437500000000000000000e+00   1.000000000000000000000e+00
11   1.000000000000000000000e+00   6.437500000000000000000e+00   1.000000000000000000000e+00
12   5.000000000000000000000e-01   8.812500000000000000000e+00   1.000000000000000000000e+00
13   7.500000000000000000000e-01   8.812500000000000000000e+00   1.000000000000000000000e+00
14   1.000000000000000000000e+00   8.812500000000000000000e+00   1.000000000000000000000e+00
15   5.000000000000000000000e-01   1.000000000000000000000e+01   1.000000000000000000000e+00
16   7.500000000000000000000e-01   1.000000000000000000000e+01   1.000000000000000000000e+00
17   1.000000000000000000000e+00   1.000000000000000000000e+01   1.000000000000000000000e+00

control points for python format
patchX = np.array(
   [[ 5.000000000000000000000e-01,   5.000000000000000000000e-01,   1.000000000000000000000e+00 ],
    [ 7.500000000000000000000e-01,   5.000000000000000000000e-01,   1.000000000000000000000e+00 ],
    [ 1.000000000000000000000e+00,   5.000000000000000000000e-01,   1.000000000000000000000e+00 ],
    [ 5.000000000000000000000e-01,   1.687500000000000000000e+00,   1.000000000000000000000e+00 ],
    [ 7.500000000000000000000e-01,   1.687500000000000000000e+00,   1.000000000000000000000e+00 ],
    [ 1.000000000000000000000e+00,   1.687500000000000000000e+00,   1.000000000000000000000e+00 ],
    [ 5.000000000000000000000e-01,   4.062500000000000000000e+00,   1.000000000000000000000e+00 ],
    [ 7.500000000000000000000e-01,   4.062500000000000000000e+00,   1.000000000000000000000e+00 ],
    [ 1.000000000000000000000e+00,   4.062500000000000000000e+00,   1.000000000000000000000e+00 ],
    [ 5.000000000000000000000e-01,   6.437500000000000000000e+00,   1.000000000000000000000e+00 ],
    [ 7.500000000000000000000e-01,   6.437500000000000000000e+00,   1.000000000000000000000e+00 ],
    [ 1.000000000000000000000e+00,   6.437500000000000000000e+00,   1.000000000000000000000e+00 ],
    [ 5.000000000000000000000e-01,   8.812500000000000000000e+00,   1.000000000000000000000e+00 ],
    [ 7.500000000000000000000e-01,   8.812500000000000000000e+00,   1.000000000000000000000e+00 ],
    [ 1.000000000000000000000e+00,   8.812500000000000000000e+00,   1.000000000000000000000e+00 ],
    [ 5.000000000000000000000e-01,   1.000000000000000000000e+01,   1.000000000000000000000e+00 ],
    [ 7.500000000000000000000e-01,   1.000000000000000000000e+01,   1.000000000000000000000e+00 ],
    [ 1.000000000000000000000e+00,   1.000000000000000000000e+01,   1.000000000000000000000e+00 ]])