order
2   2

knot vector length
6   9

number of control points
3   6

knot vector
0.000000000000000000000e+00   0.000000000000000000000e+00   0.000000000000000000000e+00   1.000000000000000000000e+00   1.000000000000000000000e+00   1.000000000000000000000e+00
0.000000000000000000000e+00   0.000000000000000000000e+00   0.000000000000000000000e+00   2.500000000000000000000e-01   5.000000000000000000000e-01   7.500000000000000000000e-01   1.000000000000000000000e+00   1.000000000000000000000e+00   1.000000000000000000000e+00

control points
0   0.000000000000000000000e+00   5.000000000000000000000e-01   1.000000000000000000000e+00
1   2.500000000000000000000e-01   5.000000000000000000000e-01   1.000000000000000000000e+00
2   5.000000000000000000000e-01   5.000000000000000000000e-01   1.000000000000000000000e+00
3   0.000000000000000000000e+00   1.687500000000000000000e+00   1.000000000000000000000e+00
4   2.500000000000000000000e-01   1.687500000000000000000e+00   1.000000000000000000000e+00
5   5.000000000000000000000e-01   1.687500000000000000000e+00   1.000000000000000000000e+00
6   0.000000000000000000000e+00   4.062500000000000000000e+00   1.000000000000000000000e+00
7   2.500000000000000000000e-01   4.062500000000000000000e+00   1.000000000000000000000e+00
8   5.000000000000000000000e-01   4.062500000000000000000e+00   1.000000000000000000000e+00
9   0.000000000000000000000e+00   6.437500000000000000000e+00   1.000000000000000000000e+00
10   2.500000000000000000000e-01   6.437500000000000000000e+00   1.000000000000000000000e+00
11   5.000000000000000000000e-01   6.437500000000000000000e+00   1.000000000000000000000e+00
12   0.000000000000000000000e+00   8.812500000000000000000e+00   1.000000000000000000000e+00
13   2.500000000000000000000e-01   8.812500000000000000000e+00   1.000000000000000000000e+00
14   5.000000000000000000000e-01   8.812500000000000000000e+00   1.000000000000000000000e+00
15   0.000000000000000000000e+00   1.000000000000000000000e+01   1.000000000000000000000e+00
16   2.500000000000000000000e-01   1.000000000000000000000e+01   1.000000000000000000000e+00
17   5.000000000000000000000e-01   1.000000000000000000000e+01   1.000000000000000000000e+00

control points for python format
patchX = np.array(
   [[ 0.000000000000000000000e+00,   5.000000000000000000000e-01,   1.000000000000000000000e+00 ],
    [ 2.500000000000000000000e-01,   5.000000000000000000000e-01,   1.000000000000000000000e+00 ],
    [ 5.000000000000000000000e-01,   5.000000000000000000000e-01,   1.000000000000000000000e+00 ],
    [ 0.000000000000000000000e+00,   1.687500000000000000000e+00,   1.000000000000000000000e+00 ],
    [ 2.500000000000000000000e-01,   1.687500000000000000000e+00,   1.000000000000000000000e+00 ],
    [ 5.000000000000000000000e-01,   1.687500000000000000000e+00,   1.000000000000000000000e+00 ],
    [ 0.000000000000000000000e+00,   4.062500000000000000000e+00,   1.000000000000000000000e+00 ],
    [ 2.500000000000000000000e-01,   4.062500000000000000000e+00,   1.000000000000000000000e+00 ],
    [ 5.000000000000000000000e-01,   4.062500000000000000000e+00,   1.000000000000000000000e+00 ],
    [ 0.000000000000000000000e+00,   6.437500000000000000000e+00,   1.000000000000000000000e+00 ],
    [ 2.500000000000000000000e-01,   6.437500000000000000000e+00,   1.000000000000000000000e+00 ],
    [ 5.000000000000000000000e-01,   6.437500000000000000000e+00,   1.000000000000000000000e+00 ],
    [ 0.000000000000000000000e+00,   8.812500000000000000000e+00,   1.000000000000000000000e+00 ],
    [ 2.500000000000000000000e-01,   8.812500000000000000000e+00,   1.000000000000000000000e+00 ],
    [ 5.000000000000000000000e-01,   8.812500000000000000000e+00,   1.000000000000000000000e+00 ],
    [ 0.000000000000000000000e+00,   1.000000000000000000000e+01,   1.000000000000000000000e+00 ],
    [ 2.500000000000000000000e-01,   1.000000000000000000000e+01,   1.000000000000000000000e+00 ],
    [ 5.000000000000000000000e-01,   1.000000000000000000000e+01,   1.000000000000000000000e+00 ]])