order
2   2

knot vector length
9   9

number of control points
6   6

knot vector
0.000000000000000000000e+00   0.000000000000000000000e+00   0.000000000000000000000e+00   2.500000000000000000000e-01   5.000000000000000000000e-01   7.500000000000000000000e-01   1.000000000000000000000e+00   1.000000000000000000000e+00   1.000000000000000000000e+00
0.000000000000000000000e+00   0.000000000000000000000e+00   0.000000000000000000000e+00   2.500000000000000000000e-01   5.000000000000000000000e-01   7.500000000000000000000e-01   1.000000000000000000000e+00   1.000000000000000000000e+00   1.000000000000000000000e+00

control points
0   1.500000000000000000000e+00   5.000000000000000000000e-01   1.000000000000000000000e+00
1   2.562500000000000000000e+00   5.000000000000000000000e-01   1.000000000000000000000e+00
2   4.687500000000000000000e+00   5.000000000000000000000e-01   1.000000000000000000000e+00
3   6.812500000000000000000e+00   5.000000000000000000000e-01   1.000000000000000000000e+00
4   8.937500000000000000000e+00   5.000000000000000000000e-01   1.000000000000000000000e+00
5   1.000000000000000000000e+01   5.000000000000000000000e-01   1.000000000000000000000e+00
6   1.500000000000000000000e+00   1.687500000000000000000e+00   1.000000000000000000000e+00
7   2.562500000000000000000e+00   1.687500000000000000000e+00   1.000000000000000000000e+00
8   4.687500000000000000000e+00   1.687500000000000000000e+00   1.000000000000000000000e+00
9   6.812500000000000000000e+00   1.687500000000000000000e+00   1.000000000000000000000e+00
10   8.937500000000000000000e+00   1.687500000000000000000e+00   1.000000000000000000000e+00
11   1.000000000000000000000e+01   1.687500000000000000000e+00   1.000000000000000000000e+00
12   1.500000000000000000000e+00   4.062500000000000000000e+00   1.000000000000000000000e+00
13   2.562500000000000000000e+00   4.062500000000000000000e+00   1.000000000000000000000e+00
14   4.687500000000000000000e+00   4.062500000000000000000e+00   1.000000000000000000000e+00
15   6.812500000000000000000e+00   4.062500000000000000000e+00   1.000000000000000000000e+00
16   8.937500000000000000000e+00   4.062500000000000000000e+00   1.000000000000000000000e+00
17   1.000000000000000000000e+01   4.062500000000000000000e+00   1.000000000000000000000e+00
18   1.500000000000000000000e+00   6.437500000000000000000e+00   1.000000000000000000000e+00
19   2.562500000000000000000e+00   6.437500000000000000000e+00   1.000000000000000000000e+00
20   4.687500000000000000000e+00   6.437500000000000000000e+00   1.000000000000000000000e+00
21   6.812500000000000000000e+00   6.437500000000000000000e+00   1.000000000000000000000e+00
22   8.937500000000000000000e+00   6.437500000000000000000e+00   1.000000000000000000000e+00
23   1.000000000000000000000e+01   6.437500000000000000000e+00   1.000000000000000000000e+00
24   1.500000000000000000000e+00   8.812500000000000000000e+00   1.000000000000000000000e+00
25   2.562500000000000000000e+00   8.812500000000000000000e+00   1.000000000000000000000e+00
26   4.687500000000000000000e+00   8.812500000000000000000e+00   1.000000000000000000000e+00
27   6.812500000000000000000e+00   8.812500000000000000000e+00   1.000000000000000000000e+00
28   8.937500000000000000000e+00   8.812500000000000000000e+00   1.000000000000000000000e+00
29   1.000000000000000000000e+01   8.812500000000000000000e+00   1.000000000000000000000e+00
30   1.500000000000000000000e+00   1.000000000000000000000e+01   1.000000000000000000000e+00
31   2.562500000000000000000e+00   1.000000000000000000000e+01   1.000000000000000000000e+00
32   4.687500000000000000000e+00   1.000000000000000000000e+01   1.000000000000000000000e+00
33   6.812500000000000000000e+00   1.000000000000000000000e+01   1.000000000000000000000e+00
34   8.937500000000000000000e+00   1.000000000000000000000e+01   1.000000000000000000000e+00
35   1.000000000000000000000e+01   1.000000000000000000000e+01   1.000000000000000000000e+00

control points for python format
patchX = np.array(
   [[ 1.500000000000000000000e+00,   5.000000000000000000000e-01,   1.000000000000000000000e+00 ],
    [ 2.562500000000000000000e+00,   5.000000000000000000000e-01,   1.000000000000000000000e+00 ],
    [ 4.687500000000000000000e+00,   5.000000000000000000000e-01,   1.000000000000000000000e+00 ],
    [ 6.812500000000000000000e+00,   5.000000000000000000000e-01,   1.000000000000000000000e+00 ],
    [ 8.937500000000000000000e+00,   5.000000000000000000000e-01,   1.000000000000000000000e+00 ],
    [ 1.000000000000000000000e+01,   5.000000000000000000000e-01,   1.000000000000000000000e+00 ],
    [ 1.500000000000000000000e+00,   1.687500000000000000000e+00,   1.000000000000000000000e+00 ],
    [ 2.562500000000000000000e+00,   1.687500000000000000000e+00,   1.000000000000000000000e+00 ],
    [ 4.687500000000000000000e+00,   1.687500000000000000000e+00,   1.000000000000000000000e+00 ],
    [ 6.812500000000000000000e+00,   1.687500000000000000000e+00,   1.000000000000000000000e+00 ],
    [ 8.937500000000000000000e+00,   1.687500000000000000000e+00,   1.000000000000000000000e+00 ],
    [ 1.000000000000000000000e+01,   1.687500000000000000000e+00,   1.000000000000000000000e+00 ],
    [ 1.500000000000000000000e+00,   4.062500000000000000000e+00,   1.000000000000000000000e+00 ],
    [ 2.562500000000000000000e+00,   4.062500000000000000000e+00,   1.000000000000000000000e+00 ],
    [ 4.687500000000000000000e+00,   4.062500000000000000000e+00,   1.000000000000000000000e+00 ],
    [ 6.812500000000000000000e+00,   4.062500000000000000000e+00,   1.000000000000000000000e+00 ],
    [ 8.937500000000000000000e+00,   4.062500000000000000000e+00,   1.000000000000000000000e+00 ],
    [ 1.000000000000000000000e+01,   4.062500000000000000000e+00,   1.000000000000000000000e+00 ],
    [ 1.500000000000000000000e+00,   6.437500000000000000000e+00,   1.000000000000000000000e+00 ],
    [ 2.562500000000000000000e+00,   6.437500000000000000000e+00,   1.000000000000000000000e+00 ],
    [ 4.687500000000000000000e+00,   6.437500000000000000000e+00,   1.000000000000000000000e+00 ],
    [ 6.812500000000000000000e+00,   6.437500000000000000000e+00,   1.000000000000000000000e+00 ],
    [ 8.937500000000000000000e+00,   6.437500000000000000000e+00,   1.000000000000000000000e+00 ],
    [ 1.000000000000000000000e+01,   6.437500000000000000000e+00,   1.000000000000000000000e+00 ],
    [ 1.500000000000000000000e+00,   8.812500000000000000000e+00,   1.000000000000000000000e+00 ],
    [ 2.562500000000000000000e+00,   8.812500000000000000000e+00,   1.000000000000000000000e+00 ],
    [ 4.687500000000000000000e+00,   8.812500000000000000000e+00,   1.000000000000000000000e+00 ],
    [ 6.812500000000000000000e+00,   8.812500000000000000000e+00,   1.000000000000000000000e+00 ],
    [ 8.937500000000000000000e+00,   8.812500000000000000000e+00,   1.000000000000000000000e+00 ],
    [ 1.000000000000000000000e+01,   8.812500000000000000000e+00,   1.000000000000000000000e+00 ],
    [ 1.500000000000000000000e+00,   1.000000000000000000000e+01,   1.000000000000000000000e+00 ],
    [ 2.562500000000000000000e+00,   1.000000000000000000000e+01,   1.000000000000000000000e+00 ],
    [ 4.687500000000000000000e+00,   1.000000000000000000000e+01,   1.000000000000000000000e+00 ],
    [ 6.812500000000000000000e+00,   1.000000000000000000000e+01,   1.000000000000000000000e+00 ],
    [ 8.937500000000000000000e+00,   1.000000000000000000000e+01,   1.000000000000000000000e+00 ],
    [ 1.000000000000000000000e+01,   1.000000000000000000000e+01,   1.000000000000000000000e+00 ]])