order
2   2

knot vector length
9   6

number of control points
6   3

knot vector
0.000000000000000000000e+00   0.000000000000000000000e+00   0.000000000000000000000e+00   2.500000000000000000000e-01   5.000000000000000000000e-01   7.500000000000000000000e-01   1.000000000000000000000e+00   1.000000000000000000000e+00   1.000000000000000000000e+00
0.000000000000000000000e+00   0.000000000000000000000e+00   0.000000000000000000000e+00   1.000000000000000000000e+00   1.000000000000000000000e+00   1.000000000000000000000e+00

control points
0   1.500000000000000000000e+00   0.000000000000000000000e+00   1.000000000000000000000e+00
1   2.562500000000000000000e+00   0.000000000000000000000e+00   1.000000000000000000000e+00
2   4.687500000000000000000e+00   0.000000000000000000000e+00   1.000000000000000000000e+00
3   6.812500000000000000000e+00   0.000000000000000000000e+00   1.000000000000000000000e+00
4   8.937500000000000000000e+00   0.000000000000000000000e+00   1.000000000000000000000e+00
5   1.000000000000000000000e+01   0.000000000000000000000e+00   1.000000000000000000000e+00
6   1.500000000000000000000e+00   2.500000000000000000000e-01   1.000000000000000000000e+00
7   2.562500000000000000000e+00   2.500000000000000000000e-01   1.000000000000000000000e+00
8   4.687500000000000000000e+00   2.500000000000000000000e-01   1.000000000000000000000e+00
9   6.812500000000000000000e+00   2.500000000000000000000e-01   1.000000000000000000000e+00
10   8.937500000000000000000e+00   2.500000000000000000000e-01   1.000000000000000000000e+00
11   1.000000000000000000000e+01   2.500000000000000000000e-01   1.000000000000000000000e+00
12   1.500000000000000000000e+00   5.000000000000000000000e-01   1.000000000000000000000e+00
13   2.562500000000000000000e+00   5.000000000000000000000e-01   1.000000000000000000000e+00
14   4.687500000000000000000e+00   5.000000000000000000000e-01   1.000000000000000000000e+00
15   6.812500000000000000000e+00   5.000000000000000000000e-01   1.000000000000000000000e+00
16   8.937500000000000000000e+00   5.000000000000000000000e-01   1.000000000000000000000e+00
17   1.000000000000000000000e+01   5.000000000000000000000e-01   1.000000000000000000000e+00

control points for python format
patchX = np.array(
   [[ 1.500000000000000000000e+00,   0.000000000000000000000e+00,   1.000000000000000000000e+00 ],
    [ 2.562500000000000000000e+00,   0.000000000000000000000e+00,   1.000000000000000000000e+00 ],
    [ 4.687500000000000000000e+00,   0.000000000000000000000e+00,   1.000000000000000000000e+00 ],
    [ 6.812500000000000000000e+00,   0.000000000000000000000e+00,   1.000000000000000000000e+00 ],
    [ 8.937500000000000000000e+00,   0.000000000000000000000e+00,   1.000000000000000000000e+00 ],
    [ 1.000000000000000000000e+01,   0.000000000000000000000e+00,   1.000000000000000000000e+00 ],
    [ 1.500000000000000000000e+00,   2.500000000000000000000e-01,   1.000000000000000000000e+00 ],
    [ 2.562500000000000000000e+00,   2.500000000000000000000e-01,   1.000000000000000000000e+00 ],
    [ 4.687500000000000000000e+00,   2.500000000000000000000e-01,   1.000000000000000000000e+00 ],
    [ 6.812500000000000000000e+00,   2.500000000000000000000e-01,   1.000000000000000000000e+00 ],
    [ 8.937500000000000000000e+00,   2.500000000000000000000e-01,   1.000000000000000000000e+00 ],
    [ 1.000000000000000000000e+01,   2.500000000000000000000e-01,   1.000000000000000000000e+00 ],
    [ 1.500000000000000000000e+00,   5.000000000000000000000e-01,   1.000000000000000000000e+00 ],
    [ 2.562500000000000000000e+00,   5.000000000000000000000e-01,   1.000000000000000000000e+00 ],
    [ 4.687500000000000000000e+00,   5.000000000000000000000e-01,   1.000000000000000000000e+00 ],
    [ 6.812500000000000000000e+00,   5.000000000000000000000e-01,   1.000000000000000000000e+00 ],
    [ 8.937500000000000000000e+00,   5.000000000000000000000e-01,   1.000000000000000000000e+00 ],
    [ 1.000000000000000000000e+01,   5.000000000000000000000e-01,   1.000000000000000000000e+00 ]])