0 -1.0000000000000e+00  -1.0000000000000e+00  0.0000000000000e+00  0.0000000000000e+00  0.0000000000000e+00  0.0000000000000e+00
0 -8.0000000000000e-01  -1.0000000000000e+00  5.0000000000000e-01  0.0000000000000e+00  2.2087378642790e-06  0.0000000000000e+00
0 -6.0000000000000e-01  -1.0000000000000e+00  1.0000000000000e+00  0.0000000000000e+00  4.4174757285314e-06  0.0000000000000e+00
0 -4.0000000000000e-01  -1.0000000000000e+00  1.5000000000000e+00  0.0000000000000e+00  6.6262135927572e-06  0.0000000000000e+00
0 -2.0000000000000e-01  -1.0000000000000e+00  2.0000000000000e+00  0.0000000000000e+00  8.8349514569564e-06  0.0000000000000e+00
0  0.0000000000000e+00  -1.0000000000000e+00  2.5000000000000e+00  0.0000000000000e+00  1.1043689321129e-05  0.0000000000000e+00
0  2.0000000000000e-01  -1.0000000000000e+00  3.0000000000000e+00  0.0000000000000e+00  1.3252427185275e-05  0.0000000000000e+00
0  4.0000000000000e-01  -1.0000000000000e+00  3.5000000000000e+00  0.0000000000000e+00  1.5461165049395e-05  0.0000000000000e+00
0  6.0000000000000e-01  -1.0000000000000e+00  4.0000000000000e+00  0.0000000000000e+00  1.7669902913488e-05  0.0000000000000e+00
0  8.0000000000000e-01  -1.0000000000000e+00  4.5000000000000e+00  0.0000000000000e+00  1.9878640777554e-05  0.0000000000000e+00
0  1.0000000000000e+00  -1.0000000000000e+00  5.0000000000000e+00  0.0000000000000e+00  2.2087378641594e-05  0.0000000000000e+00
0 -1.0000000000000e+00  -8.0000000000000e-01  0.0000000000000e+00  5.0000000000000e-01  0.0000000000000e+00 -9.4660194159038e-07
0 -8.0000000000000e-01  -8.0000000000000e-01  5.0000000000000e-01  5.0000000000000e-01  2.2087378642273e-06 -9.4660194160609e-07
0 -6.0000000000000e-01  -8.0000000000000e-01  1.0000000000000e+00  5.0000000000000e-01  4.4174757284358e-06 -9.4660194162077e-07
0 -4.0000000000000e-01  -8.0000000000000e-01  1.5000000000000e+00  5.0000000000000e-01  6.6262135926256e-06 -9.4660194163443e-07
0 -2.0000000000000e-01  -8.0000000000000e-01  2.0000000000000e+00  5.0000000000000e-01  8.8349514567965e-06 -9.4660194164707e-07
0  0.0000000000000e+00  -8.0000000000000e-01  2.5000000000000e+00  5.0000000000000e-01  1.1043689320949e-05 -9.4660194165868e-07
0  2.0000000000000e-01  -8.0000000000000e-01  3.0000000000000e+00  5.0000000000000e-01  1.3252427185082e-05 -9.4660194166927e-07
0  4.0000000000000e-01  -8.0000000000000e-01  3.5000000000000e+00  5.0000000000000e-01  1.5461165049197e-05 -9.4660194167884e-07
0  6.0000000000000e-01  -8.0000000000000e-01  4.0000000000000e+00  5.0000000000000e-01  1.7669902913293e-05 -9.4660194168738e-07
0  8.0000000000000e-01  -8.0000000000000e-01  4.5000000000000e+00  5.0000000000000e-01  1.9878640777370e-05 -9.4660194169490e-07
0  1.0000000000000e+00  -8.0000000000000e-01  5.0000000000000e+00  5.0000000000000e-01  2.2087378641428e-05 -9.4660194170139e-07
0 -1.0000000000000e+00  -6.0000000000000e-01  0.0000000000000e+00  1.0000000000000e+00  0.0000000000000e+00 -1.8932038832338e-06
0 -8.0000000000000e-01  -6.0000000000000e-01  5.0000000000000e-01  1.0000000000000e+00  2.2087378641909e-06 -1.8932038832545e-06
0 -6.0000000000000e-01  -6.0000000000000e-01  1.0000000000000e+00  1.0000000000000e+00  4.4174757283680e-06 -1.8932038832743e-06
0 -4.0000000000000e-01  -6.0000000000000e-01  1.5000000000000e+00  1.0000000000000e+00  6.6262135925314e-06 -1.8932038832932e-06
0 -2.0000000000000e-01  -6.0000000000000e-01  2.0000000000000e+00  1.0000000000000e+00  8.8349514566809e-06 -1.8932038833113e-06
0  0.0000000000000e+00  -6.0000000000000e-01  2.5000000000000e+00  1.0000000000000e+00  1.1043689320817e-05 -1.8932038833284e-06
0  2.0000000000000e-01  -6.0000000000000e-01  3.0000000000000e+00  1.0000000000000e+00  1.3252427184939e-05 -1.8932038833447e-06
0  4.0000000000000e-01  -6.0000000000000e-01  3.5000000000000e+00  1.0000000000000e+00  1.5461165049047e-05 -1.8932038833600e-06
0  6.0000000000000e-01  -6.0000000000000e-01  4.0000000000000e+00  1.0000000000000e+00  1.7669902913141e-05 -1.8932038833745e-06
0  8.0000000000000e-01  -6.0000000000000e-01  4.5000000000000e+00  1.0000000000000e+00  1.9878640777222e-05 -1.8932038833881e-06
0  1.0000000000000e+00  -6.0000000000000e-01  5.0000000000000e+00  1.0000000000000e+00  2.2087378641289e-05 -1.8932038834008e-06
0 -1.0000000000000e+00  -4.0000000000000e-01  0.0000000000000e+00  1.5000000000000e+00  0.0000000000000e+00 -2.8398058249303e-06
0 -8.0000000000000e-01  -4.0000000000000e-01  5.0000000000000e-01  1.5000000000000e+00  2.2087378641698e-06 -2.8398058249452e-06
0 -6.0000000000000e-01  -4.0000000000000e-01  1.0000000000000e+00  1.5000000000000e+00  4.4174757283280e-06 -2.8398058249606e-06
0 -4.0000000000000e-01  -4.0000000000000e-01  1.5000000000000e+00  1.5000000000000e+00  6.6262135924746e-06 -2.8398058249764e-06
0 -2.0000000000000e-01  -4.0000000000000e-01  2.0000000000000e+00  1.5000000000000e+00  8.8349514566096e-06 -2.8398058249926e-06
0  0.0000000000000e+00  -4.0000000000000e-01  2.5000000000000e+00  1.5000000000000e+00  1.1043689320733e-05 -2.8398058250092e-06
0  2.0000000000000e-01  -4.0000000000000e-01  3.0000000000000e+00  1.5000000000000e+00  1.3252427184845e-05 -2.8398058250262e-06
0  4.0000000000000e-01  -4.0000000000000e-01  3.5000000000000e+00  1.5000000000000e+00  1.5461165048945e-05 -2.8398058250436e-06
0  6.0000000000000e-01  -4.0000000000000e-01  4.0000000000000e+00  1.5000000000000e+00  1.7669902913033e-05 -2.8398058250614e-06
0  8.0000000000000e-01  -4.0000000000000e-01  4.5000000000000e+00  1.5000000000000e+00  1.9878640777110e-05 -2.8398058250797e-06
0  1.0000000000000e+00  -4.0000000000000e-01  5.0000000000000e+00  1.5000000000000e+00  2.2087378641176e-05 -2.8398058250984e-06
0 -1.0000000000000e+00  -2.0000000000000e-01  0.0000000000000e+00  2.0000000000000e+00  0.0000000000000e+00 -3.7864077666798e-06
0 -8.0000000000000e-01  -2.0000000000000e-01  5.0000000000000e-01  2.0000000000000e+00  2.2087378641640e-06 -3.7864077666783e-06
0 -6.0000000000000e-01  -2.0000000000000e-01  1.0000000000000e+00  2.0000000000000e+00  4.4174757283157e-06 -3.7864077666797e-06
0 -4.0000000000000e-01  -2.0000000000000e-01  1.5000000000000e+00  2.0000000000000e+00  6.6262135924552e-06 -3.7864077666839e-06
0 -2.0000000000000e-01  -2.0000000000000e-01  2.0000000000000e+00  2.0000000000000e+00  8.8349514565825e-06 -3.7864077666910e-06
0  0.0000000000000e+00  -2.0000000000000e-01  2.5000000000000e+00  2.0000000000000e+00  1.1043689320697e-05 -3.7864077667010e-06
0  2.0000000000000e-01  -2.0000000000000e-01  3.0000000000000e+00  2.0000000000000e+00  1.3252427184800e-05 -3.7864077667138e-06
0  4.0000000000000e-01  -2.0000000000000e-01  3.5000000000000e+00  2.0000000000000e+00  1.5461165048891e-05 -3.7864077667295e-06
0  6.0000000000000e-01  -2.0000000000000e-01  4.0000000000000e+00  2.0000000000000e+00  1.7669902912969e-05 -3.7864077667481e-06
0  8.0000000000000e-01  -2.0000000000000e-01  4.5000000000000e+00  2.0000000000000e+00  1.9878640777035e-05 -3.7864077667696e-06
0  1.0000000000000e+00  -2.0000000000000e-01  5.0000000000000e+00  2.0000000000000e+00  2.2087378641089e-05 -3.7864077667940e-06
0 -1.0000000000000e+00   0.0000000000000e+00  0.0000000000000e+00  2.5000000000000e+00  0.0000000000000e+00 -4.7330097084824e-06
0 -8.0000000000000e-01   0.0000000000000e+00  5.0000000000000e-01  2.5000000000000e+00  2.2087378641735e-06 -4.7330097084537e-06
0 -6.0000000000000e-01   0.0000000000000e+00  1.0000000000000e+00  2.5000000000000e+00  4.4174757283313e-06 -4.7330097084315e-06
0 -4.0000000000000e-01   0.0000000000000e+00  1.5000000000000e+00  2.5000000000000e+00  6.6262135924733e-06 -4.7330097084158e-06
0 -2.0000000000000e-01   0.0000000000000e+00  2.0000000000000e+00  2.5000000000000e+00  8.8349514565997e-06 -4.7330097084065e-06
0  0.0000000000000e+00   0.0000000000000e+00  2.5000000000000e+00  2.5000000000000e+00  1.1043689320710e-05 -4.7330097084038e-06
0  2.0000000000000e-01   0.0000000000000e+00  3.0000000000000e+00  2.5000000000000e+00  1.3252427184805e-05 -4.7330097084076e-06
0  4.0000000000000e-01   0.0000000000000e+00  3.5000000000000e+00  2.5000000000000e+00  1.5461165048884e-05 -4.7330097084178e-06
0  6.0000000000000e-01   0.0000000000000e+00  4.0000000000000e+00  2.5000000000000e+00  1.7669902912948e-05 -4.7330097084346e-06
0  8.0000000000000e-01   0.0000000000000e+00  4.5000000000000e+00  2.5000000000000e+00  1.9878640776996e-05 -4.7330097084578e-06
0  1.0000000000000e+00   0.0000000000000e+00  5.0000000000000e+00  2.5000000000000e+00  2.2087378641028e-05 -4.7330097084876e-06
0 -1.0000000000000e+00   2.0000000000000e-01  0.0000000000000e+00  3.0000000000000e+00  0.0000000000000e+00 -5.6796116503380e-06
0 -8.0000000000000e-01   2.0000000000000e-01  5.0000000000000e-01  3.0000000000000e+00  2.2087378641983e-06 -5.6796116502714e-06
0 -6.0000000000000e-01   2.0000000000000e-01  1.0000000000000e+00  3.0000000000000e+00  4.4174757283746e-06 -5.6796116502161e-06
0 -4.0000000000000e-01   2.0000000000000e-01  1.5000000000000e+00  3.0000000000000e+00  6.6262135925288e-06 -5.6796116501720e-06
0 -2.0000000000000e-01   2.0000000000000e-01  2.0000000000000e+00  3.0000000000000e+00  8.8349514566611e-06 -5.6796116501392e-06
0  0.0000000000000e+00   2.0000000000000e-01  2.5000000000000e+00  3.0000000000000e+00  1.1043689320771e-05 -5.6796116501177e-06
0  2.0000000000000e-01   2.0000000000000e-01  3.0000000000000e+00  3.0000000000000e+00  1.3252427184860e-05 -5.6796116501074e-06
0  4.0000000000000e-01   2.0000000000000e-01  3.5000000000000e+00  3.0000000000000e+00  1.5461165048926e-05 -5.6796116501085e-06
0  6.0000000000000e-01   2.0000000000000e-01  4.0000000000000e+00  3.0000000000000e+00  1.7669902912970e-05 -5.6796116501208e-06
0  8.0000000000000e-01   2.0000000000000e-01  4.5000000000000e+00  3.0000000000000e+00  1.9878640776993e-05 -5.6796116501444e-06
0  1.0000000000000e+00   2.0000000000000e-01  5.0000000000000e+00  3.0000000000000e+00  2.2087378640993e-05 -5.6796116501793e-06
0 -1.0000000000000e+00   4.0000000000000e-01  0.0000000000000e+00  3.5000000000000e+00  0.0000000000000e+00 -6.6262135922467e-06
0 -8.0000000000000e-01   4.0000000000000e-01  5.0000000000000e-01  3.5000000000000e+00  2.2087378642384e-06 -6.6262135921314e-06
0 -6.0000000000000e-01   4.0000000000000e-01  1.0000000000000e+00  3.5000000000000e+00  4.4174757284456e-06 -6.6262135920334e-06
0 -4.0000000000000e-01   4.0000000000000e-01  1.5000000000000e+00  3.5000000000000e+00  6.6262135926218e-06 -6.6262135919526e-06
0 -2.0000000000000e-01   4.0000000000000e-01  2.0000000000000e+00  3.5000000000000e+00  8.8349514567669e-06 -6.6262135918890e-06
0  0.0000000000000e+00   4.0000000000000e-01  2.5000000000000e+00  3.5000000000000e+00  1.1043689320881e-05 -6.6262135918426e-06
0  2.0000000000000e-01   4.0000000000000e-01  3.0000000000000e+00  3.5000000000000e+00  1.3252427184964e-05 -6.6262135918134e-06
0  4.0000000000000e-01   4.0000000000000e-01  3.5000000000000e+00  3.5000000000000e+00  1.5461165049016e-05 -6.6262135918015e-06
0  6.0000000000000e-01   4.0000000000000e-01  4.0000000000000e+00  3.5000000000000e+00  1.7669902913036e-05 -6.6262135918068e-06
0  8.0000000000000e-01   4.0000000000000e-01  4.5000000000000e+00  3.5000000000000e+00  1.9878640777026e-05 -6.6262135918293e-06
0  1.0000000000000e+00   4.0000000000000e-01  5.0000000000000e+00  3.5000000000000e+00  2.2087378640984e-05 -6.6262135918691e-06
0 -1.0000000000000e+00   6.0000000000000e-01  0.0000000000000e+00  4.0000000000000e+00  0.0000000000000e+00 -7.5728155342085e-06
0 -8.0000000000000e-01   6.0000000000000e-01  5.0000000000000e-01  4.0000000000000e+00  2.2087378642937e-06 -7.5728155340338e-06
0 -6.0000000000000e-01   6.0000000000000e-01  1.0000000000000e+00  4.0000000000000e+00  4.4174757285445e-06 -7.5728155338835e-06
0 -4.0000000000000e-01   6.0000000000000e-01  1.5000000000000e+00  4.0000000000000e+00  6.6262135927522e-06 -7.5728155337575e-06
0 -2.0000000000000e-01   6.0000000000000e-01  2.0000000000000e+00  4.0000000000000e+00  8.8349514569169e-06 -7.5728155336559e-06
0  0.0000000000000e+00   6.0000000000000e-01  2.5000000000000e+00  4.0000000000000e+00  1.1043689321039e-05 -7.5728155335785e-06
0  2.0000000000000e-01   6.0000000000000e-01  3.0000000000000e+00  4.0000000000000e+00  1.3252427185117e-05 -7.5728155335255e-06
0  4.0000000000000e-01   6.0000000000000e-01  3.5000000000000e+00  4.0000000000000e+00  1.5461165049153e-05 -7.5728155334969e-06
0  6.0000000000000e-01   6.0000000000000e-01  4.0000000000000e+00  4.0000000000000e+00  1.7669902913146e-05 -7.5728155334926e-06
0  8.0000000000000e-01   6.0000000000000e-01  4.5000000000000e+00  4.0000000000000e+00  1.9878640777095e-05 -7.5728155335126e-06
0  1.0000000000000e+00   6.0000000000000e-01  5.0000000000000e+00  4.0000000000000e+00  2.2087378641002e-05 -7.5728155335569e-06
0 -1.0000000000000e+00   8.0000000000000e-01  0.0000000000000e+00  4.5000000000000e+00  0.0000000000000e+00 -8.5194174762232e-06
0 -8.0000000000000e-01   8.0000000000000e-01  5.0000000000000e-01  4.5000000000000e+00  2.2087378643644e-06 -8.5194174759785e-06
0 -6.0000000000000e-01   8.0000000000000e-01  1.0000000000000e+00  4.5000000000000e+00  4.4174757286711e-06 -8.5194174757663e-06
0 -4.0000000000000e-01   8.0000000000000e-01  1.5000000000000e+00  4.5000000000000e+00  6.6262135929200e-06 -8.5194174755868e-06
0 -2.0000000000000e-01   8.0000000000000e-01  2.0000000000000e+00  4.5000000000000e+00  8.8349514571112e-06 -8.5194174754399e-06
0  0.0000000000000e+00   8.0000000000000e-01  2.5000000000000e+00  4.5000000000000e+00  1.1043689321245e-05 -8.5194174753255e-06
0  2.0000000000000e-01   8.0000000000000e-01  3.0000000000000e+00  4.5000000000000e+00  1.3252427185320e-05 -8.5194174752438e-06
0  4.0000000000000e-01   8.0000000000000e-01  3.5000000000000e+00  4.5000000000000e+00  1.5461165049338e-05 -8.5194174751946e-06
0  6.0000000000000e-01   8.0000000000000e-01  4.0000000000000e+00  4.5000000000000e+00  1.7669902913298e-05 -8.5194174751781e-06
0  8.0000000000000e-01   8.0000000000000e-01  4.5000000000000e+00  4.5000000000000e+00  1.9878640777201e-05 -8.5194174751942e-06
0  1.0000000000000e+00   8.0000000000000e-01  5.0000000000000e+00  4.5000000000000e+00  2.2087378641045e-05 -8.5194174752428e-06
0 -1.0000000000000e+00   1.0000000000000e+00  0.0000000000000e+00  5.0000000000000e+00  0.0000000000000e+00 -9.4660194182911e-06
0 -8.0000000000000e-01   1.0000000000000e+00  5.0000000000000e-01  5.0000000000000e+00  2.2087378644504e-06 -9.4660194179655e-06
0 -6.0000000000000e-01   1.0000000000000e+00  1.0000000000000e+00  5.0000000000000e+00  4.4174757288255e-06 -9.4660194176820e-06
0 -4.0000000000000e-01   1.0000000000000e+00  1.5000000000000e+00  5.0000000000000e+00  6.6262135931253e-06 -9.4660194174405e-06
0 -2.0000000000000e-01   1.0000000000000e+00  2.0000000000000e+00  5.0000000000000e+00  8.8349514573497e-06 -9.4660194172410e-06
0  0.0000000000000e+00   1.0000000000000e+00  2.5000000000000e+00  5.0000000000000e+00  1.1043689321499e-05 -9.4660194170835e-06
0  2.0000000000000e-01   1.0000000000000e+00  3.0000000000000e+00  5.0000000000000e+00  1.3252427185573e-05 -9.4660194169681e-06
0  4.0000000000000e-01   1.0000000000000e+00  3.5000000000000e+00  5.0000000000000e+00  1.5461165049571e-05 -9.4660194168948e-06
0  6.0000000000000e-01   1.0000000000000e+00  4.0000000000000e+00  5.0000000000000e+00  1.7669902913495e-05 -9.4660194168634e-06
0  8.0000000000000e-01   1.0000000000000e+00  4.5000000000000e+00  5.0000000000000e+00  1.9878640777343e-05 -9.4660194168741e-06
0  1.0000000000000e+00   1.0000000000000e+00  5.0000000000000e+00  5.0000000000000e+00  2.2087378641115e-05 -9.4660194169268e-06
1 -1.0000000000000e+00  -1.0000000000000e+00  5.0000000000000e+00  0.0000000000000e+00  2.2087378641594e-05  0.0000000000000e+00
1 -8.0000000000000e-01  -1.0000000000000e+00  5.5000000000000e+00  0.0000000000000e+00  2.4296116505617e-05  0.0000000000000e+00
1 -6.0000000000000e-01  -1.0000000000000e+00  6.0000000000000e+00  0.0000000000000e+00  2.6504854369633e-05  0.0000000000000e+00
1 -4.0000000000000e-01  -1.0000000000000e+00  6.5000000000000e+00  0.0000000000000e+00  2.8713592233641e-05  0.0000000000000e+00
1 -2.0000000000000e-01  -1.0000000000000e+00  7.0000000000000e+00  0.0000000000000e+00  3.0922330097643e-05  0.0000000000000e+00
1  0.0000000000000e+00  -1.0000000000000e+00  7.5000000000000e+00  0.0000000000000e+00  3.3131067961637e-05  0.0000000000000e+00
1  2.0000000000000e-01  -1.0000000000000e+00  8.0000000000000e+00  0.0000000000000e+00  3.5339805825625e-05  0.0000000000000e+00
1  4.0000000000000e-01  -1.0000000000000e+00  8.5000000000000e+00  0.0000000000000e+00  3.7548543689605e-05  0.0000000000000e+00
1  6.0000000000000e-01  -1.0000000000000e+00  9.0000000000000e+00  0.0000000000000e+00  3.9757281553578e-05  0.0000000000000e+00
1  8.0000000000000e-01  -1.0000000000000e+00  9.5000000000000e+00  0.0000000000000e+00  4.1966019417544e-05  0.0000000000000e+00
1  1.0000000000000e+00  -1.0000000000000e+00  1.0000000000000e+01  0.0000000000000e+00  4.4174757281503e-05  0.0000000000000e+00
1 -1.0000000000000e+00  -8.0000000000000e-01  5.0000000000000e+00  5.0000000000000e-01  2.2087378641428e-05 -9.4660194170139e-07
1 -8.0000000000000e-01  -8.0000000000000e-01  5.5000000000000e+00  5.0000000000000e-01  2.4296116505472e-05 -9.4660194170307e-07
1 -6.0000000000000e-01  -8.0000000000000e-01  6.0000000000000e+00  5.0000000000000e-01  2.6504854369507e-05 -9.4660194169613e-07
1 -4.0000000000000e-01  -8.0000000000000e-01  6.5000000000000e+00  5.0000000000000e-01  2.8713592233532e-05 -9.4660194168059e-07
1 -2.0000000000000e-01  -8.0000000000000e-01  7.0000000000000e+00  5.0000000000000e-01  3.0922330097547e-05 -9.4660194165643e-07
1  0.0000000000000e+00  -8.0000000000000e-01  7.5000000000000e+00  5.0000000000000e-01  3.3131067961552e-05 -9.4660194162366e-07
1  2.0000000000000e-01  -8.0000000000000e-01  8.0000000000000e+00  5.0000000000000e-01  3.5339805825548e-05 -9.4660194158228e-07
1  4.0000000000000e-01  -8.0000000000000e-01  8.5000000000000e+00  5.0000000000000e-01  3.7548543689534e-05 -9.4660194153229e-07
1  6.0000000000000e-01  -8.0000000000000e-01  9.0000000000000e+00  5.0000000000000e-01  3.9757281553511e-05 -9.4660194147368e-07
1  8.0000000000000e-01  -8.0000000000000e-01  9.5000000000000e+00  5.0000000000000e-01  4.1966019417477e-05 -9.4660194140647e-07
1  1.0000000000000e+00  -8.0000000000000e-01  1.0000000000000e+01  5.0000000000000e-01  4.4174757281434e-05 -9.4660194133064e-07
1 -1.0000000000000e+00  -6.0000000000000e-01  5.0000000000000e+00  1.0000000000000e+00  2.2087378641289e-05 -1.8932038834008e-06
1 -8.0000000000000e-01  -6.0000000000000e-01  5.5000000000000e+00  1.0000000000000e+00  2.4296116505344e-05 -1.8932038834058e-06
1 -6.0000000000000e-01  -6.0000000000000e-01  6.0000000000000e+00  1.0000000000000e+00  2.6504854369391e-05 -1.8932038833961e-06
1 -4.0000000000000e-01  -6.0000000000000e-01  6.5000000000000e+00  1.0000000000000e+00  2.8713592233428e-05 -1.8932038833717e-06
1 -2.0000000000000e-01  -6.0000000000000e-01  7.0000000000000e+00  1.0000000000000e+00  3.0922330097456e-05 -1.8932038833326e-06
1  0.0000000000000e+00  -6.0000000000000e-01  7.5000000000000e+00  1.0000000000000e+00  3.3131067961475e-05 -1.8932038832789e-06
1  2.0000000000000e-01  -6.0000000000000e-01  8.0000000000000e+00  1.0000000000000e+00  3.5339805825485e-05 -1.8932038832106e-06
1  4.0000000000000e-01  -6.0000000000000e-01  8.5000000000000e+00  1.0000000000000e+00  3.7548543689486e-05 -1.8932038831275e-06
1  6.0000000000000e-01  -6.0000000000000e-01  9.0000000000000e+00  1.0000000000000e+00  3.9757281553478e-05 -1.8932038830298e-06
1  8.0000000000000e-01  -6.0000000000000e-01  9.5000000000000e+00  1.0000000000000e+00  4.1966019417460e-05 -1.8932038829175e-06
1  1.0000000000000e+00  -6.0000000000000e-01  1.0000000000000e+01  1.0000000000000e+00  4.4174757281434e-05 -1.8932038827905e-06
1 -1.0000000000000e+00  -4.0000000000000e-01  5.0000000000000e+00  1.5000000000000e+00  2.2087378641176e-05 -2.8398058250984e-06
1 -8.0000000000000e-01  -4.0000000000000e-01  5.5000000000000e+00  1.5000000000000e+00  2.4296116505233e-05 -2.8398058251082e-06
1 -6.0000000000000e-01  -4.0000000000000e-01  6.0000000000000e+00  1.5000000000000e+00  2.6504854369284e-05 -2.8398058250998e-06
1 -4.0000000000000e-01  -4.0000000000000e-01  6.5000000000000e+00  1.5000000000000e+00  2.8713592233330e-05 -2.8398058250733e-06
1 -2.0000000000000e-01  -4.0000000000000e-01  7.0000000000000e+00  1.5000000000000e+00  3.0922330097371e-05 -2.8398058250286e-06
1  0.0000000000000e+00  -4.0000000000000e-01  7.5000000000000e+00  1.5000000000000e+00  3.3131067961406e-05 -2.8398058249658e-06
1  2.0000000000000e-01  -4.0000000000000e-01  8.0000000000000e+00  1.5000000000000e+00  3.5339805825436e-05 -2.8398058248849e-06
1  4.0000000000000e-01  -4.0000000000000e-01  8.5000000000000e+00  1.5000000000000e+00  3.7548543689461e-05 -2.8398058247857e-06
1  6.0000000000000e-01  -4.0000000000000e-01  9.0000000000000e+00  1.5000000000000e+00  3.9757281553480e-05 -2.8398058246685e-06
1  8.0000000000000e-01  -4.0000000000000e-01  9.5000000000000e+00  1.5000000000000e+00  4.1966019417494e-05 -2.8398058245330e-06
1  1.0000000000000e+00  -4.0000000000000e-01  1.0000000000000e+01  1.5000000000000e+00  4.4174757281502e-05 -2.8398058243795e-06
1 -1.0000000000000e+00  -2.0000000000000e-01  5.0000000000000e+00  2.0000000000000e+00  2.2087378641089e-05 -3.7864077667940e-06
1 -8.0000000000000e-01  -2.0000000000000e-01  5.5000000000000e+00  2.0000000000000e+00  2.4296116505137e-05 -3.7864077668102e-06
1 -6.0000000000000e-01  -2.0000000000000e-01  6.0000000000000e+00  2.0000000000000e+00  2.6504854369187e-05 -3.7864077668074e-06
1 -4.0000000000000e-01  -2.0000000000000e-01  6.5000000000000e+00  2.0000000000000e+00  2.8713592233238e-05 -3.7864077667854e-06
1 -2.0000000000000e-01  -2.0000000000000e-01  7.0000000000000e+00  2.0000000000000e+00  3.0922330097291e-05 -3.7864077667444e-06
1  0.0000000000000e+00  -2.0000000000000e-01  7.5000000000000e+00  2.0000000000000e+00  3.3131067961345e-05 -3.7864077666843e-06
1  2.0000000000000e-01  -2.0000000000000e-01  8.0000000000000e+00  2.0000000000000e+00  3.5339805825401e-05 -3.7864077666052e-06
1  4.0000000000000e-01  -2.0000000000000e-01  8.5000000000000e+00  2.0000000000000e+00  3.7548543689458e-05 -3.7864077665069e-06
1  6.0000000000000e-01  -2.0000000000000e-01  9.0000000000000e+00  2.0000000000000e+00  3.9757281553517e-05 -3.7864077663896e-06
1  8.0000000000000e-01  -2.0000000000000e-01  9.5000000000000e+00  2.0000000000000e+00  4.1966019417577e-05 -3.7864077662532e-06
1  1.0000000000000e+00  -2.0000000000000e-01  1.0000000000000e+01  2.0000000000000e+00  4.4174757281639e-05 -3.7864077660977e-06
1 -1.0000000000000e+00   0.0000000000000e+00  5.0000000000000e+00  2.5000000000000e+00  2.2087378641028e-05 -4.7330097084876e-06
1 -8.0000000000000e-01   0.0000000000000e+00  5.5000000000000e+00  2.5000000000000e+00  2.4296116505058e-05 -4.7330097085119e-06
1 -6.0000000000000e-01   0.0000000000000e+00  6.0000000000000e+00  2.5000000000000e+00  2.6504854369099e-05 -4.7330097085187e-06
1 -4.0000000000000e-01   0.0000000000000e+00  6.5000000000000e+00  2.5000000000000e+00  2.8713592233152e-05 -4.7330097085081e-06
1 -2.0000000000000e-01   0.0000000000000e+00  7.0000000000000e+00  2.5000000000000e+00  3.0922330097216e-05 -4.7330097084800e-06
1  0.0000000000000e+00   0.0000000000000e+00  7.5000000000000e+00  2.5000000000000e+00  3.3131067961292e-05 -4.7330097084345e-06
1  2.0000000000000e-01   0.0000000000000e+00  8.0000000000000e+00  2.5000000000000e+00  3.5339805825379e-05 -4.7330097083715e-06
1  4.0000000000000e-01   0.0000000000000e+00  8.5000000000000e+00  2.5000000000000e+00  3.7548543689478e-05 -4.7330097082910e-06
1  6.0000000000000e-01   0.0000000000000e+00  9.0000000000000e+00  2.5000000000000e+00  3.9757281553588e-05 -4.7330097081932e-06
1  8.0000000000000e-01   0.0000000000000e+00  9.5000000000000e+00  2.5000000000000e+00  4.1966019417710e-05 -4.7330097080778e-06
1  1.0000000000000e+00   0.0000000000000e+00  1.0000000000000e+01  2.5000000000000e+00  4.4174757281843e-05 -4.7330097079450e-06
1 -1.0000000000000e+00   2.0000000000000e-01  5.0000000000000e+00  3.0000000000000e+00  2.2087378640993e-05 -5.6796116501793e-06
1 -8.0000000000000e-01   2.0000000000000e-01  5.5000000000000e+00  3.0000000000000e+00  2.4296116504995e-05 -5.6796116502132e-06
1 -6.0000000000000e-01   2.0000000000000e-01  6.0000000000000e+00  3.0000000000000e+00  2.6504854369021e-05 -5.6796116502339e-06
1 -4.0000000000000e-01   2.0000000000000e-01  6.5000000000000e+00  3.0000000000000e+00  2.8713592233072e-05 -5.6796116502412e-06
1 -2.0000000000000e-01   2.0000000000000e-01  7.0000000000000e+00  3.0000000000000e+00  3.0922330097147e-05 -5.6796116502353e-06
1  0.0000000000000e+00   2.0000000000000e-01  7.5000000000000e+00  3.0000000000000e+00  3.3131067961247e-05 -5.6796116502162e-06
1  2.0000000000000e-01   2.0000000000000e-01  8.0000000000000e+00  3.0000000000000e+00  3.5339805825372e-05 -5.6796116501838e-06
1  4.0000000000000e-01   2.0000000000000e-01  8.5000000000000e+00  3.0000000000000e+00  3.7548543689521e-05 -5.6796116501381e-06
1  6.0000000000000e-01   2.0000000000000e-01  9.0000000000000e+00  3.0000000000000e+00  3.9757281553695e-05 -5.6796116500792e-06
1  8.0000000000000e-01   2.0000000000000e-01  9.5000000000000e+00  3.0000000000000e+00  4.1966019417894e-05 -5.6796116500070e-06
1  1.0000000000000e+00   2.0000000000000e-01  1.0000000000000e+01  3.0000000000000e+00  4.4174757282117e-05 -5.6796116499216e-06
1 -1.0000000000000e+00   4.0000000000000e-01  5.0000000000000e+00  3.5000000000000e+00  2.2087378640984e-05 -6.6262135918691e-06
1 -8.0000000000000e-01   4.0000000000000e-01  5.5000000000000e+00  3.5000000000000e+00  2.4296116504948e-05 -6.6262135919142e-06
1 -6.0000000000000e-01   4.0000000000000e-01  6.0000000000000e+00  3.5000000000000e+00  2.6504854368952e-05 -6.6262135919528e-06
1 -4.0000000000000e-01   4.0000000000000e-01  6.5000000000000e+00  3.5000000000000e+00  2.8713592232997e-05 -6.6262135919849e-06
1 -2.0000000000000e-01   4.0000000000000e-01  7.0000000000000e+00  3.5000000000000e+00  3.0922330097083e-05 -6.6262135920105e-06
1  0.0000000000000e+00   4.0000000000000e-01  7.5000000000000e+00  3.5000000000000e+00  3.3131067961210e-05 -6.6262135920296e-06
1  2.0000000000000e-01   4.0000000000000e-01  8.0000000000000e+00  3.5000000000000e+00  3.5339805825378e-05 -6.6262135920421e-06
1  4.0000000000000e-01   4.0000000000000e-01  8.5000000000000e+00  3.5000000000000e+00  3.7548543689587e-05 -6.6262135920482e-06
1  6.0000000000000e-01   4.0000000000000e-01  9.0000000000000e+00  3.5000000000000e+00  3.9757281553837e-05 -6.6262135920477e-06
1  8.0000000000000e-01   4.0000000000000e-01  9.5000000000000e+00  3.5000000000000e+00  4.1966019418127e-05 -6.6262135920408e-06
1  1.0000000000000e+00   4.0000000000000e-01  1.0000000000000e+01  3.5000000000000e+00  4.4174757282458e-05 -6.6262135920273e-06
1 -1.0000000000000e+00   6.0000000000000e-01  5.0000000000000e+00  4.0000000000000e+00  2.2087378641002e-05 -7.5728155335569e-06
1 -8.0000000000000e-01   6.0000000000000e-01  5.5000000000000e+00  4.0000000000000e+00  2.4296116504917e-05 -7.5728155336148e-06
1 -6.0000000000000e-01   6.0000000000000e-01  6.0000000000000e+00  4.0000000000000e+00  2.6504854368893e-05 -7.5728155336756e-06
1 -4.0000000000000e-01   6.0000000000000e-01  6.5000000000000e+00  4.0000000000000e+00  2.8713592232929e-05 -7.5728155337391e-06
1 -2.0000000000000e-01   6.0000000000000e-01  7.0000000000000e+00  4.0000000000000e+00  3.0922330097025e-05 -7.5728155338054e-06
1  0.0000000000000e+00   6.0000000000000e-01  7.5000000000000e+00  4.0000000000000e+00  3.3131067961181e-05 -7.5728155338745e-06
1  2.0000000000000e-01   6.0000000000000e-01  8.0000000000000e+00  4.0000000000000e+00  3.5339805825398e-05 -7.5728155339465e-06
1  4.0000000000000e-01   6.0000000000000e-01  8.5000000000000e+00  4.0000000000000e+00  3.7548543689675e-05 -7.5728155340212e-06
1  6.0000000000000e-01   6.0000000000000e-01  9.0000000000000e+00  4.0000000000000e+00  3.9757281554013e-05 -7.5728155340987e-06
1  8.0000000000000e-01   6.0000000000000e-01  9.5000000000000e+00  4.0000000000000e+00  4.1966019418411e-05 -7.5728155341791e-06
1  1.0000000000000e+00   6.0000000000000e-01  1.0000000000000e+01  4.0000000000000e+00  4.4174757282869e-05 -7.5728155342622e-06
1 -1.0000000000000e+00   8.0000000000000e-01  5.0000000000000e+00  4.5000000000000e+00  2.2087378641045e-05 -8.5194174752428e-06
1 -8.0000000000000e-01   8.0000000000000e-01  5.5000000000000e+00  4.5000000000000e+00  2.4296116504903e-05 -8.5194174753151e-06
1 -6.0000000000000e-01   8.0000000000000e-01  6.0000000000000e+00  4.5000000000000e+00  2.6504854368843e-05 -8.5194174754021e-06
1 -4.0000000000000e-01   8.0000000000000e-01  6.5000000000000e+00  4.5000000000000e+00  2.8713592232866e-05 -8.5194174755038e-06
1 -2.0000000000000e-01   8.0000000000000e-01  7.0000000000000e+00  4.5000000000000e+00  3.0922330096972e-05 -8.5194174756201e-06
1  0.0000000000000e+00   8.0000000000000e-01  7.5000000000000e+00  4.5000000000000e+00  3.3131067961160e-05 -8.5194174757511e-06
1  2.0000000000000e-01   8.0000000000000e-01  8.0000000000000e+00  4.5000000000000e+00  3.5339805825432e-05 -8.5194174758968e-06
1  4.0000000000000e-01   8.0000000000000e-01  8.5000000000000e+00  4.5000000000000e+00  3.7548543689787e-05 -8.5194174760572e-06
1  6.0000000000000e-01   8.0000000000000e-01  9.0000000000000e+00  4.5000000000000e+00  3.9757281554224e-05 -8.5194174762322e-06
1  8.0000000000000e-01   8.0000000000000e-01  9.5000000000000e+00  4.5000000000000e+00  4.1966019418744e-05 -8.5194174764219e-06
1  1.0000000000000e+00   8.0000000000000e-01  1.0000000000000e+01  4.5000000000000e+00  4.4174757283347e-05 -8.5194174766263e-06
1 -1.0000000000000e+00   1.0000000000000e+00  5.0000000000000e+00  5.0000000000000e+00  2.2087378641115e-05 -9.4660194169268e-06
1 -8.0000000000000e-01   1.0000000000000e+00  5.5000000000000e+00  5.0000000000000e+00  2.4296116504905e-05 -9.4660194170151e-06
1 -6.0000000000000e-01   1.0000000000000e+00  6.0000000000000e+00  5.0000000000000e+00  2.6504854368802e-05 -9.4660194171325e-06
1 -4.0000000000000e-01   1.0000000000000e+00  6.5000000000000e+00  5.0000000000000e+00  2.8713592232809e-05 -9.4660194172790e-06
1 -2.0000000000000e-01   1.0000000000000e+00  7.0000000000000e+00  5.0000000000000e+00  3.0922330096924e-05 -9.4660194174546e-06
1  0.0000000000000e+00   1.0000000000000e+00  7.5000000000000e+00  5.0000000000000e+00  3.3131067961148e-05 -9.4660194176593e-06
1  2.0000000000000e-01   1.0000000000000e+00  8.0000000000000e+00  5.0000000000000e+00  3.5339805825480e-05 -9.4660194178932e-06
1  4.0000000000000e-01   1.0000000000000e+00  8.5000000000000e+00  5.0000000000000e+00  3.7548543689921e-05 -9.4660194181561e-06
1  6.0000000000000e-01   1.0000000000000e+00  9.0000000000000e+00  5.0000000000000e+00  3.9757281554470e-05 -9.4660194184482e-06
1  8.0000000000000e-01   1.0000000000000e+00  9.5000000000000e+00  5.0000000000000e+00  4.1966019419128e-05 -9.4660194187693e-06
1  1.0000000000000e+00   1.0000000000000e+00  1.0000000000000e+01  5.0000000000000e+00  4.4174757283894e-05 -9.4660194191196e-06
2 -1.0000000000000e+00  -1.0000000000000e+00  0.0000000000000e+00  5.0000000000000e+00  0.0000000000000e+00 -9.4660194182911e-06
2 -8.0000000000000e-01  -1.0000000000000e+00  5.0000000000000e-01  5.0000000000000e+00  2.2087378644504e-06 -9.4660194179655e-06
2 -6.0000000000000e-01  -1.0000000000000e+00  1.0000000000000e+00  5.0000000000000e+00  4.4174757288255e-06 -9.4660194176820e-06
2 -4.0000000000000e-01  -1.0000000000000e+00  1.5000000000000e+00  5.0000000000000e+00  6.6262135931253e-06 -9.4660194174405e-06
2 -2.0000000000000e-01  -1.0000000000000e+00  2.0000000000000e+00  5.0000000000000e+00  8.8349514573497e-06 -9.4660194172410e-06
2  0.0000000000000e+00  -1.0000000000000e+00  2.5000000000000e+00  5.0000000000000e+00  1.1043689321499e-05 -9.4660194170835e-06
2  2.0000000000000e-01  -1.0000000000000e+00  3.0000000000000e+00  5.0000000000000e+00  1.3252427185573e-05 -9.4660194169681e-06
2  4.0000000000000e-01  -1.0000000000000e+00  3.5000000000000e+00  5.0000000000000e+00  1.5461165049571e-05 -9.4660194168948e-06
2  6.0000000000000e-01  -1.0000000000000e+00  4.0000000000000e+00  5.0000000000000e+00  1.7669902913495e-05 -9.4660194168634e-06
2  8.0000000000000e-01  -1.0000000000000e+00  4.5000000000000e+00  5.0000000000000e+00  1.9878640777343e-05 -9.4660194168741e-06
2  1.0000000000000e+00  -1.0000000000000e+00  5.0000000000000e+00  5.0000000000000e+00  2.2087378641115e-05 -9.4660194169268e-06
2 -1.0000000000000e+00  -8.0000000000000e-01  0.0000000000000e+00  5.5000000000000e+00  0.0000000000000e+00 -1.0412621359662e-05
2 -8.0000000000000e-01  -8.0000000000000e-01  5.0000000000000e-01  5.5000000000000e+00  2.2087378642955e-06 -1.0412621359461e-05
2 -6.0000000000000e-01  -8.0000000000000e-01  1.0000000000000e+00  5.5000000000000e+00  4.4174757285434e-06 -1.0412621359287e-05
2 -4.0000000000000e-01  -8.0000000000000e-01  1.5000000000000e+00  5.5000000000000e+00  6.6262135927438e-06 -1.0412621359140e-05
2 -2.0000000000000e-01  -8.0000000000000e-01  2.0000000000000e+00  5.5000000000000e+00  8.8349514568965e-06 -1.0412621359022e-05
2  0.0000000000000e+00  -8.0000000000000e-01  2.5000000000000e+00  5.5000000000000e+00  1.1043689321002e-05 -1.0412621358931e-05
2  2.0000000000000e-01  -8.0000000000000e-01  3.0000000000000e+00  5.5000000000000e+00  1.3252427185059e-05 -1.0412621358867e-05
2  4.0000000000000e-01  -8.0000000000000e-01  3.5000000000000e+00  5.5000000000000e+00  1.5461165049069e-05 -1.0412621358832e-05
2  6.0000000000000e-01  -8.0000000000000e-01  4.0000000000000e+00  5.5000000000000e+00  1.7669902913032e-05 -1.0412621358824e-05
2  8.0000000000000e-01  -8.0000000000000e-01  4.5000000000000e+00  5.5000000000000e+00  1.9878640776947e-05 -1.0412621358843e-05
2  1.0000000000000e+00  -8.0000000000000e-01  5.0000000000000e+00  5.5000000000000e+00  2.2087378640814e-05 -1.0412621358890e-05
2 -1.0000000000000e+00  -6.0000000000000e-01  0.0000000000000e+00  6.0000000000000e+00  0.0000000000000e+00 -1.1359223301114e-05
2 -8.0000000000000e-01  -6.0000000000000e-01  5.0000000000000e-01  6.0000000000000e+00  2.2087378641770e-06 -1.1359223301012e-05
2 -6.0000000000000e-01  -6.0000000000000e-01  1.0000000000000e+00  6.0000000000000e+00  4.4174757283274e-06 -1.1359223300925e-05
2 -4.0000000000000e-01  -6.0000000000000e-01  1.5000000000000e+00  6.0000000000000e+00  6.6262135924510e-06 -1.1359223300853e-05
2 -2.0000000000000e-01  -6.0000000000000e-01  2.0000000000000e+00  6.0000000000000e+00  8.8349514565480e-06 -1.1359223300796e-05
2  0.0000000000000e+00  -6.0000000000000e-01  2.5000000000000e+00  6.0000000000000e+00  1.1043689320618e-05 -1.1359223300756e-05
2  2.0000000000000e-01  -6.0000000000000e-01  3.0000000000000e+00  6.0000000000000e+00  1.3252427184662e-05 -1.1359223300730e-05
2  4.0000000000000e-01  -6.0000000000000e-01  3.5000000000000e+00  6.0000000000000e+00  1.5461165048679e-05 -1.1359223300720e-05
2  6.0000000000000e-01  -6.0000000000000e-01  4.0000000000000e+00  6.0000000000000e+00  1.7669902912669e-05 -1.1359223300725e-05
2  8.0000000000000e-01  -6.0000000000000e-01  4.5000000000000e+00  6.0000000000000e+00  1.9878640776632e-05 -1.1359223300745e-05
2  1.0000000000000e+00  -6.0000000000000e-01  5.0000000000000e+00  6.0000000000000e+00  2.2087378640569e-05 -1.1359223300781e-05
2 -1.0000000000000e+00  -4.0000000000000e-01  0.0000000000000e+00  6.5000000000000e+00  0.0000000000000e+00 -1.2305825242645e-05
2 -8.0000000000000e-01  -4.0000000000000e-01  5.0000000000000e-01  6.5000000000000e+00  2.2087378640950e-06 -1.2305825242618e-05
2 -6.0000000000000e-01  -4.0000000000000e-01  1.0000000000000e+00  6.5000000000000e+00  4.4174757281773e-06 -1.2305825242595e-05
2 -4.0000000000000e-01  -4.0000000000000e-01  1.5000000000000e+00  6.5000000000000e+00  6.6262135922470e-06 -1.2305825242578e-05
2 -2.0000000000000e-01  -4.0000000000000e-01  2.0000000000000e+00  6.5000000000000e+00  8.8349514563040e-06 -1.2305825242565e-05
2  0.0000000000000e+00  -4.0000000000000e-01  2.5000000000000e+00  6.5000000000000e+00  1.1043689320348e-05 -1.2305825242558e-05
2  2.0000000000000e-01  -4.0000000000000e-01  3.0000000000000e+00  6.5000000000000e+00  1.3252427184380e-05 -1.2305825242556e-05
2  4.0000000000000e-01  -4.0000000000000e-01  3.5000000000000e+00  6.5000000000000e+00  1.5461165048399e-05 -1.2305825242559e-05
2  6.0000000000000e-01  -4.0000000000000e-01  4.0000000000000e+00  6.5000000000000e+00  1.7669902912406e-05 -1.2305825242567e-05
2  8.0000000000000e-01  -4.0000000000000e-01  4.5000000000000e+00  6.5000000000000e+00  1.9878640776400e-05 -1.2305825242580e-05
2  1.0000000000000e+00  -4.0000000000000e-01  5.0000000000000e+00  6.5000000000000e+00  2.2087378640381e-05 -1.2305825242599e-05
2 -1.0000000000000e+00  -2.0000000000000e-01  0.0000000000000e+00  7.0000000000000e+00  0.0000000000000e+00 -1.3252427184257e-05
2 -8.0000000000000e-01  -2.0000000000000e-01  5.0000000000000e-01  7.0000000000000e+00  2.2087378640493e-06 -1.3252427184280e-05
2 -6.0000000000000e-01  -2.0000000000000e-01  1.0000000000000e+00  7.0000000000000e+00  4.4174757280932e-06 -1.3252427184299e-05
2 -4.0000000000000e-01  -2.0000000000000e-01  1.5000000000000e+00  7.0000000000000e+00  6.6262135921317e-06 -1.3252427184315e-05
2 -2.0000000000000e-01  -2.0000000000000e-01  2.0000000000000e+00  7.0000000000000e+00  8.8349514561647e-06 -1.3252427184329e-05
2  0.0000000000000e+00  -2.0000000000000e-01  2.5000000000000e+00  7.0000000000000e+00  1.1043689320192e-05 -1.3252427184339e-05
2  2.0000000000000e-01  -2.0000000000000e-01  3.0000000000000e+00  7.0000000000000e+00  1.3252427184215e-05 -1.3252427184346e-05
2  4.0000000000000e-01  -2.0000000000000e-01  3.5000000000000e+00  7.0000000000000e+00  1.5461165048231e-05 -1.3252427184350e-05
2  6.0000000000000e-01  -2.0000000000000e-01  4.0000000000000e+00  7.0000000000000e+00  1.7669902912243e-05 -1.3252427184351e-05
2  8.0000000000000e-01  -2.0000000000000e-01  4.5000000000000e+00  7.0000000000000e+00  1.9878640776249e-05 -1.3252427184348e-05
2  1.0000000000000e+00  -2.0000000000000e-01  5.0000000000000e+00  7.0000000000000e+00  2.2087378640249e-05 -1.3252427184343e-05
2 -1.0000000000000e+00   0.0000000000000e+00  0.0000000000000e+00  7.5000000000000e+00  0.0000000000000e+00 -1.4199029125948e-05
2 -8.0000000000000e-01   0.0000000000000e+00  5.0000000000000e-01  7.5000000000000e+00  2.2087378640401e-06 -1.4199029125997e-05
2 -6.0000000000000e-01   0.0000000000000e+00  1.0000000000000e+00  7.5000000000000e+00  4.4174757280751e-06 -1.4199029126036e-05
2 -4.0000000000000e-01   0.0000000000000e+00  1.5000000000000e+00  7.5000000000000e+00  6.6262135921051e-06 -1.4199029126066e-05
2 -2.0000000000000e-01   0.0000000000000e+00  2.0000000000000e+00  7.5000000000000e+00  8.8349514561301e-06 -1.4199029126086e-05
2  0.0000000000000e+00   0.0000000000000e+00  2.5000000000000e+00  7.5000000000000e+00  1.1043689320150e-05 -1.4199029126097e-05
2  2.0000000000000e-01   0.0000000000000e+00  3.0000000000000e+00  7.5000000000000e+00  1.3252427184165e-05 -1.4199029126099e-05
2  4.0000000000000e-01   0.0000000000000e+00  3.5000000000000e+00  7.5000000000000e+00  1.5461165048175e-05 -1.4199029126092e-05
2  6.0000000000000e-01   0.0000000000000e+00  4.0000000000000e+00  7.5000000000000e+00  1.7669902912180e-05 -1.4199029126075e-05
2  8.0000000000000e-01   0.0000000000000e+00  4.5000000000000e+00  7.5000000000000e+00  1.9878640776180e-05 -1.4199029126049e-05
2  1.0000000000000e+00   0.0000000000000e+00  5.0000000000000e+00  7.5000000000000e+00  2.2087378640175e-05 -1.4199029126014e-05
2 -1.0000000000000e+00   2.0000000000000e-01  0.0000000000000e+00  8.0000000000000e+00  0.0000000000000e+00 -1.5145631067720e-05
2 -8.0000000000000e-01   2.0000000000000e-01  5.0000000000000e-01  8.0000000000000e+00  2.2087378640672e-06 -1.5145631067769e-05
2 -6.0000000000000e-01   2.0000000000000e-01  1.0000000000000e+00  8.0000000000000e+00  4.4174757281229e-06 -1.5145631067805e-05
2 -4.0000000000000e-01   2.0000000000000e-01  1.5000000000000e+00  8.0000000000000e+00  6.6262135921672e-06 -1.5145631067828e-05
2 -2.0000000000000e-01   2.0000000000000e-01  2.0000000000000e+00  8.0000000000000e+00  8.8349514562000e-06 -1.5145631067838e-05
2  0.0000000000000e+00   2.0000000000000e-01  2.5000000000000e+00  8.0000000000000e+00  1.1043689320221e-05 -1.5145631067833e-05
2  2.0000000000000e-01   2.0000000000000e-01  3.0000000000000e+00  8.0000000000000e+00  1.3252427184231e-05 -1.5145631067816e-05
2  4.0000000000000e-01   2.0000000000000e-01  3.5000000000000e+00  8.0000000000000e+00  1.5461165048230e-05 -1.5145631067785e-05
2  6.0000000000000e-01   2.0000000000000e-01  4.0000000000000e+00  8.0000000000000e+00  1.7669902912217e-05 -1.5145631067741e-05
2  8.0000000000000e-01   2.0000000000000e-01  4.5000000000000e+00  8.0000000000000e+00  1.9878640776192e-05 -1.5145631067683e-05
2  1.0000000000000e+00   2.0000000000000e-01  5.0000000000000e+00  8.0000000000000e+00  2.2087378640156e-05 -1.5145631067612e-05
2 -1.0000000000000e+00   4.0000000000000e-01  0.0000000000000e+00  8.5000000000000e+00  0.0000000000000e+00 -1.6092233009571e-05
2 -8.0000000000000e-01   4.0000000000000e-01  5.0000000000000e-01  8.5000000000000e+00  2.2087378641307e-06 -1.6092233009598e-05
2 -6.0000000000000e-01   4.0000000000000e-01  1.0000000000000e+00  8.5000000000000e+00  4.4174757282368e-06 -1.6092233009608e-05
2 -4.0000000000000e-01   4.0000000000000e-01  1.5000000000000e+00  8.5000000000000e+00  6.6262135923181e-06 -1.6092233009603e-05
2 -2.0000000000000e-01   4.0000000000000e-01  2.0000000000000e+00  8.5000000000000e+00  8.8349514563746e-06 -1.6092233009583e-05
2  0.0000000000000e+00   4.0000000000000e-01  2.5000000000000e+00  8.5000000000000e+00  1.1043689320406e-05 -1.6092233009548e-05
2  2.0000000000000e-01   4.0000000000000e-01  3.0000000000000e+00  8.5000000000000e+00  1.3252427184414e-05 -1.6092233009496e-05
2  4.0000000000000e-01   4.0000000000000e-01  3.5000000000000e+00  8.5000000000000e+00  1.5461165048396e-05 -1.6092233009430e-05
2  6.0000000000000e-01   4.0000000000000e-01  4.0000000000000e+00  8.5000000000000e+00  1.7669902912354e-05 -1.6092233009348e-05
2  8.0000000000000e-01   4.0000000000000e-01  4.5000000000000e+00  8.5000000000000e+00  1.9878640776287e-05 -1.6092233009250e-05
2  1.0000000000000e+00   4.0000000000000e-01  5.0000000000000e+00  8.5000000000000e+00  2.2087378640195e-05 -1.6092233009138e-05
2 -1.0000000000000e+00   6.0000000000000e-01  0.0000000000000e+00  9.0000000000000e+00  0.0000000000000e+00 -1.7038834951503e-05
2 -8.0000000000000e-01   6.0000000000000e-01  5.0000000000000e-01  9.0000000000000e+00  2.2087378642307e-06 -1.7038834951481e-05
2 -6.0000000000000e-01   6.0000000000000e-01  1.0000000000000e+00  9.0000000000000e+00  4.4174757284166e-06 -1.7038834951444e-05
2 -4.0000000000000e-01   6.0000000000000e-01  1.5000000000000e+00  9.0000000000000e+00  6.6262135925576e-06 -1.7038834951391e-05
2 -2.0000000000000e-01   6.0000000000000e-01  2.0000000000000e+00  9.0000000000000e+00  8.8349514566539e-06 -1.7038834951323e-05
2  0.0000000000000e+00   6.0000000000000e-01  2.5000000000000e+00  9.0000000000000e+00  1.1043689320705e-05 -1.7038834951239e-05
2  2.0000000000000e-01   6.0000000000000e-01  3.0000000000000e+00  9.0000000000000e+00  1.3252427184712e-05 -1.7038834951140e-05
2  4.0000000000000e-01   6.0000000000000e-01  3.5000000000000e+00  9.0000000000000e+00  1.5461165048674e-05 -1.7038834951026e-05
2  6.0000000000000e-01   6.0000000000000e-01  4.0000000000000e+00  9.0000000000000e+00  1.7669902912591e-05 -1.7038834950896e-05
2  8.0000000000000e-01   6.0000000000000e-01  4.5000000000000e+00  9.0000000000000e+00  1.9878640776463e-05 -1.7038834950751e-05
2  1.0000000000000e+00   6.0000000000000e-01  5.0000000000000e+00  9.0000000000000e+00  2.2087378640290e-05 -1.7038834950590e-05
2 -1.0000000000000e+00   8.0000000000000e-01  0.0000000000000e+00  9.5000000000000e+00  0.0000000000000e+00 -1.7985436893515e-05
2 -8.0000000000000e-01   8.0000000000000e-01  5.0000000000000e-01  9.5000000000000e+00  2.2087378643670e-06 -1.7985436893420e-05
2 -6.0000000000000e-01   8.0000000000000e-01  1.0000000000000e+00  9.5000000000000e+00  4.4174757286623e-06 -1.7985436893313e-05
2 -4.0000000000000e-01   8.0000000000000e-01  1.5000000000000e+00  9.5000000000000e+00  6.6262135928859e-06 -1.7985436893192e-05
2 -2.0000000000000e-01   8.0000000000000e-01  2.0000000000000e+00  9.5000000000000e+00  8.8349514570377e-06 -1.7985436893057e-05
2  0.0000000000000e+00   8.0000000000000e-01  2.5000000000000e+00  9.5000000000000e+00  1.1043689321118e-05 -1.7985436892909e-05
2  2.0000000000000e-01   8.0000000000000e-01  3.0000000000000e+00  9.5000000000000e+00  1.3252427185126e-05 -1.7985436892748e-05
2  4.0000000000000e-01   8.0000000000000e-01  3.5000000000000e+00  9.5000000000000e+00  1.5461165049063e-05 -1.7985436892573e-05
2  6.0000000000000e-01   8.0000000000000e-01  4.0000000000000e+00  9.5000000000000e+00  1.7669902912928e-05 -1.7985436892385e-05
2  8.0000000000000e-01   8.0000000000000e-01  4.5000000000000e+00  9.5000000000000e+00  1.9878640776721e-05 -1.7985436892184e-05
2  1.0000000000000e+00   8.0000000000000e-01  5.0000000000000e+00  9.5000000000000e+00  2.2087378640442e-05 -1.7985436891969e-05
2 -1.0000000000000e+00   1.0000000000000e+00  0.0000000000000e+00  1.0000000000000e+01  0.0000000000000e+00 -1.8932038835606e-05
2 -8.0000000000000e-01   1.0000000000000e+00  5.0000000000000e-01  1.0000000000000e+01  2.2087378645398e-06 -1.8932038835415e-05
2 -6.0000000000000e-01   1.0000000000000e+00  1.0000000000000e+00  1.0000000000000e+01  4.4174757289741e-06 -1.8932038835214e-05
2 -4.0000000000000e-01   1.0000000000000e+00  1.5000000000000e+00  1.0000000000000e+01  6.6262135933029e-06 -1.8932038835004e-05
2 -2.0000000000000e-01   1.0000000000000e+00  2.0000000000000e+00  1.0000000000000e+01  8.8349514575262e-06 -1.8932038834785e-05
2  0.0000000000000e+00   1.0000000000000e+00  2.5000000000000e+00  1.0000000000000e+01  1.1043689321644e-05 -1.8932038834557e-05
2  2.0000000000000e-01   1.0000000000000e+00  3.0000000000000e+00  1.0000000000000e+01  1.3252427185656e-05 -1.8932038834319e-05
2  4.0000000000000e-01   1.0000000000000e+00  3.5000000000000e+00  1.0000000000000e+01  1.5461165049563e-05 -1.8932038834072e-05
2  6.0000000000000e-01   1.0000000000000e+00  4.0000000000000e+00  1.0000000000000e+01  1.7669902913365e-05 -1.8932038833815e-05
2  8.0000000000000e-01   1.0000000000000e+00  4.5000000000000e+00  1.0000000000000e+01  1.9878640777060e-05 -1.8932038833550e-05
2  1.0000000000000e+00   1.0000000000000e+00  5.0000000000000e+00  1.0000000000000e+01  2.2087378640651e-05 -1.8932038833275e-05
3 -1.0000000000000e+00  -1.0000000000000e+00  5.0000000000000e+00  5.0000000000000e+00  2.2087378641115e-05 -9.4660194169268e-06
3 -8.0000000000000e-01  -1.0000000000000e+00  5.5000000000000e+00  5.0000000000000e+00  2.4296116504905e-05 -9.4660194170151e-06
3 -6.0000000000000e-01  -1.0000000000000e+00  6.0000000000000e+00  5.0000000000000e+00  2.6504854368802e-05 -9.4660194171325e-06
3 -4.0000000000000e-01  -1.0000000000000e+00  6.5000000000000e+00  5.0000000000000e+00  2.8713592232809e-05 -9.4660194172790e-06
3 -2.0000000000000e-01  -1.0000000000000e+00  7.0000000000000e+00  5.0000000000000e+00  3.0922330096924e-05 -9.4660194174546e-06
3  0.0000000000000e+00  -1.0000000000000e+00  7.5000000000000e+00  5.0000000000000e+00  3.3131067961148e-05 -9.4660194176593e-06
3  2.0000000000000e-01  -1.0000000000000e+00  8.0000000000000e+00  5.0000000000000e+00  3.5339805825480e-05 -9.4660194178932e-06
3  4.0000000000000e-01  -1.0000000000000e+00  8.5000000000000e+00  5.0000000000000e+00  3.7548543689921e-05 -9.4660194181561e-06
3  6.0000000000000e-01  -1.0000000000000e+00  9.0000000000000e+00  5.0000000000000e+00  3.9757281554470e-05 -9.4660194184482e-06
3  8.0000000000000e-01  -1.0000000000000e+00  9.5000000000000e+00  5.0000000000000e+00  4.1966019419128e-05 -9.4660194187693e-06
3  1.0000000000000e+00  -1.0000000000000e+00  1.0000000000000e+01  5.0000000000000e+00  4.4174757283894e-05 -9.4660194191196e-06
3 -1.0000000000000e+00  -8.0000000000000e-01  5.0000000000000e+00  5.5000000000000e+00  2.2087378640814e-05 -1.0412621358890e-05
3 -8.0000000000000e-01  -8.0000000000000e-01  5.5000000000000e+00  5.5000000000000e+00  2.4296116504701e-05 -1.0412621358967e-05
3 -6.0000000000000e-01  -8.0000000000000e-01  6.0000000000000e+00  5.5000000000000e+00  2.6504854368674e-05 -1.0412621359075e-05
3 -4.0000000000000e-01  -8.0000000000000e-01  6.5000000000000e+00  5.5000000000000e+00  2.8713592232735e-05 -1.0412621359215e-05
3 -2.0000000000000e-01  -8.0000000000000e-01  7.0000000000000e+00  5.5000000000000e+00  3.0922330096883e-05 -1.0412621359385e-05
3  0.0000000000000e+00  -8.0000000000000e-01  7.5000000000000e+00  5.5000000000000e+00  3.3131067961117e-05 -1.0412621359587e-05
3  2.0000000000000e-01  -8.0000000000000e-01  8.0000000000000e+00  5.5000000000000e+00  3.5339805825439e-05 -1.0412621359821e-05
3  4.0000000000000e-01  -8.0000000000000e-01  8.5000000000000e+00  5.5000000000000e+00  3.7548543689847e-05 -1.0412621360085e-05
3  6.0000000000000e-01  -8.0000000000000e-01  9.0000000000000e+00  5.5000000000000e+00  3.9757281554343e-05 -1.0412621360381e-05
3  8.0000000000000e-01  -8.0000000000000e-01  9.5000000000000e+00  5.5000000000000e+00  4.1966019418925e-05 -1.0412621360708e-05
3  1.0000000000000e+00  -8.0000000000000e-01  1.0000000000000e+01  5.5000000000000e+00  4.4174757283594e-05 -1.0412621361067e-05
3 -1.0000000000000e+00  -6.0000000000000e-01  5.0000000000000e+00  6.0000000000000e+00  2.2087378640569e-05 -1.1359223300781e-05
3 -8.0000000000000e-01  -6.0000000000000e-01  5.5000000000000e+00  6.0000000000000e+00  2.4296116504527e-05 -1.1359223300842e-05
3 -6.0000000000000e-01  -6.0000000000000e-01  6.0000000000000e+00  6.0000000000000e+00  2.6504854368555e-05 -1.1359223300937e-05
3 -4.0000000000000e-01  -6.0000000000000e-01  6.5000000000000e+00  6.0000000000000e+00  2.8713592232652e-05 -1.1359223301067e-05
3 -2.0000000000000e-01  -6.0000000000000e-01  7.0000000000000e+00  6.0000000000000e+00  3.0922330096819e-05 -1.1359223301231e-05
3  0.0000000000000e+00  -6.0000000000000e-01  7.5000000000000e+00  6.0000000000000e+00  3.3131067961056e-05 -1.1359223301430e-05
3  2.0000000000000e-01  -6.0000000000000e-01  8.0000000000000e+00  6.0000000000000e+00  3.5339805825362e-05 -1.1359223301664e-05
3  4.0000000000000e-01  -6.0000000000000e-01  8.5000000000000e+00  6.0000000000000e+00  3.7548543689738e-05 -1.1359223301932e-05
3  6.0000000000000e-01  -6.0000000000000e-01  9.0000000000000e+00  6.0000000000000e+00  3.9757281554184e-05 -1.1359223302235e-05
3  8.0000000000000e-01  -6.0000000000000e-01  9.5000000000000e+00  6.0000000000000e+00  4.1966019418699e-05 -1.1359223302572e-05
3  1.0000000000000e+00  -6.0000000000000e-01  1.0000000000000e+01  6.0000000000000e+00  4.4174757283283e-05 -1.1359223302944e-05
3 -1.0000000000000e+00  -4.0000000000000e-01  5.0000000000000e+00  6.5000000000000e+00  2.2087378640381e-05 -1.2305825242599e-05
3 -8.0000000000000e-01  -4.0000000000000e-01  5.5000000000000e+00  6.5000000000000e+00  2.4296116504384e-05 -1.2305825242639e-05
3 -6.0000000000000e-01  -4.0000000000000e-01  6.0000000000000e+00  6.5000000000000e+00  2.6504854368444e-05 -1.2305825242718e-05
3 -4.0000000000000e-01  -4.0000000000000e-01  6.5000000000000e+00  6.5000000000000e+00  2.8713592232560e-05 -1.2305825242836e-05
3 -2.0000000000000e-01  -4.0000000000000e-01  7.0000000000000e+00  6.5000000000000e+00  3.0922330096733e-05 -1.2305825242993e-05
3  0.0000000000000e+00  -4.0000000000000e-01  7.5000000000000e+00  6.5000000000000e+00  3.3131067960963e-05 -1.2305825243188e-05
3  2.0000000000000e-01  -4.0000000000000e-01  8.0000000000000e+00  6.5000000000000e+00  3.5339805825250e-05 -1.2305825243423e-05
3  4.0000000000000e-01  -4.0000000000000e-01  8.5000000000000e+00  6.5000000000000e+00  3.7548543689593e-05 -1.2305825243696e-05
3  6.0000000000000e-01  -4.0000000000000e-01  9.0000000000000e+00  6.5000000000000e+00  3.9757281553992e-05 -1.2305825244008e-05
3  8.0000000000000e-01  -4.0000000000000e-01  9.5000000000000e+00  6.5000000000000e+00  4.1966019418449e-05 -1.2305825244359e-05
3  1.0000000000000e+00  -4.0000000000000e-01  1.0000000000000e+01  6.5000000000000e+00  4.4174757282962e-05 -1.2305825244749e-05
3 -1.0000000000000e+00  -2.0000000000000e-01  5.0000000000000e+00  7.0000000000000e+00  2.2087378640249e-05 -1.3252427184343e-05
3 -8.0000000000000e-01  -2.0000000000000e-01  5.5000000000000e+00  7.0000000000000e+00  2.4296116504271e-05 -1.3252427184358e-05
3 -6.0000000000000e-01  -2.0000000000000e-01  6.0000000000000e+00  7.0000000000000e+00  2.6504854368341e-05 -1.3252427184417e-05
3 -4.0000000000000e-01  -2.0000000000000e-01  6.5000000000000e+00  7.0000000000000e+00  2.8713592232459e-05 -1.3252427184521e-05
3 -2.0000000000000e-01  -2.0000000000000e-01  7.0000000000000e+00  7.0000000000000e+00  3.0922330096625e-05 -1.3252427184669e-05
3  0.0000000000000e+00  -2.0000000000000e-01  7.5000000000000e+00  7.0000000000000e+00  3.3131067960839e-05 -1.3252427184861e-05
3  2.0000000000000e-01  -2.0000000000000e-01  8.0000000000000e+00  7.0000000000000e+00  3.5339805825101e-05 -1.3252427185097e-05
3  4.0000000000000e-01  -2.0000000000000e-01  8.5000000000000e+00  7.0000000000000e+00  3.7548543689411e-05 -1.3252427185377e-05
3  6.0000000000000e-01  -2.0000000000000e-01  9.0000000000000e+00  7.0000000000000e+00  3.9757281553769e-05 -1.3252427185702e-05
3  8.0000000000000e-01  -2.0000000000000e-01  9.5000000000000e+00  7.0000000000000e+00  4.1966019418176e-05 -1.3252427186071e-05
3  1.0000000000000e+00  -2.0000000000000e-01  1.0000000000000e+01  7.0000000000000e+00  4.4174757282630e-05 -1.3252427186484e-05
3 -1.0000000000000e+00   0.0000000000000e+00  5.0000000000000e+00  7.5000000000000e+00  2.2087378640175e-05 -1.4199029126014e-05
3 -8.0000000000000e-01   0.0000000000000e+00  5.5000000000000e+00  7.5000000000000e+00  2.4296116504189e-05 -1.4199029126000e-05
3 -6.0000000000000e-01   0.0000000000000e+00  6.0000000000000e+00  7.5000000000000e+00  2.6504854368247e-05 -1.4199029126036e-05
3 -4.0000000000000e-01   0.0000000000000e+00  6.5000000000000e+00  7.5000000000000e+00  2.8713592232349e-05 -1.4199029126123e-05
3 -2.0000000000000e-01   0.0000000000000e+00  7.0000000000000e+00  7.5000000000000e+00  3.0922330096494e-05 -1.4199029126260e-05
3  0.0000000000000e+00   0.0000000000000e+00  7.5000000000000e+00  7.5000000000000e+00  3.3131067960683e-05 -1.4199029126448e-05
3  2.0000000000000e-01   0.0000000000000e+00  8.0000000000000e+00  7.5000000000000e+00  3.5339805824917e-05 -1.4199029126687e-05
3  4.0000000000000e-01   0.0000000000000e+00  8.5000000000000e+00  7.5000000000000e+00  3.7548543689194e-05 -1.4199029126976e-05
3  6.0000000000000e-01   0.0000000000000e+00  9.0000000000000e+00  7.5000000000000e+00  3.9757281553514e-05 -1.4199029127316e-05
3  8.0000000000000e-01   0.0000000000000e+00  9.5000000000000e+00  7.5000000000000e+00  4.1966019417879e-05 -1.4199029127707e-05
3  1.0000000000000e+00   0.0000000000000e+00  1.0000000000000e+01  7.5000000000000e+00  4.4174757282287e-05 -1.4199029128148e-05
3 -1.0000000000000e+00   2.0000000000000e-01  5.0000000000000e+00  8.0000000000000e+00  2.2087378640156e-05 -1.5145631067612e-05
3 -8.0000000000000e-01   2.0000000000000e-01  5.5000000000000e+00  8.0000000000000e+00  2.4296116504137e-05 -1.5145631067564e-05
3 -6.0000000000000e-01   2.0000000000000e-01  6.0000000000000e+00  8.0000000000000e+00  2.6504854368161e-05 -1.5145631067573e-05
3 -4.0000000000000e-01   2.0000000000000e-01  6.5000000000000e+00  8.0000000000000e+00  2.8713592232229e-05 -1.5145631067641e-05
3 -2.0000000000000e-01   2.0000000000000e-01  7.0000000000000e+00  8.0000000000000e+00  3.0922330096341e-05 -1.5145631067767e-05
3  0.0000000000000e+00   2.0000000000000e-01  7.5000000000000e+00  8.0000000000000e+00  3.3131067960497e-05 -1.5145631067951e-05
3  2.0000000000000e-01   2.0000000000000e-01  8.0000000000000e+00  8.0000000000000e+00  3.5339805824696e-05 -1.5145631068193e-05
3  4.0000000000000e-01   2.0000000000000e-01  8.5000000000000e+00  8.0000000000000e+00  3.7548543688940e-05 -1.5145631068493e-05
3  6.0000000000000e-01   2.0000000000000e-01  9.0000000000000e+00  8.0000000000000e+00  3.9757281553227e-05 -1.5145631068851e-05
3  8.0000000000000e-01   2.0000000000000e-01  9.5000000000000e+00  8.0000000000000e+00  4.1966019417558e-05 -1.5145631069267e-05
3  1.0000000000000e+00   2.0000000000000e-01  1.0000000000000e+01  8.0000000000000e+00  4.4174757281934e-05 -1.5145631069741e-05
3 -1.0000000000000e+00   4.0000000000000e-01  5.0000000000000e+00  8.5000000000000e+00  2.2087378640195e-05 -1.6092233009138e-05
3 -8.0000000000000e-01   4.0000000000000e-01  5.5000000000000e+00  8.5000000000000e+00  2.4296116504115e-05 -1.6092233009050e-05
3 -6.0000000000000e-01   4.0000000000000e-01  6.0000000000000e+00  8.5000000000000e+00  2.6504854368083e-05 -1.6092233009030e-05
3 -4.0000000000000e-01   4.0000000000000e-01  6.5000000000000e+00  8.5000000000000e+00  2.8713592232100e-05 -1.6092233009076e-05
3 -2.0000000000000e-01   4.0000000000000e-01  7.0000000000000e+00  8.5000000000000e+00  3.0922330096165e-05 -1.6092233009188e-05
3  0.0000000000000e+00   4.0000000000000e-01  7.5000000000000e+00  8.5000000000000e+00  3.3131067960278e-05 -1.6092233009368e-05
3  2.0000000000000e-01   4.0000000000000e-01  8.0000000000000e+00  8.5000000000000e+00  3.5339805824440e-05 -1.6092233009614e-05
3  4.0000000000000e-01   4.0000000000000e-01  8.5000000000000e+00  8.5000000000000e+00  3.7548543688650e-05 -1.6092233009926e-05
3  6.0000000000000e-01   4.0000000000000e-01  9.0000000000000e+00  8.5000000000000e+00  3.9757281552908e-05 -1.6092233010305e-05
3  8.0000000000000e-01   4.0000000000000e-01  9.5000000000000e+00  8.5000000000000e+00  4.1966019417215e-05 -1.6092233010751e-05
3  1.0000000000000e+00   4.0000000000000e-01  1.0000000000000e+01  8.5000000000000e+00  4.4174757281570e-05 -1.6092233011264e-05
3 -1.0000000000000e+00   6.0000000000000e-01  5.0000000000000e+00  9.0000000000000e+00  2.2087378640290e-05 -1.7038834950590e-05
3 -8.0000000000000e-01   6.0000000000000e-01  5.5000000000000e+00  9.0000000000000e+00  2.4296116504124e-05 -1.7038834950459e-05
3 -6.0000000000000e-01   6.0000000000000e-01  6.0000000000000e+00  9.0000000000000e+00  2.6504854368014e-05 -1.7038834950405e-05
3 -4.0000000000000e-01   6.0000000000000e-01  6.5000000000000e+00  9.0000000000000e+00  2.8713592231962e-05 -1.7038834950427e-05
3 -2.0000000000000e-01   6.0000000000000e-01  7.0000000000000e+00  9.0000000000000e+00  3.0922330095967e-05 -1.7038834950525e-05
3  0.0000000000000e+00   6.0000000000000e-01  7.5000000000000e+00  9.0000000000000e+00  3.3131067960029e-05 -1.7038834950700e-05
3  2.0000000000000e-01   6.0000000000000e-01  8.0000000000000e+00  9.0000000000000e+00  3.5339805824148e-05 -1.7038834950950e-05
3  4.0000000000000e-01   6.0000000000000e-01  8.5000000000000e+00  9.0000000000000e+00  3.7548543688324e-05 -1.7038834951277e-05
3  6.0000000000000e-01   6.0000000000000e-01  9.0000000000000e+00  9.0000000000000e+00  3.9757281552557e-05 -1.7038834951680e-05
3  8.0000000000000e-01   6.0000000000000e-01  9.5000000000000e+00  9.0000000000000e+00  4.1966019416847e-05 -1.7038834952160e-05
3  1.0000000000000e+00   6.0000000000000e-01  1.0000000000000e+01  9.0000000000000e+00  4.4174757281195e-05 -1.7038834952715e-05
3 -1.0000000000000e+00   8.0000000000000e-01  5.0000000000000e+00  9.5000000000000e+00  2.2087378640442e-05 -1.7985436891969e-05
3 -8.0000000000000e-01   8.0000000000000e-01  5.5000000000000e+00  9.5000000000000e+00  2.4296116504163e-05 -1.7985436891791e-05
3 -6.0000000000000e-01   8.0000000000000e-01  6.0000000000000e+00  9.5000000000000e+00  2.6504854367954e-05 -1.7985436891699e-05
3 -4.0000000000000e-01   8.0000000000000e-01  6.5000000000000e+00  9.5000000000000e+00  2.8713592231815e-05 -1.7985436891695e-05
3 -2.0000000000000e-01   8.0000000000000e-01  7.0000000000000e+00  9.5000000000000e+00  3.0922330095746e-05 -1.7985436891777e-05
3  0.0000000000000e+00   8.0000000000000e-01  7.5000000000000e+00  9.5000000000000e+00  3.3131067959748e-05 -1.7985436891947e-05
3  2.0000000000000e-01   8.0000000000000e-01  8.0000000000000e+00  9.5000000000000e+00  3.5339805823820e-05 -1.7985436892203e-05
3  4.0000000000000e-01   8.0000000000000e-01  8.5000000000000e+00  9.5000000000000e+00  3.7548543687962e-05 -1.7985436892546e-05
3  6.0000000000000e-01   8.0000000000000e-01  9.0000000000000e+00  9.5000000000000e+00  3.9757281552174e-05 -1.7985436892976e-05
3  8.0000000000000e-01   8.0000000000000e-01  9.5000000000000e+00  9.5000000000000e+00  4.1966019416457e-05 -1.7985436893492e-05
3  1.0000000000000e+00   8.0000000000000e-01  1.0000000000000e+01  9.5000000000000e+00  4.4174757280809e-05 -1.7985436894096e-05
3 -1.0000000000000e+00   1.0000000000000e+00  5.0000000000000e+00  1.0000000000000e+01  2.2087378640651e-05 -1.8932038833275e-05
3 -8.0000000000000e-01   1.0000000000000e+00  5.5000000000000e+00  1.0000000000000e+01  2.4296116504232e-05 -1.8932038833044e-05
3 -6.0000000000000e-01   1.0000000000000e+00  6.0000000000000e+00  1.0000000000000e+01  2.6504854367901e-05 -1.8932038832912e-05
3 -4.0000000000000e-01   1.0000000000000e+00  6.5000000000000e+00  1.0000000000000e+01  2.8713592231658e-05 -1.8932038832879e-05
3 -2.0000000000000e-01   1.0000000000000e+00  7.0000000000000e+00  1.0000000000000e+01  3.0922330095503e-05 -1.8932038832944e-05
3  0.0000000000000e+00   1.0000000000000e+00  7.5000000000000e+00  1.0000000000000e+01  3.3131067959435e-05 -1.8932038833108e-05
3  2.0000000000000e-01   1.0000000000000e+00  8.0000000000000e+00  1.0000000000000e+01  3.5339805823456e-05 -1.8932038833371e-05
3  4.0000000000000e-01   1.0000000000000e+00  8.5000000000000e+00  1.0000000000000e+01  3.7548543687563e-05 -1.8932038833732e-05
3  6.0000000000000e-01   1.0000000000000e+00  9.0000000000000e+00  1.0000000000000e+01  3.9757281551759e-05 -1.8932038834191e-05
3  8.0000000000000e-01   1.0000000000000e+00  9.5000000000000e+00  1.0000000000000e+01  4.1966019416042e-05 -1.8932038834749e-05
3  1.0000000000000e+00   1.0000000000000e+00  1.0000000000000e+01  1.0000000000000e+01  4.4174757280413e-05 -1.8932038835405e-05
