-4.887167e-02 
-1.463787e-01 
-1.951310e-01 
1.149107e-01 
-4.879520e-02 
1.136647e-01 
-1.463706e-01 
1.138385e-01 
-1.951060e-01 
1.137071e-01 
3.411858e-01 
-4.855277e-02 
3.416242e-01 
-1.462505e-01 
3.412463e-01 
-1.949528e-01 
3.412172e-01 
4.552056e-01 
-4.875859e-02 
4.551896e-01 
-1.460681e-01 
4.550827e-01 
-1.948695e-01 
4.549404e-01 
-1.066035e-03 
-1.690634e-03 
-3.759913e-04 
-9.948622e-04 
3.589597e-03 
-7.171832e-04 
-5.797854e-05 
-4.620032e-05 
-6.651379e-04 
-1.076389e-03 
7.072752e-03 
1.587008e-03 
4.416960e-03 
1.075590e-03 
1.048485e-03 
7.139565e-03 
5.386264e-03 
1.373933e-03 



Displacement
0	0.0000000000000e+00	 0.0000000000000e+00	 
1	-4.8871669809940e-02	 0.0000000000000e+00	 
2	-1.4637874901808e-01	 0.0000000000000e+00	 
3	-1.9513098837008e-01	 0.0000000000000e+00	 
4	0.0000000000000e+00	 1.1491065874657e-01	 
5	-4.8795196692001e-02	 1.1366466769815e-01	 
6	-1.4637061770533e-01	 1.1383851564581e-01	 
7	-1.9510598347763e-01	 1.1370711851833e-01	 
8	0.0000000000000e+00	 3.4118577187406e-01	 
9	-4.8552768971913e-02	 3.4162422368724e-01	 
10	-1.4625051489499e-01	 3.4124630617562e-01	 
11	-1.9495284830172e-01	 3.4121716539012e-01	 
12	0.0000000000000e+00	 4.5520555850802e-01	 
13	-4.8758589092313e-02	 4.5518963255531e-01	 
14	-1.4606812022619e-01	 4.5508274920880e-01	 
15	-1.9486947273462e-01	 4.5494035049240e-01	 



Strain
0	0	-3.9074736316744e-03	9.1597314615959e-03	-1.6549428396331e-05	0.0000000000000e+00	
0	1	-3.9046024190794e-03	9.1174590382669e-03	-5.2879970522750e-06	0.0000000000000e+00	
0	2	-3.9017312064844e-03	9.1009200701387e-03	3.2066707483409e-06	0.0000000000000e+00	
0	3	-3.9027461799492e-03	9.1184673933755e-03	-4.9462013726563e-05	0.0000000000000e+00	
0	4	-3.9028329837740e-03	9.1093053499740e-03	-2.2446123538814e-05	0.0000000000000e+00	
0	5	-3.9029197875988e-03	9.1043763332921e-03	1.4204973527430e-06	0.0000000000000e+00	
0	6	-3.8970562574641e-03	9.0772033251551e-03	-3.8514004888716e-05	0.0000000000000e+00	
0	7	-3.9004835834614e-03	9.1011516616811e-03	-1.7244084338443e-05	0.0000000000000e+00	
0	8	-3.9039109094588e-03	9.1078325964455e-03	4.9406116288896e-07	0.0000000000000e+00	
1	0	-3.9007806923412e-03	9.1018762553048e-03	4.2043738418909e-06	0.0000000000000e+00	
1	1	-3.9003854709979e-03	9.1024193464141e-03	1.7081288652096e-06	0.0000000000000e+00	
1	2	-3.8999902496546e-03	9.0988246575702e-03	4.2627526521323e-07	0.0000000000000e+00	
1	3	-3.9024819967629e-03	9.1032622907300e-03	6.1899137682369e-06	0.0000000000000e+00	
1	4	-3.9008907283762e-03	9.1014039207736e-03	1.5064010941551e-06	0.0000000000000e+00	
1	5	-3.8992994599895e-03	9.0991945320312e-03	-1.9994088696980e-06	0.0000000000000e+00	
1	6	-3.9041078251793e-03	9.1046483261552e-03	3.8806120452239e-06	0.0000000000000e+00	
1	7	-3.9013571984155e-03	9.1003884951330e-03	7.9659284098278e-07	0.0000000000000e+00	
1	8	-3.8986065716518e-03	9.0995644064921e-03	-1.1464123194870e-06	0.0000000000000e+00	
2	0	-3.8936115891605e-03	9.0706947820191e-03	-1.5633534106147e-05	0.0000000000000e+00	
2	1	-3.8989258250116e-03	9.0985819386249e-03	-7.4051948575416e-06	0.0000000000000e+00	
2	2	-3.9042400608627e-03	9.1071919428051e-03	-1.3276163614805e-06	0.0000000000000e+00	
2	3	-3.8921883092599e-03	9.0895922959488e-03	6.3895525521066e-06	0.0000000000000e+00	
2	4	-3.8970891309222e-03	9.0979047950330e-03	-1.1546113373932e-06	0.0000000000000e+00	
2	5	-3.9019899525845e-03	9.1015340787511e-03	-5.7211860966726e-06	0.0000000000000e+00	
2	6	-3.8971215235429e-03	9.1084898098784e-03	1.5410131592100e-06	0.0000000000000e+00	
2	7	-3.8964805811336e-03	9.0972276514412e-03	-7.1817168090758e-06	0.0000000000000e+00	
2	8	-3.8958396387243e-03	9.0958762146971e-03	-7.7985077643702e-06	0.0000000000000e+00	
3	0	-3.9048331382934e-03	9.1042867838272e-03	2.1369601153074e-08	0.0000000000000e+00	
3	1	-3.9015570080943e-03	9.1003011640491e-03	1.0349056195661e-07	0.0000000000000e+00	
3	2	-3.8982808778953e-03	9.0996689136935e-03	3.9569814742004e-07	0.0000000000000e+00	
3	3	-3.9028617203501e-03	9.1016583112022e-03	-4.6873367848691e-06	0.0000000000000e+00	
3	4	-3.9009567213551e-03	9.1010164771469e-03	-3.9570609929946e-07	0.0000000000000e+00	
3	5	-3.8990517223602e-03	9.0996581773599e-03	9.4357555335443e-07	0.0000000000000e+00	
3	6	-3.8964180266986e-03	9.0990298385773e-03	-4.0173398710578e-06	0.0000000000000e+00	
3	7	-3.8990465945653e-03	9.1017317902447e-03	4.1396538511432e-07	0.0000000000000e+00	
3	8	-3.9016751624321e-03	9.0996474410263e-03	-1.2695140491962e-06	0.0000000000000e+00	











Stress
0	0	2.4399800589800e-02	1.0076096026182e+01	-6.3651647678197e-03	3.0301487480316e+00	
0	1	3.8769579317428e-03	1.0020847309737e+01	-2.0338450201058e-03	3.0074172803005e+00	
0	2	-1.7996605720167e-03	1.0000239782984e+01	1.2333349032081e-03	2.9995320367236e+00	
0	3	6.9574847081535e-03	1.0023275618035e+01	-1.9023851433293e-02	3.0090699308229e+00	
0	4	1.5548391354336e-03	1.0010892018942e+01	-8.6331244380054e-03	3.0037340574231e+00	
0	5	-1.4056756375069e-03	1.0004206725048e+01	5.4634513567038e-04	3.0008403148231e+00	
0	6	-9.1891974582907e-03	9.9710104814795e+00	-1.4813078803352e-02	2.9885463852064e+00	
0	7	1.3442464092073e-05	1.0001271323343e+01	-6.6323401301704e-03	3.0003854297421e+00	
0	8	-7.4588016827004e-04	1.0008287585912e+01	1.9002352418806e-04	3.0022625117231e+00	
1	0	3.1522985844745e-05	1.0002075328867e+01	1.6170668622657e-03	3.0006320555560e+00	
1	1	8.7687351099852e-04	1.0003034425366e+01	6.5697264046524e-04	3.0011733896632e+00	
1	2	-6.6495670610056e-04	9.9984234334668e+00	1.6395202508201e-04	2.9993275430282e+00	
1	3	-1.4590586827694e-03	1.0002959624004e+01	2.3807360647065e-03	3.0004501695964e+00	
1	4	-3.8910313704577e-04	1.0001376011594e+01	5.7938503621350e-04	3.0002960725370e+00	
1	5	4.7834157061111e-04	9.9993198738942e+00	-7.6900341142233e-04	2.9999394646394e+00	
1	6	-2.8480380363760e-03	1.0003887462990e+01	1.4925430943169e-03	3.0003118274861e+00	
1	7	-1.6028660595335e-03	9.9997399751317e+00	3.0638186191646e-04	2.9994411327216e+00	
1	8	1.6244649834150e-03	1.0000217525094e+01	-4.4092781518732e-04	3.0005525970233e+00	
2	0	-8.3070727049570e-03	9.9642362897409e+00	-6.0128977331336e-03	2.9867787651108e+00	
2	1	6.2789246030981e-04	9.9987107875653e+00	-2.8481518682852e-03	2.9998016040077e+00	
2	2	-1.5585764660884e-03	1.0007235272509e+01	-5.1062167749249e-04	3.0017030088129e+00	
2	3	4.5112928898323e-03	9.9904963738196e+00	2.4575202123487e-03	2.9985023000128e+00	
2	4	2.7097055084511e-03	9.9988588793202e+00	-4.4408128361277e-04	3.0004705754486e+00	
2	5	-1.7937368919130e-03	1.0000917056443e+01	-2.2004561910279e-03	2.9997369958654e+00	
2	6	8.7728393913142e-03	1.0013089249715e+01	5.9269736892693e-04	3.0065586267320e+00	
2	7	3.1382473823847e-03	9.9982984262861e+00	-2.7621987727215e-03	3.0004310021005e+00	
2	8	3.2213794271723e-03	9.9968489589821e+00	-2.9994260632193e-03	3.0000211015228e+00	
3	0	-4.0330031869837e-03	1.0002982321521e+01	8.2190773665668e-06	2.9996847955002e+00	
3	1	-1.9222239448284e-03	9.9995071392424e+00	3.9804062291005e-05	2.9992754745893e+00	
3	2	2.1231915026059e-03	1.0000546108109e+01	1.5219159516155e-04	3.0008007898836e+00	
3	3	-2.8955978545566e-03	1.0000581349493e+01	-1.8028218403343e-03	2.9993057254916e+00	
3	4	-7.0146500867452e-04	1.0000816379993e+01	-1.5219465357671e-04	3.0000344744953e+00	
3	5	1.0793222227772e-03	1.0000086937392e+01	3.6291367436709e-04	3.0003498778845e+00	
3	6	4.2621786234518e-03	1.0000760536528e+01	-1.5451307196376e-03	3.0015068145454e+00	
3	7	2.2825401494000e-03	1.0002881297696e+01	1.5921745581320e-04	3.0015491513535e+00	
3	8	-2.4584257587881e-03	9.9985589615169e+00	-4.8827463430623e-04	2.9988301607274e+00	



Reaction Force
-2.3904197298299e-03	 -8.3568298939420e+01	 
1.2336087039811e-01	 -1.6691390552216e+02	 
1.6971313456862e-04	 -1.6672667529139e+02	 
-1.5649504364970e-08	 -8.3330873156000e+01	 
-4.4112184618064e-02	 4.9121506579699e-01	 
3.4036209022836e-02	 3.0914703106356e-02	 
3.5998495033850e-04	 2.9868538153508e-04	 
2.3182432994204e-10	 1.1171121958228e-08	 
-7.1286182518492e-02	 1.6486253643371e-02	 
6.2745940759579e-04	 8.3103353022349e-04	 
6.8259306301018e-06	 7.1964914737637e-06	 
-9.9690704426312e-09	 -1.8609940550932e-09	 
-4.0772236195043e-02	 8.3333333341441e+01	 
-1.0417275385176e-08	 1.6666666665069e+02	 
1.6052929943287e-08	 1.6666666664240e+02	 
-2.0031551881215e-08	 8.3333333327184e+01	 
