2

4

1   1

4   4

2   2

0.0 0.0 1.0 1.0
0.0 0.0 1.0 1.0

0   0.0 0.0 1.0
1   10.0 0.0 1.0
2   0.0 10.0 1.0
3   10.0 10.0 1.0

1   1

0   0

12  12

7.69230769230769273470e-02  1.53846153846153854694e-01  2.30769230769230782041e-01  3.07692307692307709388e-01  3.84615384615384636735e-01  4.61538461538461564082e-01  5.38461538461538435918e-01  6.15384615384615418776e-01  6.92307692307692290612e-01  7.69230769230769273470e-01  8.46153846153846145306e-01  9.23076923076923128164e-01
7.69230769230769273470e-02  1.53846153846153854694e-01  2.30769230769230782041e-01  3.07692307692307709388e-01  3.84615384615384636735e-01  4.61538461538461564082e-01  5.38461538461538435918e-01  6.15384615384615418776e-01  6.92307692307692290612e-01  7.69230769230769273470e-01  8.46153846153846145306e-01  9.23076923076923128164e-01