-2.290054e-04 
-5.899161e-03 
-1.158927e-02 
-1.537822e-02 
-1.873481e-02 
-2.276125e-02 
-2.651850e-02 
-3.042703e-02 
-3.429625e-02 
-3.817705e-02 
-4.010221e-02 
5.291745e-04 
-4.072151e-03 
-2.218997e-03 
-6.632565e-03 
6.897554e-04 
-1.238864e-02 
6.326396e-03 
-1.484060e-02 
4.059007e-03 
-1.900679e-02 
4.788820e-03 
-2.264285e-02 
4.556539e-03 
-2.656307e-02 
4.588235e-03 
-3.041109e-02 
4.565616e-03 
-3.430119e-02 
4.541746e-03 
-3.817478e-02 
4.515333e-03 
-4.010207e-02 
4.490107e-03 
1.639998e-02 
5.819513e-04 
1.644500e-02 
-4.061394e-03 
2.028365e-02 
-1.023158e-02 
1.347923e-02 
-1.435104e-02 
1.443773e-02 
-1.854661e-02 
1.384274e-02 
-2.245894e-02 
1.385258e-02 
-2.638986e-02 
1.376283e-02 
-3.029684e-02 
1.370207e-02 
-3.419219e-02 
1.363684e-02 
-3.807777e-02 
1.354850e-02 
-4.000736e-02 
1.348293e-02 
2.963271e-02 
-2.526252e-03 
2.855108e-02 
-5.698783e-03 
2.567303e-02 
-8.928278e-03 
2.518943e-02 
-1.400980e-02 
2.359612e-02 
-1.799146e-02 
2.343748e-02 
-2.215975e-02 
2.310934e-02 
-2.613028e-02 
2.299357e-02 
-3.008470e-02 
2.286027e-02 
-3.400314e-02 
2.274369e-02 
-3.789811e-02 
2.260188e-02 
-3.983512e-02 
2.250271e-02 
3.577253e-02 
-1.092584e-03 
3.595921e-02 
-5.134603e-03 
3.526843e-02 
-9.526636e-03 
3.404610e-02 
-1.339642e-02 
3.343846e-02 
-1.776113e-02 
3.275600e-02 
-2.180134e-02 
3.248997e-02 
-2.585774e-02 
3.222021e-02 
-2.982482e-02 
3.204431e-02 
-3.376171e-02 
3.186468e-02 
-3.766666e-02 
3.167717e-02 
-3.960988e-02 
3.155747e-02 
4.453695e-02 
-2.024188e-03 
4.453140e-02 
-5.502794e-03 
4.409266e-02 
-9.283480e-03 
4.338724e-02 
-1.345196e-02 
4.266796e-02 
-1.746013e-02 
4.219717e-02 
-2.157135e-02 
4.176086e-02 
-2.557598e-02 
4.147909e-02 
-2.956056e-02 
4.122097e-02 
-3.349740e-02 
4.100003e-02 
-3.740942e-02 
4.076993e-02 
-3.935741e-02 
4.064182e-02 
5.327714e-02 
-1.754961e-03 
5.325399e-02 
-5.552490e-03 
5.292186e-02 
-9.414566e-03 
5.246288e-02 
-1.331902e-02 
5.194045e-02 
-1.735228e-02 
5.143293e-02 
-2.133967e-02 
5.103932e-02 
-2.534012e-02 
5.068640e-02 
-2.929608e-02 
5.040016e-02 
-3.323197e-02 
5.013267e-02 
-3.714287e-02 
4.987691e-02 
-3.909386e-02 
4.974357e-02 
6.208979e-02 
-1.880185e-03 
6.210475e-02 
-5.599347e-03 
6.190333e-02 
-9.404859e-03 
6.151843e-02 
-1.329347e-02 
6.107934e-02 
-1.720862e-02 
6.064346e-02 
-2.116539e-02 
6.023047e-02 
-2.510699e-02 
5.987554e-02 
-2.904606e-02 
5.955317e-02 
-3.296596e-02 
5.926359e-02 
-3.687542e-02 
5.898565e-02 
-3.882623e-02 
5.885118e-02 
7.104926e-02 
-1.856726e-03 
7.104167e-02 
-5.602266e-03 
7.086700e-02 
-9.382266e-03 
7.056938e-02 
-1.320911e-02 
7.018634e-02 
-1.708192e-02 
6.977883e-02 
-2.097342e-02 
6.938672e-02 
-2.488326e-02 
6.901993e-02 
-2.879130e-02 
6.868914e-02 
-3.269958e-02 
6.838231e-02 
-3.660313e-02 
6.809397e-02 
-3.855359e-02 
6.795504e-02 
8.001940e-02 
-1.851019e-03 
8.002211e-02 
-5.562361e-03 
7.987597e-02 
-9.305215e-03 
7.960569e-02 
-1.308727e-02 
7.926019e-02 
-1.690740e-02 
7.887949e-02 
-2.076188e-02 
7.849787e-02 
-2.463625e-02 
7.813740e-02 
-2.852621e-02 
7.780208e-02 
-3.242199e-02 
7.749183e-02 
-3.632201e-02 
7.719718e-02 
-3.827152e-02 
7.705387e-02 
8.901653e-02 
-1.819106e-03 
8.901490e-02 
-5.469108e-03 
8.887989e-02 
-9.153442e-03 
8.863333e-02 
-1.288553e-02 
8.830962e-02 
-1.666785e-02 
8.794934e-02 
-2.049362e-02 
8.758366e-02 
-2.435439e-02 
8.723150e-02 
-2.823609e-02 
8.690178e-02 
-3.213055e-02 
8.659261e-02 
-3.602944e-02 
8.629797e-02 
-3.797944e-02 
8.615144e-02 
9.349826e-02 
-1.786570e-03 
9.349828e-02 
-5.378559e-03 
9.336996e-02 
-9.017692e-03 
9.313446e-02 
-1.272162e-02 
9.282483e-02 
-1.649209e-02 
9.247732e-02 
-2.031911e-02 
9.212175e-02 
-2.418636e-02 
9.177679e-02 
-2.807794e-02 
9.145057e-02 
-3.197974e-02 
9.114301e-02 
-3.588237e-02 
9.084799e-02 
-3.783220e-02 
9.070156e-02 
2.200443e-03 
8.400036e-03 
1.139843e-02 
7.606763e-04 
1.663620e-03 
3.951575e-03 
1.453809e-02 
-8.626436e-04 
2.398451e-02 
-1.231093e-03 
-4.176525e-03 
-2.729970e-03 



Displacement
0	0.0000000000000e+00	 0.0000000000000e+00	 
1	-2.2900538925887e-04	 0.0000000000000e+00	 
2	-5.8991607337425e-03	 0.0000000000000e+00	 
3	-1.1589272971379e-02	 0.0000000000000e+00	 
4	-1.5378222114396e-02	 0.0000000000000e+00	 
5	-1.8734814958317e-02	 0.0000000000000e+00	 
6	-2.2761251299474e-02	 0.0000000000000e+00	 
7	-2.6518504484658e-02	 0.0000000000000e+00	 
8	-3.0427030530051e-02	 0.0000000000000e+00	 
9	-3.4296246006873e-02	 0.0000000000000e+00	 
10	-3.8177049770680e-02	 0.0000000000000e+00	 
11	-4.0102206883663e-02	 0.0000000000000e+00	 



Strain
0	0	-2.3705529134102e-03	1.7908193215684e-03	-2.2409594154074e-03	0.0000000000000e+00	
0	1	-3.5278597702944e-03	-3.5503728190244e-05	-4.3156589512296e-03	0.0000000000000e+00	
0	2	-4.6851666271786e-03	2.9680242575879e-04	-3.7091377269659e-03	0.0000000000000e+00	
0	3	-4.8945483131285e-03	8.1985215426827e-03	-3.0884478174179e-03	0.0000000000000e+00	
0	4	-4.3287099127171e-03	7.8726093939363e-03	-1.4416157214351e-03	0.0000000000000e+00	
0	5	-3.7628715123057e-03	8.4582240948581e-03	9.7028612905311e-04	0.0000000000000e+00	
0	6	-4.2740146049394e-03	1.4606223763797e-02	-1.8119741413965e-03	0.0000000000000e+00	
0	7	-3.9011819528130e-03	1.5780722516063e-02	2.3092872323520e-03	0.0000000000000e+00	
0	8	-3.5283493006865e-03	1.6619645763957e-02	5.2794673550252e-03	0.0000000000000e+00	
1	0	-5.0991187277123e-03	1.4137053949730e-03	-2.4122958114320e-03	0.0000000000000e+00	
1	1	-5.3643548173759e-03	3.8490483665625e-03	-8.2040498867787e-04	0.0000000000000e+00	
1	2	-5.6295909070395e-03	6.7844872633014e-03	-4.5642138875203e-05	0.0000000000000e+00	
1	3	-3.8453855491405e-03	9.1549397443758e-03	2.0762850262230e-03	0.0000000000000e+00	
1	4	-4.6947827500488e-03	9.9920031856471e-03	2.7445938600491e-03	0.0000000000000e+00	
1	5	-5.5441799509572e-03	1.0235429164150e-02	3.0617084443371e-03	0.0000000000000e+00	
1	6	-3.7014304523938e-03	1.6896174093779e-02	5.5134530275189e-03	0.0000000000000e+00	
1	7	-4.6690550411335e-03	1.6134958004732e-02	4.1644464844987e-03	0.0000000000000e+00	
1	8	-5.6366796298731e-03	1.3686371064998e-02	2.9301794153540e-03	0.0000000000000e+00	











Stress
0	0	-2.1579639286858e+00	1.0430916366823e+00	-8.6190746746439e-01	-3.3446168760104e-01	
0	1	-4.7695249185830e+00	-2.0830971938875e+00	-1.6598688273960e+00	-2.0557866337411e+00	
0	2	-6.1357229063412e+00	-2.3034390194662e+00	-1.4265914334484e+00	-2.5317485777422e+00	
0	3	-1.8588987622791e+00	8.2126934344987e+00	-1.1878645451607e+00	1.9061384016659e+00	
0	4	-1.2852194629252e+00	8.1004107729621e+00	-5.5446758516734e-01	2.0445573930111e+00	
0	5	-1.8565928876267e-01	9.2151834859788e+00	3.7318697271274e-01	2.7088572591648e+00	
0	6	2.6731863570799e+00	1.7196446640723e+01	-6.9691313130635e-01	5.9608898993410e+00	
0	7	3.8526718997111e+00	1.8992598414231e+01	8.8818739705844e-01	6.8535810941826e+00	
0	8	4.8385561898205e+00	2.0337013931854e+01	2.0305643673174e+00	7.5526710365024e+00	
1	0	-6.0485990209745e+00	-1.0387343112165e+00	-9.2780608131999e-01	-2.1261999996573e+00	
1	1	-5.0006420426816e+00	2.0865911757326e+00	-3.1554038026072e-01	-8.7421526008469e-01	
1	2	-3.6641681844947e+00	5.8851227157676e+00	-1.7554668798155e-02	6.6628635938187e-01	
1	3	1.0521545945073e-01	1.0105465685233e+01	7.9857116393191e-01	3.0632043434050e+00	
1	4	-5.5528263334625e-01	1.0742245009497e+01	1.0556130230958e+00	3.0560887128452e+00	
1	5	-1.5582638777406e+00	1.0579896980034e+01	1.1775801708989e+00	2.7064899306880e+00	
1	6	4.7650979066499e+00	2.0609409096013e+01	2.1205588567380e+00	7.6123521007989e+00	
1	7	3.0233632165887e+00	1.9026450174947e+01	1.6017101863457e+00	6.6149440174606e+00	
1	8	3.0814534343888e-01	1.5172030493340e+01	1.1269920828284e+00	4.6440527510336e+00	



Reaction Force
1.2665316632424e+00	 -1.2161595165633e+00	 
6.5955470079846e-01	 -3.2076548229327e+00	 
-8.1999984303157e-01	 -5.5362184745341e+00	 
-6.2184227547294e-01	 -1.2921966792190e+00	 
0.0000000000000e+00	 0.0000000000000e+00	 
0.0000000000000e+00	 0.0000000000000e+00	 
0.0000000000000e+00	 0.0000000000000e+00	 
0.0000000000000e+00	 0.0000000000000e+00	 
0.0000000000000e+00	 0.0000000000000e+00	 
0.0000000000000e+00	 0.0000000000000e+00	 
0.0000000000000e+00	 0.0000000000000e+00	 
0.0000000000000e+00	 0.0000000000000e+00	 
