1000    0.3

1

12

2	2

7	6

4	3

0	1	2	3	4	5	6	7	8	9	10	11

12	0   0

-2.0000000000 -2.0000000000 -2.0000000000 -1.0000000000 0.0000000000 0.0000000000 0.0000000000 
-3.1415926536 -3.1415926536 -3.1415926536 0.0000000000 0.0000000000 0.0000000000 

0	0.0000000000 2.0000000000 1.0000000000
1	0.0000000000 1.7500000000 1.0000000000
2	0.0000000000 1.2500000000 1.0000000000
3	0.0000000000 1.0000000000 1.0000000000
4	2.0000000000 2.0000000000 0.7071067812
5	1.7500000000 1.7500000000 0.7071067812
6	1.2500000000 1.2500000000 0.7071067812
7	1.0000000000 1.0000000000 0.7071067812
8	2.0000000000 0.0000000000 1.0000000000
9	1.7500000000 0.0000000000 1.0000000000
10	1.2500000000 0.0000000000 1.0000000000
11	1.0000000000 0.0000000000 1.0000000000

0   0   0
1   0   0
2   0   0
3   0   0
4   0   0
8   0   0
0   1   0
4   1   0
8   1   0
9   1   0
10  1   0
11  1   0

0   0   0
