-1.857143e-03 
-5.571429e-03 
-1.114286e-02 
-1.671429e-02 
-2.228571e-02 
-2.785714e-02 
-3.342857e-02 
-3.714286e-02 
-3.900000e-02 
4.333333e-03 
-1.857143e-03 
4.333333e-03 
-5.571429e-03 
4.333333e-03 
-1.114286e-02 
4.333333e-03 
-1.671429e-02 
4.333333e-03 
-2.228571e-02 
4.333333e-03 
-2.785714e-02 
4.333333e-03 
-3.342857e-02 
4.333333e-03 
-3.714286e-02 
4.333333e-03 
-3.900000e-02 
4.333333e-03 
1.300000e-02 
-1.857143e-03 
1.300000e-02 
-5.571429e-03 
1.300000e-02 
-1.114286e-02 
1.300000e-02 
-1.671429e-02 
1.300000e-02 
-2.228571e-02 
1.300000e-02 
-2.785714e-02 
1.300000e-02 
-3.342857e-02 
1.300000e-02 
-3.714286e-02 
1.300000e-02 
-3.900000e-02 
1.300000e-02 
2.600000e-02 
-1.857143e-03 
2.600000e-02 
-5.571429e-03 
2.600000e-02 
-1.114286e-02 
2.600000e-02 
-1.671429e-02 
2.600000e-02 
-2.228571e-02 
2.600000e-02 
-2.785714e-02 
2.600000e-02 
-3.342857e-02 
2.600000e-02 
-3.714286e-02 
2.600000e-02 
-3.900000e-02 
2.600000e-02 
3.900000e-02 
-1.857143e-03 
3.900000e-02 
-5.571429e-03 
3.900000e-02 
-1.114286e-02 
3.900000e-02 
-1.671429e-02 
3.900000e-02 
-2.228571e-02 
3.900000e-02 
-2.785714e-02 
3.900000e-02 
-3.342857e-02 
3.900000e-02 
-3.714286e-02 
3.900000e-02 
-3.900000e-02 
3.900000e-02 
5.200000e-02 
-1.857143e-03 
5.200000e-02 
-5.571429e-03 
5.200000e-02 
-1.114286e-02 
5.200000e-02 
-1.671429e-02 
5.200000e-02 
-2.228571e-02 
5.200000e-02 
-2.785714e-02 
5.200000e-02 
-3.342857e-02 
5.200000e-02 
-3.714286e-02 
5.200000e-02 
-3.900000e-02 
5.200000e-02 
6.500000e-02 
-1.857143e-03 
6.500000e-02 
-5.571429e-03 
6.500000e-02 
-1.114286e-02 
6.500000e-02 
-1.671429e-02 
6.500000e-02 
-2.228571e-02 
6.500000e-02 
-2.785714e-02 
6.500000e-02 
-3.342857e-02 
6.500000e-02 
-3.714286e-02 
6.500000e-02 
-3.900000e-02 
6.500000e-02 
7.800000e-02 
-1.857143e-03 
7.800000e-02 
-5.571429e-03 
7.800000e-02 
-1.114286e-02 
7.800000e-02 
-1.671429e-02 
7.800000e-02 
-2.228571e-02 
7.800000e-02 
-2.785714e-02 
7.800000e-02 
-3.342857e-02 
7.800000e-02 
-3.714286e-02 
7.800000e-02 
-3.900000e-02 
7.800000e-02 
8.666667e-02 
-1.857143e-03 
8.666667e-02 
-5.571429e-03 
8.666667e-02 
-1.114286e-02 
8.666667e-02 
-1.671429e-02 
8.666667e-02 
-2.228571e-02 
8.666667e-02 
-2.785714e-02 
8.666667e-02 
-3.342857e-02 
8.666667e-02 
-3.714286e-02 
8.666667e-02 
-3.900000e-02 
8.666667e-02 
9.100000e-02 
-1.857143e-03 
9.100000e-02 
-5.571429e-03 
9.100000e-02 
-1.114286e-02 
9.100000e-02 
-1.671429e-02 
9.100000e-02 
-2.228571e-02 
9.100000e-02 
-2.785714e-02 
9.100000e-02 
-3.342857e-02 
9.100000e-02 
-3.714286e-02 
9.100000e-02 
-3.900000e-02 
9.100000e-02 



Displacement
0	0.0000000000000e+00	 0.0000000000000e+00	 
1	-1.8571428502855e-03	 0.0000000000000e+00	 
2	-5.5714285640629e-03	 0.0000000000000e+00	 
3	-1.1142857137113e-02	 0.0000000000000e+00	 
4	-1.6714285720383e-02	 0.0000000000000e+00	 
5	-2.2285714269214e-02	 0.0000000000000e+00	 
6	-2.7857142863909e-02	 0.0000000000000e+00	 
7	-3.3428571419095e-02	 0.0000000000000e+00	 
8	-3.7142857152335e-02	 0.0000000000000e+00	 
9	-3.9000000005913e-02	 0.0000000000000e+00	 
10	0.0000000000000e+00	 4.3333333388158e-03	 
11	-1.8571428700046e-03	 4.3333333324279e-03	 
12	-5.5714285587557e-03	 4.3333333323760e-03	 
13	-1.1142857138866e-02	 4.3333333312017e-03	 
14	-1.6714285719591e-02	 4.3333333427185e-03	 
15	-2.2285714282126e-02	 4.3333333187051e-03	 
16	-2.7857142856389e-02	 4.3333333535892e-03	 
17	-3.3428571429896e-02	 4.3333333049435e-03	 
18	-3.7142857147157e-02	 4.3333333600043e-03	 
19	-3.9000000010461e-02	 4.3333333223639e-03	 
20	0.0000000000000e+00	 1.2999999998574e-02	 
21	-1.8571428387801e-03	 1.2999999998651e-02	 
22	-5.5714285865784e-03	 1.3000000002642e-02	 
23	-1.1142857140088e-02	 1.2999999998531e-02	 
24	-1.6714285691048e-02	 1.2999999999362e-02	 
25	-2.2285714297511e-02	 1.2999999995813e-02	 
26	-2.7857142839121e-02	 1.3000000001088e-02	 
27	-3.3428571431660e-02	 1.3000000009155e-02	 
28	-3.7142857132667e-02	 1.2999999989233e-02	 
29	-3.8999999982812e-02	 1.3000000005724e-02	 
30	0.0000000000000e+00	 2.6000000000097e-02	 
31	-1.8571428775137e-03	 2.6000000005715e-02	 
32	-5.5714285635784e-03	 2.6000000000897e-02	 
33	-1.1142857145710e-02	 2.5999999992525e-02	 
34	-1.6714285722592e-02	 2.5999999999233e-02	 
35	-2.2285714266160e-02	 2.6000000003811e-02	 
36	-2.7857142871732e-02	 2.5999999996756e-02	 
37	-3.3428571418944e-02	 2.5999999995832e-02	 
38	-3.7142857152274e-02	 2.6000000003871e-02	 
39	-3.9000000011753e-02	 2.5999999999534e-02	 
40	0.0000000000000e+00	 3.9000000003262e-02	 
41	-1.8571428396562e-03	 3.8999999990065e-02	 
42	-5.5714285712337e-03	 3.8999999996289e-02	 
43	-1.1142857146025e-02	 3.9000000007021e-02	 
44	-1.6714285711235e-02	 3.8999999993997e-02	 
45	-2.2285714300698e-02	 3.9000000000633e-02	 
46	-2.7857142841819e-02	 3.8999999992818e-02	 
47	-3.3428571420990e-02	 3.9000000009516e-02	 
48	-3.7142857129066e-02	 3.9000000001620e-02	 
49	-3.8999999981760e-02	 3.8999999990675e-02	 
50	0.0000000000000e+00	 5.1999999994157e-02	 
51	-1.8571428713522e-03	 5.1999999993902e-02	 
52	-5.5714285741344e-03	 5.2000000007642e-02	 
53	-1.1142857137623e-02	 5.1999999993271e-02	 
54	-1.6714285715442e-02	 5.2000000007444e-02	 
55	-2.2285714267208e-02	 5.1999999991190e-02	 
56	-2.7857142864938e-02	 5.2000000000227e-02	 
57	-3.3428571433666e-02	 5.2000000005182e-02	 
58	-3.7142857136278e-02	 5.1999999992203e-02	 
59	-3.9000000001608e-02	 5.2000000019940e-02	 
60	0.0000000000000e+00	 6.4999999997315e-02	 
61	-1.8571428443420e-03	 6.5000000007866e-02	 
62	-5.5714285692375e-03	 6.4999999983621e-02	 
63	-1.1142857152156e-02	 6.5000000014626e-02	 
64	-1.6714285715070e-02	 6.4999999981169e-02	 
65	-2.2285714287651e-02	 6.5000000004545e-02	 
66	-2.7857142870972e-02	 6.5000000007952e-02	 
67	-3.3428571420820e-02	 6.4999999990636e-02	 
68	-3.7142857174627e-02	 6.5000000020834e-02	 
69	-3.9000000021233e-02	 6.4999999991302e-02	 
70	0.0000000000000e+00	 7.8000000002461e-02	 
71	-1.8571428710526e-03	 7.7999999985278e-02	 
72	-5.5714285808070e-03	 7.8000000031317e-02	 
73	-1.1142857140641e-02	 7.7999999979581e-02	 
74	-1.6714285720072e-02	 7.8000000012908e-02	 
75	-2.2285714293597e-02	 7.7999999996730e-02	 
76	-2.7857142838005e-02	 7.8000000002657e-02	 
77	-3.3428571468506e-02	 7.8000000000779e-02	 
78	-3.7142857106153e-02	 7.7999999994531e-02	 
79	-3.8999999979425e-02	 7.8000000003365e-02	 
80	0.0000000000000e+00	 8.6666666670565e-02	 
81	-1.8571428512216e-03	 8.6666666687994e-02	 
82	-5.5714285685486e-03	 8.6666666647836e-02	 
83	-1.1142857147894e-02	 8.6666666684589e-02	 
84	-1.6714285717774e-02	 8.6666666650468e-02	 
85	-2.2285714264799e-02	 8.6666666661028e-02	 
86	-2.7857142873411e-02	 8.6666666692455e-02	 
87	-3.3428571396155e-02	 8.6666666636853e-02	 
88	-3.7142857164544e-02	 8.6666666668761e-02	 
89	-3.9000000011467e-02	 8.6666666664711e-02	 
90	0.0000000000000e+00	 9.1000000007233e-02	 
91	-1.8571428547572e-03	 9.1000000013021e-02	 
92	-5.5714285742374e-03	 9.0999999994702e-02	 
93	-1.1142857152914e-02	 9.1000000007424e-02	 
94	-1.6714285704955e-02	 9.0999999992044e-02	 
95	-2.2285714298307e-02	 9.0999999992012e-02	 
96	-2.7857142840961e-02	 9.1000000024548e-02	 
97	-3.3428571435286e-02	 9.0999999967815e-02	 
98	-3.7142857139525e-02	 9.1000000016042e-02	 
99	-3.8999999993079e-02	 9.0999999982368e-02	 



Strain
0	0	-3.8999999960737e-03	9.1000000048333e-03	-1.0301627389672e-11	0.0000000000000e+00	
0	1	-3.8999999949203e-03	9.0999999997375e-03	-1.5716300439880e-11	0.0000000000000e+00	
0	2	-3.8999999964977e-03	9.0999999986425e-03	-7.8409683260117e-12	0.0000000000000e+00	
0	3	-3.9000000024731e-03	9.0999999989247e-03	-4.1822117600662e-12	0.0000000000000e+00	
0	4	-3.8999999967016e-03	9.1000000001410e-03	-1.0371335951512e-12	0.0000000000000e+00	
0	5	-3.8999999958998e-03	9.1000000007291e-03	-5.2954979810893e-12	0.0000000000000e+00	
0	6	-3.8999999960550e-03	9.0999999978841e-03	1.8364516247223e-14	0.0000000000000e+00	
0	7	-3.9000000018648e-03	9.1000000009351e-03	1.9697384999115e-12	0.0000000000000e+00	
0	8	-3.9000000022150e-03	9.1000000013448e-03	-3.3716105028606e-12	0.0000000000000e+00	
1	0	-3.8999999985282e-03	9.0999999984678e-03	-3.7044267393177e-12	0.0000000000000e+00	
1	1	-3.9000000017243e-03	9.0999999982165e-03	-7.7179410052589e-13	0.0000000000000e+00	
1	2	-3.9000000042360e-03	9.0999999991371e-03	1.4372440458868e-13	0.0000000000000e+00	
1	3	-3.8999999974631e-03	9.1000000007152e-03	-7.7603737780492e-12	0.0000000000000e+00	
1	4	-3.8999999997059e-03	9.1000000001813e-03	-7.0888953785004e-12	0.0000000000000e+00	
1	5	-3.9000000008280e-03	9.0999999994047e-03	-1.4424894648076e-12	0.0000000000000e+00	
1	6	-3.9000000001940e-03	9.1000000010253e-03	-6.4090043713864e-12	0.0000000000000e+00	
1	7	-3.8999999972949e-03	9.1000000001178e-03	-7.0036255803048e-12	0.0000000000000e+00	
1	8	-3.8999999957475e-03	9.0999999988450e-03	-3.0390544005447e-12	0.0000000000000e+00	
2	0	-3.9000000052538e-03	9.1000000007209e-03	1.1549552546980e-12	0.0000000000000e+00	
2	1	-3.9000000042752e-03	9.1000000042887e-03	2.6295370503422e-12	0.0000000000000e+00	
2	2	-3.8999999995686e-03	9.1000000054088e-03	7.1167719112680e-13	0.0000000000000e+00	
2	3	-3.9000000010028e-03	9.0999999990269e-03	3.1462827677388e-12	0.0000000000000e+00	
2	4	-3.9000000010546e-03	9.0999999986571e-03	8.5033746604940e-12	0.0000000000000e+00	
2	5	-3.9000000008738e-03	9.0999999986211e-03	7.4292420509432e-12	0.0000000000000e+00	
2	6	-3.8999999955080e-03	9.0999999979746e-03	4.1158191831374e-13	0.0000000000000e+00	
2	7	-3.8999999968259e-03	9.0999999966965e-03	4.5446918725711e-12	0.0000000000000e+00	
2	8	-3.9000000004149e-03	9.0999999967228e-03	4.7898123777866e-12	0.0000000000000e+00	
3	0	-3.8999999955487e-03	9.1000000033421e-03	-3.1015420266789e-12	0.0000000000000e+00	
3	1	-3.8999999930813e-03	9.0999999964463e-03	-1.0414838371060e-11	0.0000000000000e+00	
3	2	-3.8999999971727e-03	9.0999999921345e-03	-1.2641061068120e-11	0.0000000000000e+00	
3	3	-3.9000000006645e-03	9.0999999987416e-03	2.9856784362556e-12	0.0000000000000e+00	
3	4	-3.9000000001705e-03	9.0999999990690e-03	-4.0781782925702e-12	0.0000000000000e+00	
3	5	-3.8999999995132e-03	9.0999999992656e-03	-4.3180145740423e-12	0.0000000000000e+00	
3	6	-3.9000000032590e-03	9.0999999977991e-03	2.8593753070589e-12	0.0000000000000e+00	
3	7	-3.9000000050203e-03	9.1000000008074e-03	3.8054982274649e-13	0.0000000000000e+00	
3	8	-3.9000000022002e-03	9.1000000026015e-03	1.3059748007825e-12	0.0000000000000e+00	
4	0	-3.9000000020237e-03	9.0999999939186e-03	-9.3125160360863e-12	0.0000000000000e+00	
4	1	-3.9000000062242e-03	9.1000000030284e-03	-8.6053885371695e-13	0.0000000000000e+00	
4	2	-3.9000000040037e-03	9.1000000096673e-03	3.1679441352695e-12	0.0000000000000e+00	
4	3	-3.8999999991049e-03	9.0999999991936e-03	4.3372488760240e-13	0.0000000000000e+00	
4	4	-3.8999999991125e-03	9.0999999989692e-03	7.2576458731710e-12	0.0000000000000e+00	
4	5	-3.9000000001239e-03	9.0999999994466e-03	6.0044181481589e-12	0.0000000000000e+00	
4	6	-3.8999999988402e-03	9.1000000018692e-03	3.8265391899485e-12	0.0000000000000e+00	
4	7	-3.8999999960664e-03	9.0999999982191e-03	5.9615058081838e-12	0.0000000000000e+00	
4	8	-3.8999999979328e-03	9.0999999958606e-03	3.6551787836913e-12	0.0000000000000e+00	
5	0	-3.9000000002856e-03	9.1000000077766e-03	6.0584610245273e-13	0.0000000000000e+00	
5	1	-3.8999999978111e-03	9.0999999965017e-03	-5.2794629562189e-12	0.0000000000000e+00	
5	2	-3.9000000014364e-03	9.0999999898139e-03	-4.5393181452054e-12	0.0000000000000e+00	
5	3	-3.9000000010910e-03	9.1000000004185e-03	1.6075140350791e-13	0.0000000000000e+00	
5	4	-3.9000000021288e-03	9.1000000026100e-03	-5.2099798271161e-12	0.0000000000000e+00	
5	5	-3.9000000021960e-03	9.1000000029576e-03	1.5432889879337e-12	0.0000000000000e+00	
5	6	-3.9000000008005e-03	9.0999999970486e-03	3.3969123358363e-13	0.0000000000000e+00	
5	7	-3.9000000033823e-03	9.1000000024484e-03	-2.0613396040548e-12	0.0000000000000e+00	
5	8	-3.9000000022284e-03	9.1000000051914e-03	9.5110283240251e-13	0.0000000000000e+00	
6	0	-3.9000000057497e-03	9.0999999946964e-03	1.4731592681838e-12	0.0000000000000e+00	
6	1	-3.9000000077270e-03	9.1000000100764e-03	5.6564197770115e-12	0.0000000000000e+00	
6	2	-3.9000000015209e-03	9.0999999993740e-03	-1.2096837495189e-11	0.0000000000000e+00	
6	3	-3.9000000018649e-03	9.1000000011966e-03	1.1345937210583e-11	0.0000000000000e+00	
6	4	-3.9000000018280e-03	9.0999999972515e-03	1.2953791630934e-11	0.0000000000000e+00	
6	5	-3.9000000026300e-03	9.1000000007710e-03	-1.2003268708945e-11	0.0000000000000e+00	
6	6	-3.9000000000773e-03	9.1000000024525e-03	4.7422951795963e-12	0.0000000000000e+00	
6	7	-3.8999999974998e-03	9.0999999946911e-03	6.4440472882375e-12	0.0000000000000e+00	
6	8	-3.8999999968584e-03	9.1000000009369e-03	2.0276949259942e-12	0.0000000000000e+00	
7	0	-3.8999999952370e-03	9.0999999992436e-03	-3.3380611642875e-13	0.0000000000000e+00	
7	1	-3.9000000032433e-03	9.1000000014820e-03	-1.8983338121933e-12	0.0000000000000e+00	
7	2	-3.9000000036995e-03	9.1000000010665e-03	-2.8986759146405e-12	0.0000000000000e+00	
7	3	-3.9000000023352e-03	9.1000000007495e-03	1.0691865144977e-13	0.0000000000000e+00	
7	4	-3.9000000015166e-03	9.1000000011176e-03	-5.2435455879640e-12	0.0000000000000e+00	
7	5	-3.9000000003145e-03	9.1000000001121e-03	-2.3063434164859e-12	0.0000000000000e+00	
7	6	-3.9000000098580e-03	9.1000000006068e-03	1.7496298925490e-12	0.0000000000000e+00	
7	7	-3.8999999982378e-03	9.0999999988979e-03	-1.7908517944717e-12	0.0000000000000e+00	
7	8	-3.8999999956074e-03	9.0999999986436e-03	-5.4028658895234e-13	0.0000000000000e+00	
8	0	-3.9000000008879e-03	9.1000000004115e-03	-3.7071096518036e-12	0.0000000000000e+00	
8	1	-3.8999999968446e-03	9.0999999992945e-03	-4.2600521770126e-12	0.0000000000000e+00	
8	2	-3.8999999946629e-03	9.0999999982475e-03	-3.2677842221645e-12	0.0000000000000e+00	
8	3	-3.8999999994620e-03	9.0999999994816e-03	-8.8056156740150e-13	0.0000000000000e+00	
8	4	-3.8999999980946e-03	9.0999999987744e-03	-1.2573518513523e-12	0.0000000000000e+00	
8	5	-3.8999999969018e-03	9.0999999984158e-03	-3.0647766177193e-12	0.0000000000000e+00	
8	6	-3.8999999977380e-03	9.0999999989213e-03	6.0431357357632e-14	0.0000000000000e+00	
8	7	-3.9000000004193e-03	9.0999999997051e-03	-7.5291383928433e-13	0.0000000000000e+00	
8	8	-3.9000000008263e-03	9.1000000003317e-03	-2.4192614402547e-12	0.0000000000000e+00	
9	0	-3.8999999942822e-03	9.0999999976924e-03	-2.0008326050668e-12	0.0000000000000e+00	
9	1	-3.8999999956439e-03	9.0999999971061e-03	-6.8600747098971e-13	0.0000000000000e+00	
9	2	-3.8999999996236e-03	9.0999999976297e-03	-5.7263932941450e-13	0.0000000000000e+00	
9	3	-3.8999999963422e-03	9.0999999983045e-03	-3.8873926457407e-12	0.0000000000000e+00	
9	4	-3.8999999964404e-03	9.0999999983487e-03	-5.3411776886644e-12	0.0000000000000e+00	
9	5	-3.8999999979960e-03	9.0999999989992e-03	-5.6229494153669e-12	0.0000000000000e+00	
9	6	-3.9000000001073e-03	9.1000000003791e-03	-3.1427884695284e-12	0.0000000000000e+00	
9	7	-3.8999999986177e-03	9.0999999999700e-03	-4.2902310647888e-12	0.0000000000000e+00	
9	8	-3.8999999970048e-03	9.0999999996104e-03	-4.5680349577780e-12	0.0000000000000e+00	
10	0	-3.9000000028350e-03	9.0999999987321e-03	-7.9412997987423e-13	0.0000000000000e+00	
10	1	-3.9000000051657e-03	9.1000000013998e-03	5.8193654430862e-13	0.0000000000000e+00	
10	2	-3.9000000027939e-03	9.1000000029136e-03	3.1962533837119e-12	0.0000000000000e+00	
10	3	-3.8999999994603e-03	9.0999999997937e-03	-4.5134759441728e-12	0.0000000000000e+00	
10	4	-3.9000000012287e-03	9.1000000015086e-03	-2.3156009173932e-13	0.0000000000000e+00	
10	5	-3.9000000018082e-03	9.1000000024448e-03	3.3341819189840e-12	0.0000000000000e+00	
10	6	-3.8999999961321e-03	9.0999999997310e-03	-3.9105840718292e-12	0.0000000000000e+00	
10	7	-3.8999999966190e-03	9.1000000004414e-03	-1.7796726509868e-12	0.0000000000000e+00	
10	8	-3.8999999998840e-03	9.1000000009610e-03	-5.0478260411836e-13	0.0000000000000e+00	
11	0	-3.8999999996228e-03	9.1000000022949e-03	4.4599474937831e-12	0.0000000000000e+00	
11	1	-3.8999999968018e-03	9.0999999991144e-03	3.3775034770931e-12	0.0000000000000e+00	
11	2	-3.8999999981157e-03	9.0999999965236e-03	-4.3847134429553e-14	0.0000000000000e+00	
11	3	-3.9000000016398e-03	9.1000000020754e-03	3.2975143137424e-12	0.0000000000000e+00	
11	4	-3.9000000011137e-03	9.1000000000186e-03	-3.1569555759977e-13	0.0000000000000e+00	
11	5	-3.9000000003785e-03	9.0999999977467e-03	-4.0692411886514e-12	0.0000000000000e+00	
11	6	-3.9000000027574e-03	9.1000000007955e-03	-1.0363880562857e-12	0.0000000000000e+00	
11	7	-3.9000000047076e-03	9.0999999997049e-03	-2.6938391896884e-12	0.0000000000000e+00	
11	8	-3.9000000022178e-03	9.0999999984149e-03	-3.0567688447485e-12	0.0000000000000e+00	
12	0	-3.9000000004804e-03	9.0999999967807e-03	-1.9177932625205e-12	0.0000000000000e+00	
12	1	-3.9000000026646e-03	9.0999999998712e-03	-2.2824205768652e-12	0.0000000000000e+00	
12	2	-3.9000000018141e-03	9.1000000020947e-03	-8.7496106559887e-13	0.0000000000000e+00	
12	3	-3.8999999999037e-03	9.0999999970569e-03	-4.3633495864300e-12	0.0000000000000e+00	
12	4	-3.8999999997589e-03	9.0999999973230e-03	-2.2643137703921e-12	0.0000000000000e+00	
12	5	-3.9000000005697e-03	9.0999999987584e-03	-8.8359653706173e-13	0.0000000000000e+00	
12	6	-3.8999999991143e-03	9.0999999979542e-03	-1.8533948258250e-12	0.0000000000000e+00	
12	7	-3.8999999968775e-03	9.0999999980272e-03	9.5475153730767e-13	0.0000000000000e+00	
12	8	-3.8999999994004e-03	9.0999999992900e-03	2.5499157537537e-12	0.0000000000000e+00	
13	0	-3.9000000000762e-03	9.1000000010782e-03	-2.7263041542207e-13	0.0000000000000e+00	
13	1	-3.8999999973027e-03	9.0999999973858e-03	2.8642905647129e-13	0.0000000000000e+00	
13	2	-3.8999999951325e-03	9.1000000005047e-03	2.6976232340737e-12	0.0000000000000e+00	
13	3	-3.9000000013221e-03	9.0999999998089e-03	-1.9626635928451e-12	0.0000000000000e+00	
13	4	-3.9000000006682e-03	9.1000000009659e-03	-3.6775188370062e-12	0.0000000000000e+00	
13	5	-3.8999999972071e-03	9.0999999994317e-03	-1.7601276221682e-12	0.0000000000000e+00	
13	6	-3.9000000026236e-03	9.1000000005915e-03	2.0982257782075e-12	0.0000000000000e+00	
13	7	-3.9000000045231e-03	9.1000000020444e-03	-4.0448237015889e-13	0.0000000000000e+00	
13	8	-3.9000000008746e-03	9.0999999980235e-03	-3.6201182536982e-12	0.0000000000000e+00	
14	0	-3.9000000096334e-03	9.0999999998460e-03	2.3145591346307e-12	0.0000000000000e+00	
14	1	-3.8999999973082e-03	9.0999999969516e-03	3.0108474307483e-12	0.0000000000000e+00	
14	2	-3.8999999951378e-03	9.0999999976581e-03	1.4901209742036e-12	0.0000000000000e+00	
14	3	-3.9000000011341e-03	9.0999999986123e-03	-1.9337794711881e-12	0.0000000000000e+00	
14	4	-3.8999999980869e-03	9.0999999955241e-03	6.3960727990017e-12	0.0000000000000e+00	
14	5	-3.8999999987648e-03	9.0999999973523e-03	4.2292779978956e-12	0.0000000000000e+00	
14	6	-3.8999999922841e-03	9.0999999976478e-03	-9.2897037693148e-12	0.0000000000000e+00	
14	7	-3.8999999999476e-03	9.0999999969531e-03	2.6039447864977e-12	0.0000000000000e+00	
14	8	-3.9000000030923e-03	9.0999999990305e-03	4.1262324532750e-12	0.0000000000000e+00	
15	0	-3.8999999979970e-03	9.0999999987830e-03	3.7687724035312e-13	0.0000000000000e+00	
15	1	-3.9000000015714e-03	9.1000000007966e-03	-1.1289252681550e-12	0.0000000000000e+00	
15	2	-3.9000000022538e-03	9.1000000020668e-03	-1.8878279625987e-12	0.0000000000000e+00	
15	3	-3.9000000006264e-03	9.0999999991345e-03	1.7973959993978e-12	0.0000000000000e+00	
15	4	-3.9000000025707e-03	9.1000000018184e-03	-2.4350038993612e-13	0.0000000000000e+00	
15	5	-3.9000000023908e-03	9.1000000033029e-03	-5.5814455709044e-13	0.0000000000000e+00	
15	6	-3.9000000030148e-03	9.1000000002692e-03	2.6927250521804e-12	0.0000000000000e+00	
15	7	-3.9000000022347e-03	9.1000000015046e-03	1.4287854270683e-12	0.0000000000000e+00	
15	8	-3.9000000010115e-03	9.1000000019321e-03	9.2760613937543e-13	0.0000000000000e+00	
16	0	-3.9000000014248e-03	9.1000000020898e-03	-1.9297530153700e-12	0.0000000000000e+00	
16	1	-3.8999999994967e-03	9.1000000010208e-03	-1.8843514259809e-12	0.0000000000000e+00	
16	2	-3.8999999971602e-03	9.0999999996715e-03	-1.8717583931836e-12	0.0000000000000e+00	
16	3	-3.9000000014122e-03	9.1000000033044e-03	-4.7924862591874e-13	0.0000000000000e+00	
16	4	-3.8999999998123e-03	9.1000000019892e-03	1.6332274820215e-13	0.0000000000000e+00	
16	5	-3.8999999985412e-03	9.1000000000987e-03	6.5271193101619e-13	0.0000000000000e+00	
16	6	-3.9000000001635e-03	9.1000000019692e-03	4.6868633513065e-13	0.0000000000000e+00	
16	7	-3.8999999995071e-03	9.1000000017538e-03	3.1052487710757e-13	0.0000000000000e+00	
16	8	-3.9000000000103e-03	9.1000000010514e-03	9.0163537791712e-13	0.0000000000000e+00	
17	0	-3.8999999957712e-03	9.0999999992735e-03	-1.9657657663111e-12	0.0000000000000e+00	
17	1	-3.8999999957537e-03	9.0999999993865e-03	-2.8130339854368e-12	0.0000000000000e+00	
17	2	-3.8999999990762e-03	9.0999999997173e-03	-4.1080678999338e-12	0.0000000000000e+00	
17	3	-3.8999999979828e-03	9.0999999992371e-03	3.2383210696318e-13	0.0000000000000e+00	
17	4	-3.8999999977926e-03	9.0999999984660e-03	-2.6149185491627e-12	0.0000000000000e+00	
17	5	-3.8999999986402e-03	9.0999999982547e-03	-6.0574886482798e-12	0.0000000000000e+00	
17	6	-3.9000000007106e-03	9.1000000003583e-03	1.3216360949833e-12	0.0000000000000e+00	
17	7	-3.9000000006882e-03	9.0999999989070e-03	2.4413757999981e-13	0.0000000000000e+00	
17	8	-3.8999999988415e-03	9.0999999978335e-03	-1.9843254130305e-12	0.0000000000000e+00	
18	0	-3.9000000022034e-03	9.0999999996450e-03	-4.6912916260022e-12	0.0000000000000e+00	
18	1	-3.9000000043819e-03	9.0999999990451e-03	-3.4207591728848e-12	0.0000000000000e+00	
18	2	-3.9000000017740e-03	9.0999999985854e-03	-1.1968168968889e-15	0.0000000000000e+00	
18	3	-3.8999999994986e-03	9.0999999982306e-03	-6.8165338553815e-12	0.0000000000000e+00	
18	4	-3.8999999998856e-03	9.0999999983628e-03	-3.2097750665868e-12	0.0000000000000e+00	
18	5	-3.8999999986524e-03	9.0999999990686e-03	3.4282841161794e-12	0.0000000000000e+00	
18	6	-3.8999999970946e-03	9.0999999977064e-03	-2.9477373923637e-12	0.0000000000000e+00	
18	7	-3.8999999954940e-03	9.0999999984322e-03	-1.2663457328954e-12	0.0000000000000e+00	
18	8	-3.8999999960285e-03	9.0999999998728e-03	3.0305771789851e-12	0.0000000000000e+00	
19	0	-3.8999999984754e-03	9.0999999987249e-03	2.3587828196746e-12	0.0000000000000e+00	
19	1	-3.8999999961892e-03	9.0999999997280e-03	4.7168177024805e-12	0.0000000000000e+00	
19	2	-3.8999999990963e-03	9.1000000011156e-03	5.2778936574305e-12	0.0000000000000e+00	
19	3	-3.8999999973697e-03	9.0999999999024e-03	6.8002408174991e-12	0.0000000000000e+00	
19	4	-3.8999999969506e-03	9.1000000017218e-03	8.1666256907204e-12	0.0000000000000e+00	
19	5	-3.8999999991805e-03	9.1000000028254e-03	6.5553350355791e-12	0.0000000000000e+00	
19	6	-3.8999999971920e-03	9.1000000008128e-03	5.5316999479519e-12	0.0000000000000e+00	
19	7	-3.8999999986652e-03	9.1000000020932e-03	5.8164614159846e-12	0.0000000000000e+00	
19	8	-3.8999999991898e-03	9.1000000021568e-03	2.8763900026707e-12	0.0000000000000e+00	
20	0	-3.9000000027092e-03	9.1000000018171e-03	5.0438970491604e-12	0.0000000000000e+00	
20	1	-3.9000000050585e-03	9.1000000016236e-03	3.1884394755509e-12	0.0000000000000e+00	
20	2	-3.9000000015096e-03	9.0999999971993e-03	-9.4667434478388e-13	0.0000000000000e+00	
20	3	-3.9000000014134e-03	9.1000000025877e-03	5.6603001501393e-12	0.0000000000000e+00	
20	4	-3.9000000025188e-03	9.1000000006716e-03	4.1414885369327e-12	0.0000000000000e+00	
20	5	-3.8999999995533e-03	9.0999999980556e-03	1.0662789659095e-13	0.0000000000000e+00	
20	6	-3.8999999990786e-03	9.1000000012915e-03	9.7331183913260e-13	0.0000000000000e+00	
20	7	-3.8999999984782e-03	9.0999999996540e-03	-3.3977853700481e-13	0.0000000000000e+00	
20	8	-3.8999999974042e-03	9.1000000021098e-03	-2.1520923560565e-12	0.0000000000000e+00	
21	0	-3.8999999915391e-03	9.0999999972596e-03	-1.2682391595242e-11	0.0000000000000e+00	
21	1	-3.9000000006305e-03	9.0999999989142e-03	-2.0450197524974e-12	0.0000000000000e+00	
21	2	-3.9000000036653e-03	9.1000000007319e-03	2.3576502078751e-12	0.0000000000000e+00	
21	3	-3.8999999981782e-03	9.0999999976369e-03	-1.1302567714221e-11	0.0000000000000e+00	
21	4	-3.9000000006862e-03	9.1000000013951e-03	-4.3429295533068e-12	0.0000000000000e+00	
21	5	-3.9000000009854e-03	9.1000000020244e-03	7.3552433776578e-13	0.0000000000000e+00	
21	6	-3.9000000057910e-03	9.0999999994410e-03	-3.2154389234892e-12	0.0000000000000e+00	
21	7	-3.9000000001931e-03	9.1000000023491e-03	2.9501741405580e-13	0.0000000000000e+00	
21	8	-3.8999999977865e-03	9.1000000008453e-03	1.8090913120022e-12	0.0000000000000e+00	
22	0	-3.9000000029127e-03	9.1000000011778e-03	2.2116520854293e-12	0.0000000000000e+00	
22	1	-3.9000000013949e-03	9.1000000007849e-03	1.9446127650855e-12	0.0000000000000e+00	
22	2	-3.9000000001780e-03	9.1000000001465e-03	1.5790240988388e-12	0.0000000000000e+00	
22	3	-3.9000000002677e-03	9.1000000014548e-03	9.1340365718055e-13	0.0000000000000e+00	
22	4	-3.8999999994087e-03	9.0999999998118e-03	8.0449811038202e-13	0.0000000000000e+00	
22	5	-3.8999999992942e-03	9.0999999986188e-03	1.0162055523238e-12	0.0000000000000e+00	
22	6	-3.8999999977395e-03	9.0999999998645e-03	6.9670695739834e-13	0.0000000000000e+00	
22	7	-3.8999999982249e-03	9.0999999993409e-03	-9.4468748215176e-13	0.0000000000000e+00	
22	8	-3.8999999991752e-03	9.0999999994999e-03	-1.1719026916404e-12	0.0000000000000e+00	
23	0	-3.8999999996383e-03	9.1000000002248e-03	1.0132159868059e-12	0.0000000000000e+00	
23	1	-3.8999999994611e-03	9.1000000011221e-03	2.7153794620802e-13	0.0000000000000e+00	
23	2	-3.9000000002977e-03	9.1000000017349e-03	6.2197048421688e-13	0.0000000000000e+00	
23	3	-3.8999999995250e-03	9.0999999987126e-03	1.1934138844250e-12	0.0000000000000e+00	
23	4	-3.8999999997415e-03	9.1000000000928e-03	6.8681762073431e-13	0.0000000000000e+00	
23	5	-3.8999999996318e-03	9.1000000014107e-03	3.0608043514693e-13	0.0000000000000e+00	
23	6	-3.8999999998548e-03	9.0999999995263e-03	-6.0782484637994e-13	0.0000000000000e+00	
23	7	-3.8999999999057e-03	9.0999999992637e-03	-4.1664715987997e-13	0.0000000000000e+00	
23	8	-3.8999999983548e-03	9.0999999989465e-03	-9.6950259801517e-13	0.0000000000000e+00	
24	0	-3.9000000011196e-03	9.1000000013871e-03	1.5344526864414e-12	0.0000000000000e+00	
24	1	-3.9000000011003e-03	9.0999999996751e-03	2.7078227355683e-12	0.0000000000000e+00	
24	2	-3.8999999989853e-03	9.0999999980434e-03	2.4606119262770e-12	0.0000000000000e+00	
24	3	-3.8999999994394e-03	9.1000000014126e-03	8.1541937373315e-13	0.0000000000000e+00	
24	4	-3.8999999992156e-03	9.1000000001157e-03	3.3387625211203e-12	0.0000000000000e+00	
24	5	-3.8999999991740e-03	9.0999999988117e-03	5.3711157670649e-12	0.0000000000000e+00	
24	6	-3.8999999969190e-03	9.0999999988950e-03	-1.2268920415256e-12	0.0000000000000e+00	
24	7	-3.8999999966507e-03	9.0999999991945e-03	1.9550115738560e-13	0.0000000000000e+00	
24	8	-3.8999999996057e-03	9.1000000000423e-03	2.3113528202803e-12	0.0000000000000e+00	
25	0	-3.8999999969912e-03	9.0999999978168e-03	1.4833259403754e-12	0.0000000000000e+00	
25	1	-3.8999999953274e-03	9.0999999988205e-03	4.4316189173194e-13	0.0000000000000e+00	
25	2	-3.8999999963297e-03	9.1000000004764e-03	1.0360380647601e-12	0.0000000000000e+00	
25	3	-3.8999999992349e-03	9.0999999988030e-03	5.0737842746673e-12	0.0000000000000e+00	
25	4	-3.8999999995070e-03	9.1000000001146e-03	1.9513881409730e-12	0.0000000000000e+00	
25	5	-3.8999999999937e-03	9.1000000015609e-03	-1.3725078596741e-12	0.0000000000000e+00	
25	6	-3.9000000025196e-03	9.1000000008084e-03	2.8207268665657e-12	0.0000000000000e+00	
25	7	-3.9000000051587e-03	9.1000000022051e-03	7.6723792914909e-13	0.0000000000000e+00	
25	8	-3.9000000041750e-03	9.1000000026788e-03	-2.4122344702652e-12	0.0000000000000e+00	
26	0	-3.8999999979392e-03	9.1000000012220e-03	2.1154123374875e-12	0.0000000000000e+00	
26	1	-3.8999999994006e-03	9.1000000016330e-03	1.7362752403362e-12	0.0000000000000e+00	
26	2	-3.8999999987762e-03	9.1000000008181e-03	-1.2306606082102e-12	0.0000000000000e+00	
26	3	-3.9000000003005e-03	9.1000000017518e-03	-2.1207670222820e-12	0.0000000000000e+00	
26	4	-3.8999999997189e-03	9.1000000007536e-03	-3.3008681440852e-12	0.0000000000000e+00	
26	5	-3.8999999975721e-03	9.0999999991018e-03	-6.1976530517417e-12	0.0000000000000e+00	
26	6	-3.9000000021327e-03	9.1000000020676e-03	-3.4883351571201e-12	0.0000000000000e+00	
26	7	-3.8999999991164e-03	9.0999999999153e-03	-4.3209636704435e-12	0.0000000000000e+00	
26	8	-3.8999999971533e-03	9.0999999984392e-03	-6.6590855204418e-12	0.0000000000000e+00	
27	0	-3.8999999976177e-03	9.0999999997541e-03	-3.4609551552781e-12	0.0000000000000e+00	
27	1	-3.8999999967789e-03	9.0999999991084e-03	-4.0486131699762e-12	0.0000000000000e+00	
27	2	-3.8999999977548e-03	9.1000000055654e-03	-3.0230589878583e-12	0.0000000000000e+00	
27	3	-3.8999999958652e-03	9.0999999983378e-03	-8.8043323987711e-12	0.0000000000000e+00	
27	4	-3.8999999961556e-03	9.0999999994213e-03	-7.2335236758758e-12	0.0000000000000e+00	
27	5	-3.9000000010926e-03	9.1000000076534e-03	1.9875311240767e-12	0.0000000000000e+00	
27	6	-3.8999999966120e-03	9.0999999988366e-03	-9.4189835973871e-12	0.0000000000000e+00	
27	7	-3.8999999984914e-03	9.1000000014819e-03	-8.0112804899273e-12	0.0000000000000e+00	
27	8	-3.9000000041753e-03	9.1000000040576e-03	5.3834842499060e-12	0.0000000000000e+00	
28	0	-3.9000000065006e-03	9.1000000010050e-03	2.7947635525272e-12	0.0000000000000e+00	
28	1	-3.9000000000593e-03	9.1000000022526e-03	4.7388521058622e-12	0.0000000000000e+00	
28	2	-3.8999999975865e-03	9.0999999992650e-03	3.3983955244083e-12	0.0000000000000e+00	
28	3	-3.9000000009643e-03	9.1000000023987e-03	8.8795422837490e-12	0.0000000000000e+00	
28	4	-3.9000000003424e-03	9.1000000017484e-03	5.8938631427620e-12	0.0000000000000e+00	
28	5	-3.9000000003362e-03	9.0999999987291e-03	2.7342331652654e-12	0.0000000000000e+00	
28	6	-3.8999999950277e-03	9.1000000018467e-03	7.5312777729161e-12	0.0000000000000e+00	
28	7	-3.9000000010240e-03	9.1000000009275e-03	5.9291320022637e-13	0.0000000000000e+00	
28	8	-3.9000000034708e-03	9.1000000014779e-03	-1.0784893026039e-12	0.0000000000000e+00	
29	0	-3.8999999978116e-03	9.0999999983132e-03	1.5763265259067e-12	0.0000000000000e+00	
29	1	-3.8999999985808e-03	9.0999999993076e-03	-1.1771405248120e-12	0.0000000000000e+00	
29	2	-3.8999999994803e-03	9.1000000009125e-03	-2.6831569226919e-12	0.0000000000000e+00	
29	3	-3.9000000005708e-03	9.0999999981383e-03	2.3348803359496e-12	0.0000000000000e+00	
29	4	-3.9000000006958e-03	9.0999999998095e-03	5.0794657651017e-13	0.0000000000000e+00	
29	5	-3.9000000003711e-03	9.1000000016997e-03	-3.0911715753008e-12	0.0000000000000e+00	
29	6	-3.9000000033835e-03	9.1000000016200e-03	8.3136318924877e-13	0.0000000000000e+00	
29	7	-3.9000000025070e-03	9.1000000010391e-03	1.6807808749686e-12	0.0000000000000e+00	
29	8	-3.9000000009785e-03	9.0999999999594e-03	-1.8061698262810e-12	0.0000000000000e+00	
30	0	-3.8999999999883e-03	9.1000000008605e-03	-2.8084856489030e-12	0.0000000000000e+00	
30	1	-3.8999999996850e-03	9.0999999988840e-03	-2.6718075451723e-12	0.0000000000000e+00	
30	2	-3.8999999977308e-03	9.0999999967867e-03	-2.6556086668605e-12	0.0000000000000e+00	
30	3	-3.8999999999722e-03	9.1000000014292e-03	-5.5720872523240e-12	0.0000000000000e+00	
30	4	-3.8999999988799e-03	9.0999999985704e-03	-6.9849263634354e-12	0.0000000000000e+00	
30	5	-3.8999999972666e-03	9.0999999957834e-03	-5.5004911588767e-12	0.0000000000000e+00	
30	6	-3.8999999998486e-03	9.0999999993621e-03	-5.4520780353232e-12	0.0000000000000e+00	
30	7	-3.8999999984049e-03	9.0999999987084e-03	-8.1665590895785e-12	0.0000000000000e+00	
30	8	-3.8999999977201e-03	9.0999999987670e-03	-6.1341681431504e-12	0.0000000000000e+00	
31	0	-3.8999999960765e-03	9.0999999965593e-03	-2.8102706793598e-12	0.0000000000000e+00	
31	1	-3.8999999960504e-03	9.0999999981938e-03	-2.3165619813040e-12	0.0000000000000e+00	
31	2	-3.9000000001128e-03	9.1000000009161e-03	-1.1582804146696e-12	0.0000000000000e+00	
31	3	-3.8999999962568e-03	9.0999999956246e-03	-4.0420776805956e-12	0.0000000000000e+00	
31	4	-3.8999999969746e-03	9.0999999981537e-03	-3.0170022160885e-12	0.0000000000000e+00	
31	5	-3.9000000011604e-03	9.1000000018469e-03	-2.9152913705321e-12	0.0000000000000e+00	
31	6	-3.8999999977032e-03	9.0999999992338e-03	-3.4273222272586e-12	0.0000000000000e+00	
31	7	-3.8999999988191e-03	9.1000000005895e-03	-1.1105738906594e-12	0.0000000000000e+00	
31	8	-3.9000000014524e-03	9.1000000019365e-03	-7.4596832682379e-13	0.0000000000000e+00	
32	0	-3.9000000039678e-03	9.1000000023105e-03	-5.3002654348822e-13	0.0000000000000e+00	
32	1	-3.9000000071860e-03	9.1000000036448e-03	-1.1382921515091e-12	0.0000000000000e+00	
32	2	-3.9000000052482e-03	9.1000000032779e-03	-2.6476408888118e-12	0.0000000000000e+00	
32	3	-3.9000000048109e-03	9.1000000034238e-03	-2.6982719444207e-12	0.0000000000000e+00	
32	4	-3.9000000073456e-03	9.1000000043143e-03	-2.1755720055333e-12	0.0000000000000e+00	
32	5	-3.9000000043250e-03	9.1000000032016e-03	-2.2876742207935e-12	0.0000000000000e+00	
32	6	-3.9000000034740e-03	9.1000000023902e-03	-5.4691499767518e-13	0.0000000000000e+00	
32	7	-3.9000000045955e-03	9.1000000023910e-03	6.2744700368944e-13	0.0000000000000e+00	
32	8	-3.9000000022884e-03	9.1000000015821e-03	2.7427198083808e-13	0.0000000000000e+00	
33	0	-3.9000000020939e-03	9.1000000021357e-03	-3.1884631653684e-12	0.0000000000000e+00	
33	1	-3.8999999984829e-03	9.0999999994719e-03	-3.1259592895953e-12	0.0000000000000e+00	
33	2	-3.8999999979123e-03	9.0999999985008e-03	-4.5980492599984e-12	0.0000000000000e+00	
33	3	-3.9000000004894e-03	9.1000000017916e-03	-2.8226056474762e-12	0.0000000000000e+00	
33	4	-3.8999999976442e-03	9.0999999991768e-03	-2.4394235139920e-12	0.0000000000000e+00	
33	5	-3.9000000005761e-03	9.0999999987980e-03	-1.2799403218547e-12	0.0000000000000e+00	
33	6	-3.8999999997250e-03	9.1000000008275e-03	-1.6290458798372e-12	0.0000000000000e+00	
33	7	-3.8999999986759e-03	9.0999999995275e-03	-3.6158235516960e-12	0.0000000000000e+00	
33	8	-3.9000000026460e-03	9.0999999992549e-03	-4.1439756511752e-13	0.0000000000000e+00	
34	0	-3.8999999988774e-03	9.0999999998639e-03	-7.1588761394598e-12	0.0000000000000e+00	
34	1	-3.9000000012012e-03	9.1000000032603e-03	-8.2168613276326e-12	0.0000000000000e+00	
34	2	-3.9000000041437e-03	9.0999999997808e-03	1.7524807864914e-12	0.0000000000000e+00	
34	3	-3.9000000043958e-03	9.1000000006900e-03	-1.1472136446106e-12	0.0000000000000e+00	
34	4	-3.9000000062645e-03	9.1000000038736e-03	-5.2308803718659e-12	0.0000000000000e+00	
34	5	-3.9000000010120e-03	9.0999999952724e-03	-9.8131207470031e-12	0.0000000000000e+00	
34	6	-3.9000000066498e-03	9.1000000000144e-03	4.2994250301519e-12	0.0000000000000e+00	
34	7	-3.9000000070297e-03	9.1000000009095e-03	3.4765482596606e-12	0.0000000000000e+00	
34	8	-3.8999999978516e-03	9.0999999952940e-03	-1.3482644825950e-11	0.0000000000000e+00	
35	0	-3.8999999951399e-03	9.1000000008240e-03	3.0098319669936e-12	0.0000000000000e+00	
35	1	-3.9000000014828e-03	9.1000000004019e-03	-3.3625055864683e-12	0.0000000000000e+00	
35	2	-3.9000000038440e-03	9.1000000042319e-03	-3.3972339644108e-12	0.0000000000000e+00	
35	3	-3.9000000014330e-03	9.1000000008256e-03	-4.7933801025635e-12	0.0000000000000e+00	
35	4	-3.9000000021220e-03	9.1000000009097e-03	-2.4855360825082e-12	0.0000000000000e+00	
35	5	-3.9000000018102e-03	9.1000000054913e-03	-1.6445075586935e-12	0.0000000000000e+00	
35	6	-3.9000000072154e-03	9.1000000034728e-03	-5.5889788138513e-12	0.0000000000000e+00	
35	7	-3.9000000021887e-03	9.1000000034140e-03	4.1216690772742e-12	0.0000000000000e+00	
35	8	-3.8999999994713e-03	9.1000000015832e-03	3.7212775921769e-12	0.0000000000000e+00	
36	0	-3.9000000035359e-03	9.1000000048980e-03	-1.2530840080849e-12	0.0000000000000e+00	
36	1	-3.9000000024117e-03	9.1000000019741e-03	5.8983688159403e-13	0.0000000000000e+00	
36	2	-3.9000000008628e-03	9.0999999980571e-03	-1.1514571848087e-12	0.0000000000000e+00	
36	3	-3.9000000012267e-03	9.1000000060984e-03	-2.9928908201575e-12	0.0000000000000e+00	
36	4	-3.9000000004284e-03	9.1000000021929e-03	-3.8009610107796e-12	0.0000000000000e+00	
36	5	-3.9000000000158e-03	9.0999999974361e-03	-2.5451318883443e-12	0.0000000000000e+00	
36	6	-3.8999999988942e-03	9.1000000007581e-03	-1.0642210040730e-12	0.0000000000000e+00	
36	7	-3.8999999987303e-03	9.1000000004063e-03	-5.7628223425097e-12	0.0000000000000e+00	
36	8	-3.8999999994852e-03	9.1000000007576e-03	-4.3820674475269e-12	0.0000000000000e+00	
37	0	-3.8999999998233e-03	9.0999999972545e-03	-3.7335360497659e-12	0.0000000000000e+00	
37	1	-3.8999999986767e-03	9.0999999989949e-03	-6.0061454507793e-12	0.0000000000000e+00	
37	2	-3.8999999984635e-03	9.1000000019460e-03	-4.6488221597447e-12	0.0000000000000e+00	
37	3	-3.8999999999413e-03	9.0999999967870e-03	-1.3269277712204e-12	0.0000000000000e+00	
37	4	-3.8999999999171e-03	9.0999999998159e-03	-4.2634504867495e-13	0.0000000000000e+00	
37	5	-3.8999999999982e-03	9.1000000038998e-03	-2.9837669929077e-13	0.0000000000000e+00	
37	6	-3.9000000002607e-03	9.1000000009773e-03	-1.2310149432679e-12	0.0000000000000e+00	
37	7	-3.9000000008474e-03	9.1000000010490e-03	2.0572844054442e-12	0.0000000000000e+00	
37	8	-3.9000000003027e-03	9.1000000005648e-03	2.6163910975185e-12	0.0000000000000e+00	
38	0	-3.8999999987465e-03	9.1000000029485e-03	-2.4025779195996e-12	0.0000000000000e+00	
38	1	-3.8999999995884e-03	9.1000000028307e-03	-8.6754822076207e-14	0.0000000000000e+00	
38	2	-3.9000000008308e-03	9.1000000016030e-03	1.0468645806998e-12	0.0000000000000e+00	
38	3	-3.9000000000616e-03	9.1000000048222e-03	-9.5553393756470e-14	0.0000000000000e+00	
38	4	-3.8999999997089e-03	9.1000000032770e-03	9.7250202682475e-13	0.0000000000000e+00	
38	5	-3.8999999987024e-03	9.1000000003920e-03	3.1977890438574e-12	0.0000000000000e+00	
38	6	-3.8999999995179e-03	9.0999999999579e-03	2.3212474533190e-12	0.0000000000000e+00	
38	7	-3.8999999981750e-03	9.0999999987323e-03	4.0461142034002e-12	0.0000000000000e+00	
38	8	-3.8999999969546e-03	9.0999999983779e-03	7.4359601695277e-12	0.0000000000000e+00	
39	0	-3.9000000016706e-03	9.1000000009500e-03	1.8801503322979e-12	0.0000000000000e+00	
39	1	-3.9000000022832e-03	9.1000000003351e-03	3.8558453305249e-12	0.0000000000000e+00	
39	2	-3.9000000016989e-03	9.1000000001328e-03	3.0492178098066e-12	0.0000000000000e+00	
39	3	-3.8999999979619e-03	9.0999999993161e-03	5.0541079568006e-12	0.0000000000000e+00	
39	4	-3.8999999986517e-03	9.0999999991121e-03	7.2233642136287e-12	0.0000000000000e+00	
39	5	-3.9000000021394e-03	9.0999999998750e-03	5.3862990439792e-12	0.0000000000000e+00	
39	6	-3.8999999964415e-03	9.0999999990701e-03	9.1538873983646e-12	0.0000000000000e+00	
39	7	-3.8999999980452e-03	9.1000000013673e-03	7.8937875895959e-12	0.0000000000000e+00	
39	8	-3.9000000030971e-03	9.1000000028818e-03	2.7845554120708e-12	0.0000000000000e+00	
40	0	-3.9000000009347e-03	9.1000000000928e-03	-6.8646477391354e-14	0.0000000000000e+00	
40	1	-3.9000000008271e-03	9.0999999999614e-03	-4.6541960823515e-12	0.0000000000000e+00	
40	2	-3.9000000025190e-03	9.0999999994993e-03	-1.4332023523696e-12	0.0000000000000e+00	
40	3	-3.9000000050717e-03	9.1000000002372e-03	1.6046126558554e-12	0.0000000000000e+00	
40	4	-3.9000000057804e-03	9.1000000000741e-03	-3.7656511481070e-12	0.0000000000000e+00	
40	5	-3.9000000001778e-03	9.0999999984337e-03	-9.1570872097420e-13	0.0000000000000e+00	
40	6	-3.9000000070725e-03	9.1000000024031e-03	-6.2843262816752e-13	0.0000000000000e+00	
40	7	-3.9000000072659e-03	9.0999999992404e-03	-1.1588012679343e-12	0.0000000000000e+00	
40	8	-3.8999999978692e-03	9.0999999952835e-03	3.9670162203937e-12	0.0000000000000e+00	
41	0	-3.9000000040507e-03	9.0999999989672e-03	5.8702131697230e-12	0.0000000000000e+00	
41	1	-3.9000000033347e-03	9.0999999978111e-03	1.0819613868035e-11	0.0000000000000e+00	
41	2	-3.8999999977753e-03	9.0999999971219e-03	-6.5872240997901e-12	0.0000000000000e+00	
41	3	-3.8999999947229e-03	9.0999999966112e-03	6.5704755004836e-12	0.0000000000000e+00	
41	4	-3.8999999924228e-03	9.0999999942979e-03	1.5390740995568e-11	0.0000000000000e+00	
41	5	-3.9000000006094e-03	9.0999999992640e-03	4.8155091915232e-12	0.0000000000000e+00	
41	6	-3.8999999891781e-03	9.0999999936325e-03	8.1220233412915e-12	0.0000000000000e+00	
41	7	-3.8999999868878e-03	9.0999999936681e-03	9.0430974954848e-12	0.0000000000000e+00	
41	8	-3.9000000031716e-03	9.0999999995568e-03	2.6107630017846e-12	0.0000000000000e+00	
42	0	-3.9000000065725e-03	9.1000000059094e-03	-2.5290707028613e-13	0.0000000000000e+00	
42	1	-3.9000000017975e-03	9.1000000054826e-03	7.3311157491873e-12	0.0000000000000e+00	
42	2	-3.8999999993915e-03	9.0999999975045e-03	5.7125501432085e-12	0.0000000000000e+00	
42	3	-3.8999999995790e-03	9.1000000067262e-03	1.0714412430196e-11	0.0000000000000e+00	
42	4	-3.9000000009885e-03	9.1000000053891e-03	1.0490561327611e-12	0.0000000000000e+00	
42	5	-3.9000000016992e-03	9.0999999961572e-03	-1.5769895765215e-12	0.0000000000000e+00	
42	6	-3.8999999958604e-03	9.1000000025829e-03	8.7758308175219e-12	0.0000000000000e+00	
42	7	-3.9000000018895e-03	9.1000000000149e-03	-1.2134541428724e-11	0.0000000000000e+00	
42	8	-3.9000000046256e-03	9.1000000032151e-03	-1.4655875312264e-11	0.0000000000000e+00	
43	0	-3.8999999990123e-03	9.0999999953991e-03	1.5841412383255e-12	0.0000000000000e+00	
43	1	-3.8999999990578e-03	9.0999999986777e-03	-3.4141775778068e-12	0.0000000000000e+00	
43	2	-3.8999999998338e-03	9.1000000040209e-03	-4.1606317322624e-12	0.0000000000000e+00	
43	3	-3.9000000017992e-03	9.0999999939115e-03	8.2236181839918e-13	0.0000000000000e+00	
43	4	-3.9000000015547e-03	9.0999999980980e-03	1.6658606731470e-12	0.0000000000000e+00	
43	5	-3.9000000008013e-03	9.1000000045229e-03	-1.9106117732983e-12	0.0000000000000e+00	
43	6	-3.9000000047463e-03	9.1000000038355e-03	-8.6096103628309e-12	0.0000000000000e+00	
43	7	-3.9000000030978e-03	9.1000000010498e-03	-2.6394110269108e-12	0.0000000000000e+00	
43	8	-3.8999999991988e-03	9.0999999975180e-03	-3.3558797828350e-12	0.0000000000000e+00	
44	0	-3.9000000005250e-03	9.1000000049748e-03	-2.6068925663980e-12	0.0000000000000e+00	
44	1	-3.9000000006489e-03	9.1000000018462e-03	-6.8519192056304e-14	0.0000000000000e+00	
44	2	-3.8999999992181e-03	9.0999999967502e-03	2.0253712511927e-12	0.0000000000000e+00	
44	3	-3.9000000001259e-03	9.1000000055946e-03	-4.9628509309931e-12	0.0000000000000e+00	
44	4	-3.8999999985150e-03	9.1000000016750e-03	-5.5287600805040e-12	0.0000000000000e+00	
44	5	-3.8999999963288e-03	9.0999999955286e-03	-1.4780364186726e-12	0.0000000000000e+00	
44	6	-3.8999999961812e-03	9.0999999970427e-03	-5.5266629488994e-12	0.0000000000000e+00	
44	7	-3.8999999940923e-03	9.0999999993164e-03	-4.0556415802277e-12	0.0000000000000e+00	
44	8	-3.8999999965420e-03	9.1000000022674e-03	-1.2938149659791e-12	0.0000000000000e+00	
45	0	-3.8999999978078e-03	9.0999999947762e-03	3.3321435888300e-12	0.0000000000000e+00	
45	1	-3.8999999964998e-03	9.0999999943932e-03	7.4980336609715e-12	0.0000000000000e+00	
45	2	-3.8999999969018e-03	9.0999999969922e-03	1.1731984538043e-11	0.0000000000000e+00	
45	3	-3.8999999949609e-03	9.0999999932864e-03	1.8045452827332e-12	0.0000000000000e+00	
45	4	-3.8999999950283e-03	9.0999999932265e-03	6.1336549717333e-12	0.0000000000000e+00	
45	5	-3.8999999985202e-03	9.0999999966255e-03	9.6225096397827e-12	0.0000000000000e+00	
45	6	-3.8999999996838e-03	9.1000000028010e-03	-2.3865716421804e-12	0.0000000000000e+00	
45	7	-3.9000000023390e-03	9.1000000013214e-03	-9.9747755289369e-12	0.0000000000000e+00	
45	8	-3.9000000007154e-03	9.0999999991443e-03	-1.2090493506881e-11	0.0000000000000e+00	
46	0	-3.8999999978814e-03	9.0999999994656e-03	1.2652384348555e-11	0.0000000000000e+00	
46	1	-3.9000000002107e-03	9.1000000038930e-03	7.6376194865085e-12	0.0000000000000e+00	
46	2	-3.9000000032662e-03	9.1000000057141e-03	-8.7091981846796e-13	0.0000000000000e+00	
46	3	-3.9000000017808e-03	9.0999999995414e-03	1.1412304478167e-11	0.0000000000000e+00	
46	4	-3.9000000041879e-03	9.1000000044003e-03	8.8437601290575e-12	0.0000000000000e+00	
46	5	-3.9000000017993e-03	9.1000000060326e-03	-3.8824080736866e-13	0.0000000000000e+00	
46	6	-3.8999999981229e-03	9.0999999986360e-03	-5.3169443750461e-12	0.0000000000000e+00	
46	7	-3.8999999957515e-03	9.0999999992199e-03	1.0009195432515e-11	0.0000000000000e+00	
46	8	-3.8999999967138e-03	9.0999999996878e-03	1.1294037410911e-11	0.0000000000000e+00	
47	0	-3.9000000051091e-03	9.1000000042985e-03	-4.3269277050229e-12	0.0000000000000e+00	
47	1	-3.9000000042740e-03	9.0999999983913e-03	-4.1007865506093e-13	0.0000000000000e+00	
47	2	-3.8999999977939e-03	9.0999999928324e-03	8.0982561287283e-12	0.0000000000000e+00	
47	3	-3.8999999986335e-03	9.1000000041379e-03	-7.2165882753113e-12	0.0000000000000e+00	
47	4	-3.8999999967300e-03	9.0999999974010e-03	-7.7256582207974e-12	0.0000000000000e+00	
47	5	-3.9000000002354e-03	9.0999999927709e-03	2.2855027247782e-12	0.0000000000000e+00	
47	6	-3.8999999986403e-03	9.0999999990148e-03	-1.0193185728938e-12	0.0000000000000e+00	
47	7	-3.9000000017360e-03	9.0999999971595e-03	-2.1821434806428e-11	0.0000000000000e+00	
47	8	-3.9000000041951e-03	9.0999999986985e-03	-1.9281373357719e-11	0.0000000000000e+00	
48	0	-3.8999999921940e-03	9.0999999919341e-03	1.0360288581895e-11	0.0000000000000e+00	
48	1	-3.8999999911691e-03	9.0999999946800e-03	2.0963543401198e-12	0.0000000000000e+00	
48	2	-3.9000000026857e-03	9.0999999988137e-03	-7.6433332184050e-12	0.0000000000000e+00	
48	3	-3.9000000041847e-03	9.0999999939861e-03	8.8821185107411e-12	0.0000000000000e+00	
48	4	-3.9000000053965e-03	9.0999999995666e-03	3.0623381570361e-12	0.0000000000000e+00	
48	5	-3.8999999982996e-03	9.0999999950199e-03	-1.3562556374295e-11	0.0000000000000e+00	
48	6	-3.9000000050986e-03	9.1000000030209e-03	-6.5445441204342e-13	0.0000000000000e+00	
48	7	-3.9000000021674e-03	9.1000000085439e-03	1.8577282706083e-11	0.0000000000000e+00	
48	8	-3.8999999930580e-03	9.0999999879090e-03	-7.6717136761000e-12	0.0000000000000e+00	











Stress
0	0	8.0738438157368e-09	1.0000000008772e+01	-3.9621643806432e-09	3.0000000050536e+00	
0	1	6.6866228110030e-09	1.0000000002577e+01	-6.0447309384155e-09	3.0000000027791e+00	
0	2	3.9315084521263e-09	1.0000000000193e+01	-3.0157570484660e-09	3.0000000012374e+00	
0	3	-3.9495580139715e-09	9.9999999971257e+00	-1.6085429846409e-09	2.9999999979528e+00	
0	4	4.5214321175990e-09	1.0000000002093e+01	-3.9889753659661e-10	3.0000000019842e+00	
0	5	5.9400644403240e-09	1.0000000003347e+01	-2.0367299927267e-09	3.0000000027861e+00	
0	6	4.0898289199731e-09	9.9999999994276e+00	7.0632754797011e-12	3.0000000010552e+00	
0	7	-1.9707950826842e-09	1.0000000000183e+01	7.5759173073519e-10	2.9999999994636e+00	
0	8	-2.2059625237603e-09	1.0000000000532e+01	-1.2967732703310e-09	2.9999999994979e+00	
1	0	1.0972707187307e-09	9.9999999987865e+00	-1.4247795151222e-09	2.9999999999651e+00	
1	1	-3.3501228458022e-09	9.9999999966043e+00	-2.9684388481765e-10	2.9999999979763e+00	
1	2	-6.2000715672639e-09	9.9999999963946e+00	5.5278617149494e-11	2.9999999970584e+00	
1	3	3.8276670721871e-09	1.0000000002426e+01	-2.9847591454035e-09	3.0000000018762e+00	
1	4	5.0051340849677e-10	1.0000000000414e+01	-2.7264982225002e-09	3.0000000002743e+00	
1	5	-1.4580905371986e-09	9.9999999987209e+00	-5.5480364031062e-10	2.9999999991788e+00	
1	6	3.3036062774272e-10	1.0000000001268e+01	-2.4650016813024e-09	3.0000000004796e+00	
1	7	3.7093927929277e-09	1.0000000001719e+01	-2.6937021462711e-09	3.0000000016286e+00	
1	8	5.0582293908974e-09	1.0000000000899e+01	-1.1688670771326e-09	3.0000000017870e+00	
2	0	-6.6564700418326e-09	9.9999999979394e+00	4.4421355949923e-10	2.9999999973849e+00	
2	1	-3.2808236127835e-09	1.0000000003307e+01	1.0113604039778e-09	3.0000000000078e+00	
2	2	3.7012304332507e-09	1.0000000007530e+01	2.7372199658723e-10	3.0000000033694e+00	
2	3	-1.9113599591947e-09	9.9999999981115e+00	1.2101087568226e-09	2.9999999988600e+00	
2	4	-2.1943984407358e-09	9.9999999975838e+00	3.2705287155746e-09	2.9999999986168e+00	
2	5	-1.9717987242984e-09	9.9999999976397e+00	2.8574007888243e-09	2.9999999987004e+00	
2	6	4.8784736250695e-09	9.9999999998651e+00	1.5830073781298e-10	3.0000000014231e+00	
2	7	2.3669564086504e-09	9.9999999973842e+00	1.7479584125274e-09	2.9999999999254e+00	
2	8	-2.4491892958167e-09	9.9999999953491e+00	1.8422355299179e-09	2.9999999978700e+00	
3	0	7.9202431280123e-09	1.0000000007067e+01	-1.1929007794919e-09	3.0000000044962e+00	
3	1	7.2634742664945e-09	9.9999999992078e+00	-4.0057070657924e-09	3.0000000019414e+00	
3	2	-7.3180927984140e-10	9.9999999910430e+00	-4.8619465646617e-09	2.9999999970934e+00	
3	3	-1.6205010666681e-09	9.9999999979226e+00	1.1483378600983e-09	2.9999999988906e+00	
3	4	-7.6667294734989e-10	9.9999999986484e+00	-1.5685301125270e-09	2.9999999993645e+00	
3	5	2.3157920026051e-10	9.9999999992922e+00	-1.6607748361701e-09	2.9999999998571e+00	
3	6	-5.6568136841406e-09	9.9999999951571e+00	1.0997597334842e-09	2.9999999968501e+00	
3	7	-6.2923097843282e-09	9.9999999981906e+00	1.4636531644096e-10	2.9999999975695e+00	
3	8	-1.4608838583285e-09	1.0000000002233e+01	5.0229800030095e-10	3.0000000002316e+00	
4	0	-6.2327352168268e-09	9.9999999906459e+00	-3.5817369369563e-09	2.9999999953240e+00	
4	1	-6.6315584135168e-09	1.0000000000486e+01	-3.3097648219883e-10	2.9999999981563e+00	
4	2	1.8765877740634e-10	1.0000000010704e+01	1.2184400520267e-09	3.0000000032674e+00	
4	3	7.3970696234937e-10	9.9999999994309e+00	1.6681726446246e-10	3.0000000000512e+00	
4	4	6.0005156399257e-10	9.9999999991244e+00	2.7914022589119e-09	2.9999999999173e+00	
4	5	-4.8603254754198e-10	9.9999999991835e+00	2.3093915954457e-09	2.9999999996093e+00	
4	6	2.6396529406725e-09	1.0000000003185e+01	1.4717458422879e-09	3.0000000017475e+00	
4	7	4.2677754663600e-09	9.9999999998721e+00	2.2928868493015e-09	3.0000000012420e+00	
4	8	3.9467629164847e-10	9.9999999956204e+00	1.4058379937274e-09	2.9999999988045e+00	
5	0	4.1020413732440e-09	1.0000000010304e+01	2.3301773171259e-10	3.0000000043217e+00	
5	1	9.2835339415842e-10	9.9999999965536e+00	-2.0305626754688e-09	2.9999999992446e+00	
5	2	-7.8102297962346e-09	9.9999999854593e+00	-1.7458915943098e-09	2.9999999932947e+00	
5	3	-1.2272405314206e-09	9.9999999999339e+00	6.1827462887657e-11	2.9999999996120e+00	
5	4	-1.3599006365439e-09	1.0000000002285e+01	-2.0038383950446e-09	3.0000000002776e+00	
5	5	-1.2497807233558e-09	1.0000000002715e+01	5.9357268766681e-10	3.0000000004394e+00	
5	6	-2.7803119806435e-09	9.9999999955651e+00	1.3065047445524e-10	2.9999999978354e+00	
5	7	-3.1405287259645e-09	1.0000000001345e+01	-7.9282292463645e-10	2.9999999994612e+00	
5	8	-4.7331027985820e-12	1.0000000005703e+01	3.6580878169327e-10	3.0000000017094e+00	
6	0	-1.0799701577469e-08	9.9999999895435e+00	5.6659971853223e-10	2.9999999936231e+00	
6	1	-4.5884105404070e-09	1.0000000009106e+01	2.1755460680813e-09	3.0000000013554e+00	
6	2	-2.4084982896966e-09	9.9999999982799e+00	-4.6526298058418e-09	2.9999999987614e+00	
6	3	-1.8200658757905e-09	1.0000000000535e+01	4.3638220040703e-09	2.9999999996145e+00	
6	4	-4.0463712380756e-09	9.9999999952455e+00	4.9822275503592e-09	2.9999999973597e+00	
6	5	-3.0955167318325e-09	9.9999999995206e+00	-4.6166418111327e-09	2.9999999989275e+00	
6	6	1.3109104912701e-09	1.0000000003257e+01	1.8239596844601e-09	3.0000000013703e+00	
6	7	3.0279778684417e-10	9.9999999942959e+00	2.4784797262452e-09	2.9999999983796e+00	
6	8	4.7696193661295e-09	1.0000000003074e+01	7.7988266384393e-10	3.0000000023530e+00	
7	0	5.9754015069302e-09	1.0000000001730e+01	-1.2838696785721e-10	3.0000000023115e+00	
7	1	-3.5109906093567e-09	1.0000000000124e+01	-7.3012838930513e-10	2.9999999989838e+00	
7	2	-4.3648649139527e-09	9.9999999993013e+00	-1.1148753517848e-09	2.9999999984809e+00	
7	3	-2.7111086708942e-09	9.9999999996618e+00	4.1122558249910e-11	2.9999999990852e+00	
7	4	-1.3968097789530e-09	1.0000000000629e+01	-2.0167483030631e-09	2.9999999997698e+00	
7	5	-3.5867397940592e-10	9.9999999999695e+00	-8.8705516018688e-10	2.9999999998832e+00	
7	6	-1.2920314595988e-08	9.9999999951296e+00	6.7293457405729e-10	2.9999999946628e+00	
7	7	1.7363230853107e-09	9.9999999995331e+00	-6.8878915171988e-10	3.0000000003808e+00	
7	8	5.1306319193145e-09	1.0000000000708e+01	-2.0780253421244e-10	3.0000000017517e+00	
8	0	-9.5777163977573e-10	1.0000000000042e+01	-1.4258114045399e-09	2.9999999997252e+00	
8	1	3.8406833269278e-09	1.0000000000871e+01	-1.6384816065433e-09	3.0000000014134e+00	
8	2	6.1735008216601e-09	1.0000000000720e+01	-1.2568400854479e-09	3.0000000020680e+00	
8	3	4.2518433218675e-10	9.9999999996126e+00	-3.3867752592365e-10	3.0000000000113e+00	
8	4	1.8578472094077e-09	9.9999999994494e+00	-4.8359686590471e-10	3.0000000003922e+00	
8	5	3.2567166741160e-09	9.9999999996548e+00	-1.1787602375843e-09	3.0000000008735e+00	
8	6	2.4227482242623e-09	9.9999999998530e+00	2.3242829752935e-11	3.0000000006827e+00	
8	7	-7.3459993643610e-10	9.9999999993611e+00	-2.8958224587859e-10	2.9999999995879e+00	
8	8	-9.2097973691807e-10	9.9999999999698e+00	-9.3048516932874e-10	2.9999999997146e+00	
9	0	6.3657283888574e-09	1.0000000000192e+01	-7.6955100194875e-10	3.0000000019674e+00	
9	1	4.1944332451749e-09	9.9999999986175e+00	-2.6384902730374e-10	3.0000000008436e+00	
9	2	-8.6072660110403e-10	9.9999999970264e+00	-2.2024589592866e-10	2.9999999988497e+00	
9	3	3.9457734857251e-09	9.9999999998279e+00	-1.4951510175926e-09	3.0000000011321e+00	
9	4	3.8391787526848e-09	9.9999999998308e+00	-2.0542991110248e-09	3.0000000011010e+00	
9	5	2.1202621880434e-09	9.9999999998089e+00	-2.1626728520642e-09	3.0000000005787e+00	
9	6	7.4329875587864e-11	1.0000000000448e+01	-1.2087647959725e-09	3.0000000001568e+00	
9	7	1.8434587190086e-09	1.0000000000757e+01	-1.6500888710726e-09	3.0000000007801e+00	
9	8	3.8072727193139e-09	1.0000000001204e+01	-1.7569365222223e-09	3.0000000015033e+00	
10	0	-4.5477701604568e-09	9.9999999966576e+00	-3.0543460764393e-10	2.9999999976330e+00	
10	1	-6.1462896994158e-09	9.9999999989041e+00	2.2382174781101e-10	2.9999999978273e+00	
10	2	-2.0800268174526e-09	1.0000000002310e+01	1.2293282245046e-09	3.0000000000691e+00	
10	3	6.0745541929919e-10	1.0000000000034e+01	-1.7359522862203e-09	3.0000000001923e+00	
10	4	-7.8362116795461e-10	1.0000000001322e+01	-8.9061573745894e-11	3.0000000001615e+00	
10	5	-1.0237259928658e-09	1.0000000002248e+01	1.2823776611477e-09	3.0000000003672e+00	
10	6	5.0515458482892e-09	1.0000000001869e+01	-1.5040707968574e-09	3.0000000020763e+00	
10	7	4.8059707324910e-09	1.0000000002545e+01	-6.8448948114878e-10	3.0000000022052e+00	
10	8	7.1064842899204e-10	1.0000000001361e+01	-1.9414715543014e-10	3.0000000006214e+00	
11	0	1.8317667382917e-09	1.0000000003307e+01	1.7153644206858e-09	3.0000000015416e+00	
11	1	3.7943062025647e-09	1.0000000000653e+01	1.2990397988820e-09	3.0000000013342e+00	
11	2	5.3087756413106e-10	9.9999999964073e+00	-1.6864282472905e-11	2.9999999990814e+00	
11	3	-1.0100675851277e-09	1.0000000001848e+01	1.2682747360548e-09	3.0000000002513e+00	
11	4	-1.4885035426460e-09	9.9999999993825e+00	-1.2142136830760e-10	2.9999999993682e+00	
11	5	-1.8095152043429e-09	9.9999999967484e+00	-1.5650927648659e-09	2.9999999984817e+00	
11	6	-3.2528646443097e-09	9.9999999994801e+00	-3.9861079087911e-10	2.9999999988682e+00	
11	7	-6.5073919586212e-09	9.9999999968869e+00	-1.0360919960340e-09	2.9999999971138e+00	
11	8	-3.8999683482643e-09	9.9999999965868e+00	-1.1756803249033e-09	2.9999999978060e+00	
12	0	-2.5039090800760e-09	9.9999999953892e+00	-7.3761279327711e-10	2.9999999978656e+00	
12	1	-3.6612126663726e-09	9.9999999982894e+00	-8.7785406802506e-10	2.9999999983885e+00	
12	2	-1.2336096588683e-09	1.0000000001773e+01	-3.3652348676880e-10	3.0000000001619e+00	
12	3	-1.5683330190086e-09	9.9999999960936e+00	-1.6782113793961e-09	2.9999999983576e+00	
12	4	-1.2199024013171e-09	9.9999999965354e+00	-8.7088991168928e-10	2.9999999985946e+00	
12	5	-1.4831620376299e-09	9.9999999980000e+00	-3.3984482194682e-10	2.9999999989550e+00	
12	6	1.2014389483284e-11	9.9999999977570e+00	-7.1284416377885e-10	2.9999999993307e+00	
12	7	3.0652822502475e-09	9.9999999991458e+00	3.6721212973372e-10	3.0000000006633e+00	
12	8	3.9749270541733e-10	9.9999999993902e+00	9.8073682836682e-10	2.9999999999363e+00	
13	0	5.1939519352118e-10	1.0000000001407e+01	-1.0485785208541e-10	3.0000000005780e+00	
13	1	2.1227855029338e-09	9.9999999980370e+00	1.1016502171973e-10	3.0000000000479e+00	
13	2	6.8435950240087e-09	1.0000000003488e+01	1.0375473977206e-09	3.0000000030994e+00	
13	3	-1.8899282139273e-09	9.9999999989801e+00	-7.5487061263271e-10	2.9999999991270e+00	
13	4	-3.4224978406883e-10	1.0000000000915e+01	-1.4144303219255e-09	3.0000000001717e+00	
13	5	3.4317491071079e-09	1.0000000000846e+01	-6.7697216237237e-10	3.0000000012834e+00	
13	6	-3.1904470176869e-09	9.9999999992827e+00	8.0700991469518e-10	2.9999999988277e+00	
13	7	-4.9093129561584e-09	1.0000000000143e+01	-1.5557014236880e-10	2.9999999985700e+00	
13	8	-2.3176305319339e-09	9.9999999968348e+00	-1.3923531744993e-09	2.9999999983552e+00	
14	0	-1.3056830283631e-08	9.9999999942350e+00	8.9021505178106e-10	2.9999999943534e+00	
14	1	1.8648345090355e-09	9.9999999974493e+00	1.1580182425955e-09	2.9999999997942e+00	
14	2	5.1941144718626e-09	9.9999999996525e+00	5.7312345161676e-10	3.0000000014540e+00	
14	3	-2.3273027949244e-09	9.9999999974776e+00	-7.4376133507234e-10	2.9999999985451e+00	
14	4	-6.9366734578580e-12	9.9999999950784e+00	2.4600279996160e-09	2.9999999985214e+00	
14	5	1.3531753495499e-10	9.9999999971484e+00	1.6266453838060e-09	2.9999999991851e+00	
14	6	9.0297271881923e-09	1.0000000001285e+01	-3.5729629881980e-09	3.0000000030944e+00	
14	7	-1.6873178410037e-09	9.9999999959286e+00	1.0015172255760e-09	2.9999999982724e+00	
14	8	-4.7220520826841e-09	9.9999999969109e+00	1.5870124820289e-09	2.9999999976567e+00	
15	0	1.9941523987654e-09	9.9999999995172e+00	1.4495278475120e-10	3.0000000004534e+00	
15	1	-1.6558052706728e-09	1.0000000000166e+01	-4.3420202621348e-10	2.9999999995530e+00	
15	2	-1.8416219660367e-09	1.0000000001482e+01	-7.2608767792256e-10	2.9999999998921e+00	
15	3	-1.3425900391439e-09	9.9999999984736e+00	6.9130615361453e-10	2.9999999991393e+00	
15	4	-2.4114337193737e-09	1.0000000000965e+01	-9.3653996129275e-11	2.9999999995660e+00	
15	5	-1.3128884646108e-09	1.0000000003067e+01	-2.1467098349632e-10	3.0000000005262e+00	
15	6	-3.9031267107248e-09	9.9999999986231e+00	1.0356634816078e-09	2.9999999984160e+00	
15	7	-2.1402524197356e-09	1.0000000000736e+01	5.4953285656474e-10	2.9999999995788e+00	
15	8	-2.4698820766389e-10	1.0000000002017e+01	3.5677159206747e-10	3.0000000005311e+00	
16	0	-7.1238215326730e-10	1.0000000001991e+01	-7.4221269821924e-10	3.0000000003836e+00	
16	1	1.2664083115510e-09	1.0000000001664e+01	-7.2475054845421e-10	3.0000000008793e+00	
16	2	3.6332226116542e-09	1.0000000001196e+01	-7.1990707430137e-10	3.0000000014488e+00	
16	3	5.3130833066461e-12	1.0000000003633e+01	-1.8432639458413e-10	3.0000000010916e+00	
16	4	1.4002878856445e-09	1.0000000002786e+01	6.2816441616212e-11	3.0000000012559e+00	
16	5	2.0207062689792e-09	1.0000000000974e+01	2.5104305039084e-10	3.0000000008986e+00	
16	6	9.1598550966410e-10	1.0000000002557e+01	1.8026397505025e-10	3.0000000010418e+00	
16	7	1.6753967102545e-09	1.0000000002645e+01	1.1943264504137e-10	3.0000000012962e+00	
16	8	5.9274540831211e-10	1.0000000001409e+01	3.4678283766043e-10	3.0000000006006e+00	
17	0	5.2735202871190e-09	1.0000000001462e+01	-7.5606375627349e-10	3.0000000020206e+00	
17	1	5.3622537521392e-09	1.0000000001624e+01	-1.0819361482449e-09	3.0000000020958e+00	
17	2	1.0805161210214e-09	1.0000000000152e+01	-1.5800261153591e-09	3.0000000003699e+00	
17	3	2.2753150474841e-09	1.0000000000137e+01	1.2455081037046e-10	3.0000000007236e+00	
17	4	2.0864918681696e-09	9.9999999992085e+00	-1.0057379035241e-09	3.0000000003885e+00	
17	5	8.2362205944264e-10	9.9999999984350e+00	-2.3298033262615e-09	2.9999999997776e+00	
17	6	-7.4991302057015e-10	1.0000000000072e+01	5.0832157499359e-10	2.9999999997967e+00	
17	7	-1.5569554534522e-09	9.9999999981317e+00	9.3899069230695e-11	2.9999999989724e+00	
17	8	3.0960567443117e-10	9.9999999977519e+00	-7.6320208193480e-10	2.9999999994185e+00	
18	0	-3.1708982106693e-09	9.9999999982510e+00	-1.8043429330778e-09	2.9999999985240e+00	
18	1	-6.4495759843908e-09	9.9999999961866e+00	-1.3156766049557e-09	2.9999999969211e+00	
18	2	-3.2041560515950e-09	9.9999999970723e+00	-4.6031419111110e-13	2.9999999981605e+00	
18	3	-3.4590552644431e-10	9.9999999979073e+00	-2.6217437905314e-09	2.9999999992684e+00	
18	4	-7.9050543888570e-10	9.9999999978621e+00	-1.2345288717641e-09	2.9999999991215e+00	
18	5	1.2767005230785e-09	9.9999999995237e+00	1.3185708139152e-09	3.0000000002401e+00	
18	6	2.5878614806629e-09	9.9999999985887e+00	-1.1337451509091e-09	3.0000000003530e+00	
18	7	5.1612749629726e-09	1.0000000000489e+01	-4.8705605111360e-10	3.0000000016951e+00	
18	8	5.2728248434164e-09	1.0000000002120e+01	1.1656066073020e-09	3.0000000022179e+00	
19	0	1.3167529289149e-09	9.9999999991631e+00	9.0722416141330e-10	3.0000000001439e+00	
19	1	4.9729740325688e-09	1.0000000001832e+01	1.8141606548002e-09	3.0000000020416e+00	
19	2	1.8601671314400e-09	1.0000000002023e+01	2.0299590990117e-09	3.0000000011650e+00	
19	3	3.4844411800350e-09	1.0000000001386e+01	2.6154772374997e-09	3.0000000014611e+00	
19	4	5.0983386401526e-09	1.0000000004077e+01	3.1410098810463e-09	3.0000000027526e+00	
19	5	2.7331648055906e-09	1.0000000004276e+01	2.5212827059920e-09	3.0000000021028e+00	
19	6	4.2489025631198e-09	1.0000000002714e+01	2.1275769030584e-09	3.0000000020889e+00	
19	7	3.0044553511743e-09	1.0000000003588e+01	2.2371005446094e-09	3.0000000019777e+00	
19	8	2.3349402411554e-09	1.0000000003371e+01	1.1063038471810e-09	3.0000000017117e+00	
20	0	-2.5986368612507e-09	1.0000000000883e+01	1.9399604035232e-09	2.9999999994854e+00	
20	1	-5.8727991358865e-09	9.9999999992673e+00	1.2263228752119e-09	2.9999999980184e+00	
20	2	-3.6478988718613e-09	9.9999999953589e+00	-3.6410551722457e-10	2.9999999975133e+00	
20	3	-4.0968295422772e-10	1.0000000002668e+01	2.1770385192844e-09	3.0000000006775e+00	
20	4	-3.0031745978931e-09	9.9999999994509e+00	1.5928802065126e-09	2.9999999989343e+00	
20	5	-5.2045745491114e-10	9.9999999976402e+00	4.1010729458058e-11	2.9999999991359e+00	
20	6	1.9854455857171e-09	1.0000000002270e+01	3.7435070735869e-10	3.0000000012767e+00	
20	7	1.8489494379992e-09	1.0000000000412e+01	-1.3068405269416e-10	3.0000000006783e+00	
20	8	4.7115698009748e-09	1.0000000004338e+01	-8.2772782925251e-10	3.0000000027148e+00	
21	0	9.8085957134231e-09	1.0000000001192e+01	-4.8778429212470e-09	3.0000000033002e+00	
21	1	-1.4750964894006e-09	9.9999999981746e+00	-7.8654605865284e-10	2.9999999990099e+00	
21	2	-4.5118682123757e-09	9.9999999988706e+00	9.0678854149042e-10	2.9999999983076e+00	
21	3	1.0890870427716e-09	9.9999999978699e+00	-4.3471414285464e-09	2.9999999996877e+00	
21	4	-1.1894751850150e-10	1.0000000001482e+01	-1.6703575205026e-09	3.0000000004089e+00	
21	5	-1.5858248048062e-10	1.0000000002157e+01	2.8289397606376e-10	3.0000000005994e+00	
21	6	-8.1180235866896e-09	9.9999999959066e+00	-1.2367072782651e-09	2.9999999963366e+00	
21	7	1.0952438955769e-09	1.0000000003051e+01	1.1346823617531e-10	3.0000000012438e+00	
21	8	3.4673766080573e-09	1.0000000002415e+01	6.9580435077009e-10	3.0000000017647e+00	
22	0	-3.2414408934756e-09	9.9999999999051e+00	8.5063541747280e-10	2.9999999989991e+00	
22	1	-1.4250014501727e-09	1.0000000000252e+01	7.4792798657133e-10	2.9999999996480e+00	
22	2	-1.5503243133708e-10	1.0000000000095e+01	6.0731696109186e-10	2.9999999999819e+00	
22	3	4.7894044286068e-10	1.0000000001804e+01	3.5130909891560e-10	3.0000000006849e+00	
22	4	6.8743233327950e-10	1.0000000000088e+01	3.0942235014693e-10	3.0000000002326e+00	
22	5	1.5328538438553e-10	9.9999999985479e+00	3.9084828935531e-10	2.9999999996104e+00	
22	6	2.9647475585648e-09	1.0000000001122e+01	2.6796421438398e-10	3.0000000012259e+00	
22	7	2.0092709718256e-09	1.0000000000137e+01	-3.6334133928914e-10	3.0000000006438e+00	
22	8	8.2176665472389e-10	9.9999999998026e+00	-4.5073180447709e-10	3.0000000001873e+00	
23	0	6.1658056438318e-10	1.0000000000511e+01	3.8969845646382e-10	3.0000000003384e+00	
23	1	1.3727836645216e-09	1.0000000001821e+01	1.0443767161847e-10	3.0000000009583e+00	
23	2	6.0020877157285e-10	1.0000000002164e+01	2.3921941700649e-10	3.0000000008292e+00	
23	3	-1.0332001920688e-10	9.9999999985410e+00	4.5900534016347e-10	2.9999999995313e+00	
23	4	4.0150993640964e-10	1.0000000000274e+01	2.6416062335935e-10	3.0000000002027e+00	
23	5	1.3094503259481e-09	1.0000000002111e+01	1.1772324428728e-10	3.0000000010262e+00	
23	6	-7.7787554175757e-11	9.9999999994461e+00	-2.3377878706921e-10	2.9999999998105e+00	
23	7	-2.9785596211696e-10	9.9999999990633e+00	-1.6024890764614e-10	2.9999999996296e+00	
23	8	1.6069332531288e-09	9.9999999995310e+00	-3.7288561462122e-10	3.0000000003414e+00	
24	0	-7.0685324260467e-10	1.0000000001221e+01	5.9017411016976e-10	3.0000000001544e+00	
24	1	-1.6685746118128e-09	9.9999999989279e+00	1.0414702829109e-09	2.9999999991778e+00	
24	2	2.3716850705569e-10	9.9999999979515e+00	9.4638920241425e-10	2.9999999994566e+00	
24	3	1.5696395294640e-09	1.0000000002225e+01	3.1362283605121e-10	3.0000000011384e+00	
24	4	1.1226397589326e-09	1.0000000000608e+01	1.2841394312001e-09	3.0000000005193e+00	
24	5	4.2644376918588e-10	9.9999999988770e+00	2.0658137565634e-09	2.9999999997910e+00	
24	6	3.5100109485597e-09	1.0000000000290e+01	-4.7188155443292e-10	3.0000000011400e+00	
24	7	4.0439855908403e-09	1.0000000000848e+01	7.5192752840617e-11	3.0000000014676e+00	
24	8	5.5516924390986e-10	1.0000000000284e+01	8.8898185395398e-10	3.0000000002519e+00	
25	0	2.7907560706808e-09	9.9999999987969e+00	5.7050997706747e-10	3.0000000004763e+00	
25	1	5.6096185474530e-09	1.0000000001108e+01	1.7044688143536e-10	3.0000000020153e+00	
25	2	5.2156572394324e-09	1.0000000002759e+01	3.9847617875387e-10	3.0000000023924e+00	
25	3	3.3942626487260e-10	9.9999999988301e+00	1.9514554902567e-09	2.9999999997509e+00	
25	4	7.2982242471653e-10	1.0000000000439e+01	7.5053390037421e-10	3.0000000003506e+00	
25	5	9.0901330906945e-10	1.0000000002105e+01	-5.2788763833618e-10	3.0000000009042e+00	
25	6	-2.9253550692943e-09	9.9999999996346e+00	1.0848949486791e-09	2.9999999990128e+00	
25	7	-5.6722244679008e-09	9.9999999999922e+00	2.9509151121119e-10	2.9999999982960e+00	
25	8	-4.0747236695893e-09	1.0000000001197e+01	-9.2778248856353e-10	2.9999999991368e+00	
26	0	3.4791352021557e-09	1.0000000002834e+01	8.1362012980289e-10	3.0000000018939e+00	
26	1	1.7490000558951e-09	1.0000000002544e+01	6.6779816936007e-10	3.0000000012879e+00	
26	2	2.1194672683578e-09	1.0000000001807e+01	-4.7333100315778e-10	3.0000000011781e+00	
26	3	6.0621285769002e-10	1.0000000002185e+01	-8.1567962395463e-10	3.0000000008373e+00	
26	4	8.1316553490751e-10	1.0000000001177e+01	-1.2695646708020e-09	3.0000000005970e+00	
26	5	2.7500757227017e-09	1.0000000000192e+01	-2.3837127122084e-09	3.0000000008825e+00	
26	6	-1.6780790090820e-09	1.0000000001553e+01	-1.3416673681231e-09	2.9999999999625e+00	
26	7	1.1405978384005e-09	1.0000000000396e+01	-1.6619091040167e-09	3.0000000004609e+00	
26	8	2.9316868932483e-09	9.9999999995413e+00	-2.5611867386315e-09	3.0000000007419e+00	
27	0	3.0650770810325e-09	1.0000000001043e+01	-1.3311365981839e-09	3.0000000012325e+00	
27	1	3.8217082831693e-09	1.0000000000658e+01	-1.5571589115293e-09	3.0000000013439e+00	
27	2	6.2331562133977e-09	1.0000000008787e+01	-1.1627149953301e-09	3.0000000045061e+00	
27	3	4.6071528814196e-09	1.0000000000148e+01	-3.3862816918350e-09	3.0000000014265e+00	
27	4	4.8412704956036e-09	1.0000000001439e+01	-2.7821244907215e-09	3.0000000018841e+00	
27	5	2.9446365346075e-09	1.0000000009672e+01	7.6443504772180e-10	3.0000000037851e+00	
27	6	3.8895686671481e-09	1.0000000000389e+01	-3.6226859989951e-09	3.0000000012834e+00	
27	7	2.8858284650823e-09	1.0000000002865e+01	-3.0812617268951e-09	3.0000000017253e+00	
27	8	-3.2797231597215e-09	1.0000000003053e+01	2.0705708653484e-09	2.9999999999321e+00	
28	0	-8.1709812249642e-09	9.9999999976026e+00	1.0749090586643e-09	2.9999999968295e+00	
28	1	1.2197238774547e-09	1.0000000002998e+01	1.8226354253316e-09	3.0000000012654e+00	
28	2	2.8249722561213e-09	1.0000000000403e+01	1.3070752016955e-09	3.0000000009684e+00	
28	3	8.5849549691375e-11	1.0000000002673e+01	3.4152085706727e-09	3.0000000008276e+00	
28	4	5.4773519053697e-10	1.0000000002156e+01	2.2668704395238e-09	3.0000000008111e+00	
28	5	-1.1857608228638e-09	9.9999999980952e+00	1.0516281404867e-09	2.9999999990728e+00	
28	6	7.7589090707875e-09	1.0000000005355e+01	2.8966452972754e-09	3.0000000039340e+00	
28	7	-8.4332008043475e-10	1.0000000000658e+01	2.2804353854860e-10	2.9999999999443e+00	
28	8	-3.8195695495347e-09	9.9999999999871e+00	-4.1480357792457e-10	2.9999999988503e+00	
29	0	1.9727304234607e-09	9.9999999989918e+00	6.0627943304103e-10	3.0000000002894e+00	
29	1	1.5109824502701e-09	9.9999999998866e+00	-4.5274635569694e-10	3.0000000004193e+00	
29	2	1.2261081039355e-09	1.0000000001528e+01	-1.0319834318046e-09	3.0000000008263e+00	
29	3	-1.8424728409627e-09	9.9999999971645e+00	8.9803089844217e-10	2.9999999985966e+00	
29	4	-1.0465468491816e-09	9.9999999993421e+00	1.9536406788853e-10	2.9999999994887e+00	
29	5	4.8096104876549e-10	1.0000000002074e+01	-1.1889121443465e-09	3.0000000007665e+00	
29	6	-3.6200340503001e-09	1.0000000000229e+01	3.1975507278799e-10	2.9999999989826e+00	
29	7	-2.7752458109376e-09	9.9999999999525e+00	6.4645418268023e-10	2.9999999991532e+00	
29	8	-1.3406404875127e-09	9.9999999993809e+00	-6.9468070241578e-10	2.9999999994121e+00	
30	0	5.1220272467845e-10	1.0000000001165e+01	-1.0801867880396e-09	3.0000000005032e+00	
30	1	-2.1976465092166e-10	9.9999999986795e+00	-1.0276182866047e-09	2.9999999995379e+00	
30	2	1.2008873895297e-09	9.9999999969835e+00	-1.0213879487925e-09	2.9999999994553e+00	
30	3	8.6192919468431e-10	1.0000000001940e+01	-2.1431104816631e-09	3.0000000008405e+00	
30	4	6.8313621426341e-10	9.9999999987218e+00	-2.6865101397829e-09	2.9999999998215e+00	
30	5	1.2469447696617e-09	9.9999999959008e+00	-2.1155735226449e-09	2.9999999991443e+00	
30	6	-1.6420909076942e-10	9.9999999992286e+00	-2.0969530905089e-09	2.9999999997193e+00	
30	7	1.4021699357158e-09	9.9999999991816e+00	-3.1409842652225e-09	3.0000000001751e+00	
30	8	2.3577015895171e-09	9.9999999996555e+00	-2.3592954396732e-09	3.0000000006040e+00	
31	0	3.2966456231520e-09	9.9999999976318e+00	-1.0808733382153e-09	3.0000000002785e+00	
31	1	4.2747352324568e-09	9.9999999998472e+00	-8.9098537742461e-10	3.0000000012366e+00	
31	2	3.7663472340910e-10	1.0000000001168e+01	-4.4549246718061e-10	3.0000000004634e+00	
31	3	2.5146782434149e-09	9.9999999962695e+00	-1.5546452617675e-09	2.9999999996353e+00	
31	4	3.0074636114819e-09	9.9999999992600e+00	-1.1603854677264e-09	3.0000000006802e+00	
31	5	-4.9655302092333e-10	1.0000000001817e+01	-1.1212659117431e-09	3.0000000003961e+00	
31	6	2.6498776506401e-09	1.0000000000294e+01	-1.3182008566379e-09	3.0000000008831e+00	
31	7	1.9297923259387e-09	1.0000000001475e+01	-4.2714380409976e-10	3.0000000010214e+00	
31	8	-8.3789242211196e-10	1.0000000001769e+01	-2.8691089493223e-10	3.0000000002793e+00	
32	0	-4.0083456553930e-09	1.0000000000821e+01	-2.0385636288008e-10	2.9999999990438e+00	
32	1	-7.5706214630600e-09	1.0000000000761e+01	-4.3780467365733e-10	2.9999999979570e+00	
32	2	-5.1737476525204e-09	1.0000000001385e+01	-1.0183234187738e-09	2.9999999988633e+00	
32	3	-4.5009898030912e-09	1.0000000001833e+01	-1.0377969017003e-09	2.9999999991997e+00	
32	4	-7.3993104976466e-09	1.0000000001570e+01	-8.3675846366666e-10	2.9999999982512e+00	
32	5	-3.9750727154342e-09	1.0000000001815e+01	-8.7987470030518e-10	2.9999999993519e+00	
32	6	-3.2976243957705e-09	1.0000000001213e+01	-2.1035192218276e-10	2.9999999993747e+00	
32	7	-4.8068855562633e-09	1.0000000000567e+01	2.4132577064978e-10	2.9999999987282e+00	
32	8	-2.1677983852442e-09	1.0000000000810e+01	1.0548922339926e-10	2.9999999995925e+00	
33	0	-1.5866374880602e-09	1.0000000001667e+01	-1.2263319866801e-09	3.0000000000241e+00	
33	1	1.7376162730898e-09	1.0000000000164e+01	-1.2022920344597e-09	3.0000000005706e+00	
33	2	1.9454402533370e-09	9.9999999991863e+00	-1.7684804846148e-09	3.0000000003395e+00	
33	3	3.7475711422985e-10	1.0000000002129e+01	-1.0856175567216e-09	3.0000000007513e+00	
33	4	2.6963364874177e-09	1.0000000000251e+01	-9.3823981307385e-10	3.0000000008842e+00	
33	5	-1.4689423011305e-09	9.9999999980496e+00	-4.9228473917488e-10	2.9999999989742e+00	
33	6	8.4759133045509e-10	1.0000000001273e+01	-6.2655610762969e-10	3.0000000006361e+00	
33	7	1.5097922911878e-09	1.0000000000128e+01	-1.3907013660369e-09	3.0000000004913e+00	
33	8	-3.9917278371604e-09	9.9999999974705e+00	-1.5938367889135e-10	2.9999999980436e+00	
34	0	1.4327055097851e-09	1.0000000000465e+01	-2.7534138997922e-09	3.0000000005692e+00	
34	1	2.6389646023972e-10	1.0000000003696e+01	-3.1603312798587e-09	3.0000000011879e+00	
34	2	-5.7045683732326e-09	9.9999999973143e+00	6.7403107172746e-10	2.9999999974829e+00	
34	3	-5.5193440928747e-09	9.9999999983928e+00	-4.4123601715794e-10	2.9999999978620e+00	
34	4	-6.1982010635120e-09	1.0000000001600e+01	-2.0118770661023e-09	2.9999999986206e+00	
34	5	-4.0897960573716e-09	9.9999999930521e+00	-3.7742772103858e-09	2.9999999966887e+00	
34	6	-8.9433918049053e-09	9.9999999961830e+00	1.6536250115969e-09	2.9999999961719e+00	
34	7	-8.9383416224109e-09	9.9999999971687e+00	1.3371339460233e-09	2.9999999964691e+00	
34	8	1.7713919220341e-10	9.9999999949045e+00	-5.1856326253652e-09	2.9999999985245e+00	
35	0	7.0178423072775e-09	1.0000000003913e+01	1.1576276796129e-09	3.0000000032793e+00	
35	1	-1.7642047822619e-09	9.9999999996855e+00	-1.2932713794109e-09	2.9999999993764e+00	
35	2	-2.7331594765201e-09	1.0000000003479e+01	-1.3066284478503e-09	3.0000000002238e+00	
35	3	-1.4527650193941e-09	1.0000000000285e+01	-1.8436077317552e-09	2.9999999996496e+00	
35	4	-2.3316850672472e-09	1.0000000000000e+01	-9.5597541634932e-10	2.9999999993006e+00	
35	5	7.3131278810479e-10	1.0000000006348e+01	-6.3250290718981e-10	3.0000000021237e+00	
35	6	-7.7094588490922e-09	1.0000000000512e+01	-2.1496072360967e-09	2.9999999978408e+00	
35	7	-9.7664276665910e-10	1.0000000003333e+01	1.5852573374132e-09	3.0000000007069e+00	
35	8	1.6250085721481e-09	1.0000000002436e+01	1.4312606123757e-09	3.0000000012184e+00	
36	0	-1.9340493651043e-09	1.0000000004554e+01	-4.8195538772495e-10	3.0000000007858e+00	
36	1	-2.1076020928490e-09	1.0000000001266e+01	2.2686033907463e-10	2.9999999997475e+00	
36	2	-2.2823334333566e-09	9.9999999968867e+00	-4.4286814800334e-10	2.9999999983813e+00	
36	3	1.8670256451969e-09	1.0000000007502e+01	-1.1511118539067e-09	3.0000000028106e+00	
36	4	6.8851768730838e-10	1.0000000002705e+01	-1.4619080810691e-09	3.0000000010180e+00	
36	5	-1.5004051334699e-09	9.9999999965395e+00	-9.7889688013244e-10	2.9999999985117e+00	
36	6	1.9260149031197e-09	1.0000000001659e+01	-4.0931577079729e-10	3.0000000010754e+00	
36	7	1.9436274811824e-09	1.0000000001279e+01	-2.2164701317345e-09	3.0000000009669e+00	
36	8	1.1301182212264e-09	1.0000000001317e+01	-1.6854105567411e-09	3.0000000007341e+00	
37	0	-1.3460290659850e-09	9.9999999964061e+00	-1.4359754037561e-09	2.9999999985180e+00	
37	1	1.2015055617098e-09	9.9999999994104e+00	-2.3100559426074e-09	3.0000000001836e+00	
37	2	3.1910829534354e-09	1.0000000003506e+01	-1.7880085229787e-09	3.0000000020091e+00	
37	3	-1.7746728531165e-09	9.9999999957087e+00	-5.1035683508476e-10	2.9999999981802e+00	
37	4	5.4010129701965e-12	9.9999999998000e+00	-1.6397886487498e-10	2.9999999999416e+00	
37	5	2.2523609644054e-09	1.0000000005251e+01	-1.1476026895799e-10	3.0000000022509e+00	
37	6	2.1293100616049e-10	1.0000000001165e+01	-4.7346728587227e-10	3.0000000004135e+00	
37	7	-5.3550053280560e-10	1.0000000000923e+01	7.9126323286315e-10	3.0000000001163e+00	
37	8	-8.1546325247928e-11	1.0000000000586e+01	1.0063042682764e-09	3.0000000001513e+00	
38	0	3.3884619554669e-09	1.0000000004692e+01	-9.2406843061524e-10	3.0000000024242e+00	
38	1	2.1871739974699e-09	1.0000000004048e+01	-3.3367239260080e-11	3.0000000018706e+00	
38	2	-1.9358026293048e-10	1.0000000001679e+01	4.0264022334607e-10	3.0000000004455e+00	
38	3	2.6990765178425e-09	1.0000000006456e+01	-3.6751305290950e-11	3.0000000027465e+00	
38	4	2.2824586665138e-09	1.0000000004579e+01	3.7403924108644e-10	3.0000000020585e+00	
38	5	1.9728592093315e-09	1.0000000001276e+01	1.2299188630221e-09	3.0000000009747e+00	
38	6	6.2471006145870e-10	1.0000000000221e+01	8.9278748204576e-10	3.0000000002538e+00	
38	7	1.7253452000432e-09	9.9999999993464e+00	1.5561977705385e-09	3.0000000003215e+00	
38	8	3.1637803488138e-09	9.9999999995734e+00	2.8599846805876e-09	3.0000000008212e+00	
39	0	-1.7008510155847e-09	1.0000000000315e+01	7.2313474319151e-10	2.9999999995843e+00	
39	1	-2.8801974139014e-09	9.9999999991338e+00	1.4830174348173e-09	2.9999999988761e+00	
39	2	-2.2103296970499e-09	9.9999999991987e+00	1.1727760806949e-09	2.9999999990965e+00	
39	3	2.3490072109666e-09	1.0000000000255e+01	1.9438876756925e-09	3.0000000007813e+00	
39	4	1.3028058631903e-09	9.9999999995826e+00	2.7782170052418e-09	3.0000000002656e+00	
39	5	-2.9520998978683e-09	9.9999999985975e+00	2.0716534784535e-09	2.9999999986936e+00	
39	6	4.2538816913407e-09	1.0000000000801e+01	3.5207259224479e-09	3.0000000015165e+00	
39	7	3.4202534138217e-09	1.0000000002968e+01	3.0360721498446e-09	3.0000000019166e+00	
39	8	-2.5065682862646e-09	1.0000000002093e+01	1.0709828507964e-09	2.9999999998758e+00	
40	0	-1.2047571829044e-09	9.9999999995856e+00	-2.6402491304367e-11	2.9999999995143e+00	
40	1	-1.1356888762748e-09	9.9999999994709e+00	-1.7900754162890e-09	2.9999999995006e+00	
40	2	-3.6797773717012e-09	9.9999999978727e+00	-5.5123167398830e-10	2.9999999982579e+00	
40	3	-6.6904251028177e-09	9.9999999973933e+00	6.1715871379054e-10	2.9999999972109e+00	
40	4	-7.7385768904037e-09	9.9999999967649e+00	-1.4483273646565e-09	2.9999999967079e+00	
40	5	-1.1430216773078e-09	9.9999999977889e+00	-3.5219566191315e-10	2.9999999989938e+00	
40	6	-8.1342435009901e-09	9.9999999991546e+00	-2.4170485698751e-10	2.9999999973061e+00	
40	7	-1.0219267210232e-08	9.9999999947856e+00	-4.4569279535936e-10	2.9999999953699e+00	
40	8	1.4728929187413e-10	9.9999999948802e+00	1.5257754693822e-09	2.9999999985082e+00	
41	0	-6.0487392872233e-09	9.9999999962727e+00	2.2577742960473e-09	2.9999999970672e+00	
41	1	-5.7519269347495e-09	9.9999999951295e+00	4.1613899492442e-09	2.9999999968133e+00	
41	2	1.3344161331474e-09	9.9999999974091e+00	-2.5335477306885e-09	2.9999999996231e+00	
41	3	5.1487170082964e-09	9.9999999984827e+00	2.5271059617245e-09	3.0000000010894e+00	
41	4	6.9103442967844e-09	9.9999999966955e+00	5.9195157675263e-09	3.0000000010818e+00	
41	5	-1.2449294928274e-09	9.9999999986577e+00	1.8521189198166e-09	2.9999999992238e+00	
41	6	1.0894353863478e-08	9.9999999976717e+00	3.1238551312660e-09	3.0000000025698e+00	
41	7	1.3998048942199e-08	9.9999999990410e+00	3.4781144213403e-09	3.0000000039117e+00	
41	8	-4.5252077640612e-09	9.9999999975736e+00	1.0041396160710e-09	2.9999999979145e+00	
42	0	-5.4382844894008e-09	1.0000000004163e+01	-9.7271950110052e-11	2.9999999996175e+00	
42	1	7.4325701149291e-10	1.0000000006343e+01	2.8196599035336e-09	3.0000000021260e+00	
42	2	-6.2055072191924e-10	9.9999999969917e+00	2.1971346704648e-09	2.9999999989113e+00	
42	3	4.4472461269152e-09	1.0000000009297e+01	4.1209278577677e-09	3.0000000041234e+00	
42	4	1.7784005379440e-09	1.0000000006684e+01	4.0348312798505e-10	3.0000000025388e+00	
42	5	-4.5044474816791e-09	9.9999999938467e+00	-6.0653445250828e-10	2.9999999968027e+00	
42	6	7.0627272918955e-09	1.0000000005865e+01	3.3753195452007e-09	3.0000000038784e+00	
42	7	-2.5348949606041e-09	9.9999999989300e+00	-4.6671313187401e-09	2.9999999989185e+00	
42	8	-4.3719374787088e-09	1.0000000001659e+01	-5.6368751201014e-09	2.9999999991862e+00	
43	0	-1.3247509755843e-09	9.9999999943763e+00	6.0928509166366e-10	2.9999999979155e+00	
43	1	5.0545700958082e-10	9.9999999987635e+00	-1.3131452222334e-09	2.9999999997807e+00	
43	2	2.5434934158852e-09	1.0000000005509e+01	-1.6002429739471e-09	3.0000000024156e+00	
43	3	-5.9345950376155e-09	9.9999999907660e+00	3.1629300707661e-10	2.9999999954494e+00	
43	4	-3.1901334907047e-09	9.9999999965427e+00	6.4071564351807e-10	2.9999999980058e+00	
43	5	1.5306627076939e-09	1.0000000005626e+01	-7.3485068203781e-10	3.0000000021471e+00	
43	6	-4.1764520730680e-09	1.0000000002425e+01	-3.3113886010888e-09	2.9999999994745e+00	
43	7	-3.5644287521563e-09	9.9999999996260e+00	-1.0151580872734e-09	2.9999999988185e+00	
43	8	-3.5343639126495e-10	9.9999999971211e+00	-1.2907229933981e-09	2.9999999990303e+00	
44	0	2.1633761448925e-09	1.0000000006394e+01	-1.0026509870762e-09	3.0000000025672e+00	
44	1	1.9157475605880e-10	1.0000000002111e+01	-2.6353535406271e-11	3.0000000006907e+00	
44	2	-8.2226492281734e-10	9.9999999960764e+00	7.7898894276641e-10	2.9999999985762e+00	
44	3	3.0582150145619e-09	1.0000000007459e+01	-1.9087888196127e-09	3.0000000031550e+00	
44	4	2.9653870470270e-09	1.0000000003112e+01	-2.1264461848092e-09	3.0000000018231e+00	
44	5	2.3623716316479e-09	9.9999999960988e+00	-5.6847554564329e-10	2.9999999995383e+00	
44	6	3.4345726263041e-09	9.9999999982222e+00	-2.1256395957305e-09	3.0000000004970e+00	
44	7	7.5582846648103e-09	1.0000000002488e+01	-1.5598621462414e-09	3.0000000030139e+00	
44	8	5.9630389515064e-09	1.0000000005047e+01	-4.9762114076121e-10	3.0000000033031e+00	
45	0	-6.2704508252409e-11	9.9999999942326e+00	1.2815936880116e-09	2.9999999982510e+00	
45	1	1.4771748269027e-09	9.9999999944718e+00	2.8838591003736e-09	2.9999999987847e+00	
45	2	2.4353639105357e-09	9.9999999977385e+00	4.5123017454012e-09	3.0000000000522e+00	
45	3	2.9101441256785e-09	9.9999999938696e+00	6.9405587797432e-10	2.9999999990339e+00	
45	4	2.7848692241150e-09	9.9999999937501e+00	2.3590980660513e-09	2.9999999989605e+00	
45	5	4.5252690483721e-11	9.9999999963111e+00	3.7009652460703e-09	2.9999999989069e+00	
45	6	2.0415971135890e-09	1.0000000003953e+01	-9.1791217006939e-10	3.0000000017984e+00	
45	7	-2.3863426790172e-09	1.0000000000429e+01	-3.8364521265142e-09	2.9999999994129e+00	
45	8	-1.4566499118018e-09	9.9999999984354e+00	-4.6501898103390e-09	2.9999999990936e+00	
46	0	2.5436301953619e-09	1.0000000000503e+01	4.8663016725211e-09	3.0000000009140e+00	
46	1	1.9623520586265e-09	1.0000000005119e+01	2.9375459563494e-09	3.0000000021244e+00	
46	2	-1.1001892730178e-09	1.0000000005808e+01	-3.3496916094921e-10	3.0000000014123e+00	
46	3	-2.6617614778957e-09	9.9999999983553e+00	4.3893478762182e-09	2.9999999987081e+00	
46	4	-3.0989202315368e-09	1.0000000003507e+01	3.4014462034836e-09	3.0000000001226e+00	
46	5	1.0581384657371e-09	1.0000000007083e+01	-1.4932338744948e-10	3.0000000024422e+00	
46	6	1.7399255369810e-09	9.9999999992468e+00	-2.0449786057870e-09	3.0000000002960e+00	
46	7	5.2690189988880e-09	1.0000000001401e+01	3.8496905509672e-09	3.0000000020010e+00	
46	8	4.2436498759457e-09	1.0000000001476e+01	4.3438605426581e-09	3.0000000017158e+00	
47	0	-4.3977248509464e-09	1.0000000002839e+01	-1.6642029634703e-09	2.9999999995323e+00	
47	1	-6.6815442067991e-09	9.9999999953686e+00	-1.5772255963882e-10	2.9999999966061e+00	
47	2	-1.1654242015879e-09	9.9999999916241e+00	3.1147138956647e-09	2.9999999971376e+00	
47	3	4.2267123134820e-09	1.0000000006359e+01	-2.7756108751197e-09	3.0000000031756e+00	
47	4	2.9025164494101e-09	9.9999999983879e+00	-2.9714070079990e-09	3.0000000003871e+00	
47	5	-4.4875072546802e-09	9.9999999901327e+00	8.7903950953009e-10	2.9999999956936e+00	
47	6	1.2619540967762e-09	9.9999999994582e+00	-3.9204560495914e-10	3.0000000002161e+00	
47	7	-3.9756562486559e-09	9.9999999951747e+00	-8.3928595409338e-09	2.9999999973597e+00	
47	8	-6.3980909459360e-09	9.9999999958277e+00	-7.4159128298919e-09	2.9999999968289e+00	
48	0	5.8547522385766e-09	9.9999999936456e+00	3.9847263776521e-09	2.9999999998501e+00	
48	1	8.8185512225891e-09	9.9999999979332e+00	8.0629013081530e-10	3.0000000020255e+00	
48	2	-4.2997703175729e-09	9.9999999968536e+00	-2.9397435455404e-09	2.9999999977661e+00	
48	3	-9.1028304893825e-09	9.9999999894901e+00	3.4161994272081e-09	2.9999999941162e+00	
48	4	-7.5145516476027e-09	9.9999999963032e+00	1.1778223680908e-09	2.9999999966366e+00	
48	5	-5.8420468462828e-10	9.9999999942770e+00	-5.2163678362672e-09	2.9999999981078e+00	
48	6	-5.1206727746944e-09	1.0000000001125e+01	-2.5171323540131e-10	2.9999999988013e+00	
48	7	2.0115571430779e-09	1.0000000010251e+01	7.1451087331088e-09	3.0000000036788e+00	
48	8	2.3693669248814e-09	9.9999999877286e+00	-2.9506591061923e-09	2.9999999970294e+00	



Reaction Force
-8.2249411100064e-10	 -3.5714285715631e+00	 
2.9388814230662e-09	 -7.1428571446180e+00	 
4.0035056033334e-09	 -1.0714285714877e+01	 
-3.9156175881328e-11	 -1.4285714285395e+01	 
-5.6104494412163e-10	 -1.4285714285837e+01	 
3.5049805075535e-09	 -1.4285714284098e+01	 
3.3721852233551e-10	 -1.4285714287022e+01	 
1.0292734895066e-09	 -1.0714285712410e+01	 
-1.5162393982711e-09	 -7.1428571418092e+00	 
-1.3935534615618e-10	 -3.5714285721679e+00	 
-1.7271199663534e-09	 2.4987160039316e-09	 
-2.3440430050451e-09	 1.0714680531353e-09	 
5.9308043563951e-10	 -1.2717559852000e-09	 
1.6040731862791e-09	 -1.5620865241563e-09	 
-1.1819306829344e-09	 3.7341905098550e-09	 
-3.0032424207043e-09	 -1.8301045730601e-09	 
-1.8608333550918e-11	 1.9507506637158e-09	 
1.1907684251693e-10	 -3.1991002313745e-09	 
-1.0543450864722e-09	 2.5506745039233e-09	 
-1.4858709312246e-09	 -6.1643787874721e-10	 
4.9412651162251e-10	 8.5685644120219e-10	 
-1.2963468888067e-09	 1.5546059968034e-09	 
-2.7005172296266e-09	 9.7525432440562e-10	 
1.0704096791053e-09	 -1.7515734334935e-09	 
4.0330307633619e-09	 -2.2649291122401e-09	 
-5.6943864885082e-11	 -1.0994002516653e-09	 
1.4257372410648e-09	 1.9533878785493e-09	 
-4.8210918008918e-11	 -2.3857920750699e-10	 
-1.2116652683938e-09	 1.8107378362256e-10	 
1.2409733341387e-09	 1.8778955145668e-11	 
4.4391829714730e-09	 5.5808772936354e-10	 
-4.6654512812217e-09	 9.8593476907190e-10	 
-1.9553140858281e-09	 1.2165750303570e-09	 
-2.8157366139155e-09	 -1.0177813482856e-09	 
6.7322687094364e-10	 -1.4436241118425e-09	 
3.0473097152887e-09	 3.8532676848156e-10	 
-2.5386500917736e-09	 -3.6731779526937e-09	 
1.0326646988582e-09	 -2.0641166025922e-09	 
-8.5454491770424e-10	 3.5658893653498e-10	 
-5.3341791084564e-10	 -4.8964557100214e-10	 
-4.7113343777175e-10	 1.7326883312890e-09	 
2.0903234267469e-09	 -4.2680838232033e-09	 
1.7396468648452e-10	 -9.2312472597984e-10	 
-2.1533448618622e-09	 1.5719398511237e-09	 
-8.7806161214709e-10	 8.6145395853578e-10	 
-1.3553733388070e-09	 -1.0078949860879e-09	 
-4.8561282772555e-10	 -1.6305449944478e-09	 
3.0562688596276e-09	 1.3307344537403e-09	 
1.5605577359750e-09	 -9.2359867973656e-10	 
2.2177341359517e-09	 -1.9003918804308e-09	 
-2.5561791813826e-10	 -6.1212488179536e-10	 
-1.7095056135147e-09	 -1.5684843803576e-09	 
-3.0478244749687e-11	 4.3997628966916e-10	 
3.6385064234150e-10	 1.7343461020008e-09	 
1.4901412920528e-09	 -8.8681189348589e-11	 
4.6909714882160e-09	 -1.0696076938844e-09	 
-2.3145630410757e-09	 2.2079475997624e-09	 
-2.1011036875729e-10	 2.6658980045331e-09	 
1.0504175649302e-09	 1.0506771247621e-09	 
-8.0167501810002e-10	 7.3459285122361e-10	 
-1.0007247394708e-10	 -1.4418780239950e-09	 
2.0139545088770e-09	 1.9676095905770e-10	 
5.4959234958335e-10	 -1.1313661640504e-10	 
-2.0829741303468e-09	 6.8904526190557e-11	 
-2.1226622184414e-09	 -3.1016288723234e-09	 
2.2098279340776e-09	 -1.0965273755689e-09	 
-1.5933109867811e-09	 2.4321210888309e-09	 
-2.4205854947738e-09	 9.6472496377285e-10	 
-2.1143245675580e-09	 3.4035971030740e-09	 
-2.8256082716739e-09	 -6.1112428057771e-10	 
8.5531136861731e-10	 -1.2285563706658e-09	 
-9.3732740846650e-10	 -4.2464814574362e-10	 
-7.5940939924095e-10	 2.9476975255913e-09	 
-1.0706701243143e-09	 -1.1229358525250e-09	 
-1.6450717140826e-09	 7.3176527774067e-10	 
7.2619923523152e-10	 1.4455361705197e-09	 
2.3188572887450e-09	 2.3422986028869e-13	 
-3.9098896057934e-09	 -6.3794725197882e-10	 
2.1529451891607e-09	 2.2770456897323e-09	 
7.3371637165670e-10	 7.7584948695662e-10	 
-1.1710357192102e-09	 -1.3180521240714e-09	 
3.4526330474852e-09	 1.8551924509452e-09	 
1.6639413067159e-09	 5.7931469525139e-10	 
-1.2018460292956e-09	 7.8921224952980e-10	 
2.8002876931737e-09	 -3.5962322029308e-09	 
3.7359146621435e-09	 -5.8576716736270e-10	 
2.6884367851371e-09	 2.4365931819354e-09	 
2.7355845237206e-09	 -3.1878076169569e-09	 
-7.9073848239155e-10	 -7.2310616021329e-10	 
-6.7484573614117e-10	 -2.1300235843275e-10	 
-5.4819409408265e-10	 3.5714285731012e+00	 
7.3809085926363e-10	 7.1428571453469e+00	 
-2.3079393255149e-09	 1.0714285713376e+01	 
-3.8688450068209e-09	 1.4285714286321e+01	 
-6.9167692481484e-10	 1.4285714286494e+01	 
-4.0390930702679e-11	 1.4285714284688e+01	 
3.5220969489800e-10	 1.4285714286903e+01	 
-1.5567235107370e-09	 1.0714285711127e+01	 
-8.0807798658837e-11	 7.1428571432985e+00	 
-2.5780873773528e-10	 3.5714285689757e+00	 
