input file name:	arc_glo2_34x34.txt

Total Control Point
1156

Order
2	2

number of knot vector
37	37

number of Control Point
34	34

knot vector
0.0000000000000000e+00	0.0000000000000000e+00	0.0000000000000000e+00	3.1250000000000000e-02	6.2500000000000000e-02	9.3750000000000000e-02	1.2500000000000000e-01	1.5625000000000000e-01	1.8750000000000000e-01	2.1875000000000000e-01	2.5000000000000000e-01	2.8125000000000000e-01	3.1250000000000000e-01	3.4375000000000000e-01	3.7500000000000000e-01	4.0625000000000000e-01	4.3750000000000000e-01	4.6875000000000000e-01	5.0000000000000000e-01	5.3125000000000000e-01	5.6250000000000000e-01	5.9375000000000000e-01	6.2500000000000000e-01	6.5625000000000000e-01	6.8750000000000000e-01	7.1875000000000000e-01	7.5000000000000000e-01	7.8125000000000000e-01	8.1250000000000000e-01	8.4375000000000000e-01	8.7500000000000000e-01	9.0625000000000000e-01	9.3750000000000000e-01	9.6875000000000000e-01	1.0000000000000000e+00	1.0000000000000000e+00	1.0000000000000000e+00
0.0000000000000000e+00	0.0000000000000000e+00	0.0000000000000000e+00	3.1250000000000000e-02	6.2500000000000000e-02	9.3750000000000000e-02	1.2500000000000000e-01	1.5625000000000000e-01	1.8750000000000000e-01	2.1875000000000000e-01	2.5000000000000000e-01	2.8125000000000000e-01	3.1250000000000000e-01	3.4375000000000000e-01	3.7500000000000000e-01	4.0625000000000000e-01	4.3750000000000000e-01	4.6875000000000000e-01	5.0000000000000000e-01	5.3125000000000000e-01	5.6250000000000000e-01	5.9375000000000000e-01	6.2500000000000000e-01	6.5625000000000000e-01	6.8750000000000000e-01	7.1875000000000000e-01	7.5000000000000000e-01	7.8125000000000000e-01	8.1250000000000000e-01	8.4375000000000000e-01	8.7500000000000000e-01	9.0625000000000000e-01	9.3750000000000000e-01	9.6875000000000000e-01	1.0000000000000000e+00	1.0000000000000000e+00	1.0000000000000000e+00

coordinate of Control Point
0	0.0000000000000000e+00	0.0000000000000000e+00	1.0000000000000000e+00
1	7.8125000000000000e-01	0.0000000000000000e+00	1.0000000000000000e+00
2	2.3437500000000000e+00	0.0000000000000000e+00	1.0000000000000000e+00
3	3.9062500000000000e+00	0.0000000000000000e+00	1.0000000000000000e+00
4	5.4687500000000000e+00	0.0000000000000000e+00	1.0000000000000000e+00
5	7.0312500000000000e+00	0.0000000000000000e+00	1.0000000000000000e+00
6	8.5937500000000000e+00	0.0000000000000000e+00	1.0000000000000000e+00
7	1.0156250000000000e+01	0.0000000000000000e+00	1.0000000000000000e+00
8	1.1718750000000000e+01	0.0000000000000000e+00	1.0000000000000000e+00
9	1.3281250000000000e+01	0.0000000000000000e+00	1.0000000000000000e+00
10	1.4843750000000000e+01	0.0000000000000000e+00	1.0000000000000000e+00
11	1.6406250000000000e+01	0.0000000000000000e+00	1.0000000000000000e+00
12	1.7968750000000000e+01	0.0000000000000000e+00	1.0000000000000000e+00
13	1.9531250000000000e+01	0.0000000000000000e+00	1.0000000000000000e+00
14	2.1093750000000000e+01	0.0000000000000000e+00	1.0000000000000000e+00
15	2.2656250000000000e+01	0.0000000000000000e+00	1.0000000000000000e+00
16	2.4218750000000000e+01	0.0000000000000000e+00	1.0000000000000000e+00
17	2.5781250000000000e+01	0.0000000000000000e+00	1.0000000000000000e+00
18	2.7343750000000000e+01	0.0000000000000000e+00	1.0000000000000000e+00
19	2.8906250000000000e+01	0.0000000000000000e+00	1.0000000000000000e+00
20	3.0468750000000000e+01	0.0000000000000000e+00	1.0000000000000000e+00
21	3.2031250000000000e+01	0.0000000000000000e+00	1.0000000000000000e+00
22	3.3593750000000000e+01	0.0000000000000000e+00	1.0000000000000000e+00
23	3.5156250000000000e+01	0.0000000000000000e+00	1.0000000000000000e+00
24	3.6718750000000000e+01	0.0000000000000000e+00	1.0000000000000000e+00
25	3.8281250000000000e+01	0.0000000000000000e+00	1.0000000000000000e+00
26	3.9843750000000000e+01	0.0000000000000000e+00	1.0000000000000000e+00
27	4.1406250000000000e+01	0.0000000000000000e+00	1.0000000000000000e+00
28	4.2968750000000000e+01	0.0000000000000000e+00	1.0000000000000000e+00
29	4.4531250000000000e+01	0.0000000000000000e+00	1.0000000000000000e+00
30	4.6093750000000000e+01	0.0000000000000000e+00	1.0000000000000000e+00
31	4.7656250000000000e+01	0.0000000000000000e+00	1.0000000000000000e+00
32	4.9218750000000000e+01	0.0000000000000000e+00	1.0000000000000000e+00
33	5.0000000000000000e+01	0.0000000000000000e+00	1.0000000000000000e+00
34	0.0000000000000000e+00	7.8125000000000000e-01	1.0000000000000000e+00
35	7.8125000000000000e-01	7.8125000000000000e-01	1.0000000000000000e+00
36	2.3437500000000000e+00	7.8125000000000000e-01	1.0000000000000000e+00
37	3.9062500000000000e+00	7.8125000000000000e-01	1.0000000000000000e+00
38	5.4687500000000000e+00	7.8125000000000000e-01	1.0000000000000000e+00
39	7.0312500000000000e+00	7.8125000000000000e-01	1.0000000000000000e+00
40	8.5937500000000000e+00	7.8125000000000000e-01	1.0000000000000000e+00
41	1.0156250000000000e+01	7.8125000000000000e-01	1.0000000000000000e+00
42	1.1718750000000000e+01	7.8125000000000000e-01	1.0000000000000000e+00
43	1.3281250000000000e+01	7.8125000000000000e-01	1.0000000000000000e+00
44	1.4843750000000000e+01	7.8125000000000000e-01	1.0000000000000000e+00
45	1.6406250000000000e+01	7.8125000000000000e-01	1.0000000000000000e+00
46	1.7968750000000000e+01	7.8125000000000000e-01	1.0000000000000000e+00
47	1.9531250000000000e+01	7.8125000000000000e-01	1.0000000000000000e+00
48	2.1093750000000000e+01	7.8125000000000000e-01	1.0000000000000000e+00
49	2.2656250000000000e+01	7.8125000000000000e-01	1.0000000000000000e+00
50	2.4218750000000000e+01	7.8125000000000000e-01	1.0000000000000000e+00
51	2.5781250000000000e+01	7.8125000000000000e-01	1.0000000000000000e+00
52	2.7343750000000000e+01	7.8125000000000000e-01	1.0000000000000000e+00
53	2.8906250000000000e+01	7.8125000000000000e-01	1.0000000000000000e+00
54	3.0468750000000000e+01	7.8125000000000000e-01	1.0000000000000000e+00
55	3.2031250000000000e+01	7.8125000000000000e-01	1.0000000000000000e+00
56	3.3593750000000000e+01	7.8125000000000000e-01	1.0000000000000000e+00
57	3.5156250000000000e+01	7.8125000000000000e-01	1.0000000000000000e+00
58	3.6718750000000000e+01	7.8125000000000000e-01	1.0000000000000000e+00
59	3.8281250000000000e+01	7.8125000000000000e-01	1.0000000000000000e+00
60	3.9843750000000000e+01	7.8125000000000000e-01	1.0000000000000000e+00
61	4.1406250000000000e+01	7.8125000000000000e-01	1.0000000000000000e+00
62	4.2968750000000000e+01	7.8125000000000000e-01	1.0000000000000000e+00
63	4.4531250000000000e+01	7.8125000000000000e-01	1.0000000000000000e+00
64	4.6093750000000000e+01	7.8125000000000000e-01	1.0000000000000000e+00
65	4.7656250000000000e+01	7.8125000000000000e-01	1.0000000000000000e+00
66	4.9218750000000000e+01	7.8125000000000000e-01	1.0000000000000000e+00
67	5.0000000000000000e+01	7.8125000000000000e-01	1.0000000000000000e+00
68	0.0000000000000000e+00	2.3437500000000000e+00	1.0000000000000000e+00
69	7.8125000000000000e-01	2.3437500000000000e+00	1.0000000000000000e+00
70	2.3437500000000000e+00	2.3437500000000000e+00	1.0000000000000000e+00
71	3.9062500000000000e+00	2.3437500000000000e+00	1.0000000000000000e+00
72	5.4687500000000000e+00	2.3437500000000000e+00	1.0000000000000000e+00
73	7.0312500000000000e+00	2.3437500000000000e+00	1.0000000000000000e+00
74	8.5937500000000000e+00	2.3437500000000000e+00	1.0000000000000000e+00
75	1.0156250000000000e+01	2.3437500000000000e+00	1.0000000000000000e+00
76	1.1718750000000000e+01	2.3437500000000000e+00	1.0000000000000000e+00
77	1.3281250000000000e+01	2.3437500000000000e+00	1.0000000000000000e+00
78	1.4843750000000000e+01	2.3437500000000000e+00	1.0000000000000000e+00
79	1.6406250000000000e+01	2.3437500000000000e+00	1.0000000000000000e+00
80	1.7968750000000000e+01	2.3437500000000000e+00	1.0000000000000000e+00
81	1.9531250000000000e+01	2.3437500000000000e+00	1.0000000000000000e+00
82	2.1093750000000000e+01	2.3437500000000000e+00	1.0000000000000000e+00
83	2.2656250000000000e+01	2.3437500000000000e+00	1.0000000000000000e+00
84	2.4218750000000000e+01	2.3437500000000000e+00	1.0000000000000000e+00
85	2.5781250000000000e+01	2.3437500000000000e+00	1.0000000000000000e+00
86	2.7343750000000000e+01	2.3437500000000000e+00	1.0000000000000000e+00
87	2.8906250000000000e+01	2.3437500000000000e+00	1.0000000000000000e+00
88	3.0468750000000000e+01	2.3437500000000000e+00	1.0000000000000000e+00
89	3.2031250000000000e+01	2.3437500000000000e+00	1.0000000000000000e+00
90	3.3593750000000000e+01	2.3437500000000000e+00	1.0000000000000000e+00
91	3.5156250000000000e+01	2.3437500000000000e+00	1.0000000000000000e+00
92	3.6718750000000000e+01	2.3437500000000000e+00	1.0000000000000000e+00
93	3.8281250000000000e+01	2.3437500000000000e+00	1.0000000000000000e+00
94	3.9843750000000000e+01	2.3437500000000000e+00	1.0000000000000000e+00
95	4.1406250000000000e+01	2.3437500000000000e+00	1.0000000000000000e+00
96	4.2968750000000000e+01	2.3437500000000000e+00	1.0000000000000000e+00
97	4.4531250000000000e+01	2.3437500000000000e+00	1.0000000000000000e+00
98	4.6093750000000000e+01	2.3437500000000000e+00	1.0000000000000000e+00
99	4.7656250000000000e+01	2.3437500000000000e+00	1.0000000000000000e+00
100	4.9218750000000000e+01	2.3437500000000000e+00	1.0000000000000000e+00
101	5.0000000000000000e+01	2.3437500000000000e+00	1.0000000000000000e+00
102	0.0000000000000000e+00	3.9062500000000000e+00	1.0000000000000000e+00
103	7.8125000000000000e-01	3.9062500000000000e+00	1.0000000000000000e+00
104	2.3437500000000000e+00	3.9062500000000000e+00	1.0000000000000000e+00
105	3.9062500000000000e+00	3.9062500000000000e+00	1.0000000000000000e+00
106	5.4687500000000000e+00	3.9062500000000000e+00	1.0000000000000000e+00
107	7.0312500000000000e+00	3.9062500000000000e+00	1.0000000000000000e+00
108	8.5937500000000000e+00	3.9062500000000000e+00	1.0000000000000000e+00
109	1.0156250000000000e+01	3.9062500000000000e+00	1.0000000000000000e+00
110	1.1718750000000000e+01	3.9062500000000000e+00	1.0000000000000000e+00
111	1.3281250000000000e+01	3.9062500000000000e+00	1.0000000000000000e+00
112	1.4843750000000000e+01	3.9062500000000000e+00	1.0000000000000000e+00
113	1.6406250000000000e+01	3.9062500000000000e+00	1.0000000000000000e+00
114	1.7968750000000000e+01	3.9062500000000000e+00	1.0000000000000000e+00
115	1.9531250000000000e+01	3.9062500000000000e+00	1.0000000000000000e+00
116	2.1093750000000000e+01	3.9062500000000000e+00	1.0000000000000000e+00
117	2.2656250000000000e+01	3.9062500000000000e+00	1.0000000000000000e+00
118	2.4218750000000000e+01	3.9062500000000000e+00	1.0000000000000000e+00
119	2.5781250000000000e+01	3.9062500000000000e+00	1.0000000000000000e+00
120	2.7343750000000000e+01	3.9062500000000000e+00	1.0000000000000000e+00
121	2.8906250000000000e+01	3.9062500000000000e+00	1.0000000000000000e+00
122	3.0468750000000000e+01	3.9062500000000000e+00	1.0000000000000000e+00
123	3.2031250000000000e+01	3.9062500000000000e+00	1.0000000000000000e+00
124	3.3593750000000000e+01	3.9062500000000000e+00	1.0000000000000000e+00
125	3.5156250000000000e+01	3.9062500000000000e+00	1.0000000000000000e+00
126	3.6718750000000000e+01	3.9062500000000000e+00	1.0000000000000000e+00
127	3.8281250000000000e+01	3.9062500000000000e+00	1.0000000000000000e+00
128	3.9843750000000000e+01	3.9062500000000000e+00	1.0000000000000000e+00
129	4.1406250000000000e+01	3.9062500000000000e+00	1.0000000000000000e+00
130	4.2968750000000000e+01	3.9062500000000000e+00	1.0000000000000000e+00
131	4.4531250000000000e+01	3.9062500000000000e+00	1.0000000000000000e+00
132	4.6093750000000000e+01	3.9062500000000000e+00	1.0000000000000000e+00
133	4.7656250000000000e+01	3.9062500000000000e+00	1.0000000000000000e+00
134	4.9218750000000000e+01	3.9062500000000000e+00	1.0000000000000000e+00
135	5.0000000000000000e+01	3.9062500000000000e+00	1.0000000000000000e+00
136	0.0000000000000000e+00	5.4687500000000000e+00	1.0000000000000000e+00
137	7.8125000000000000e-01	5.4687500000000000e+00	1.0000000000000000e+00
138	2.3437500000000000e+00	5.4687500000000000e+00	1.0000000000000000e+00
139	3.9062500000000000e+00	5.4687500000000000e+00	1.0000000000000000e+00
140	5.4687500000000000e+00	5.4687500000000000e+00	1.0000000000000000e+00
141	7.0312500000000000e+00	5.4687500000000000e+00	1.0000000000000000e+00
142	8.5937500000000000e+00	5.4687500000000000e+00	1.0000000000000000e+00
143	1.0156250000000000e+01	5.4687500000000000e+00	1.0000000000000000e+00
144	1.1718750000000000e+01	5.4687500000000000e+00	1.0000000000000000e+00
145	1.3281250000000000e+01	5.4687500000000000e+00	1.0000000000000000e+00
146	1.4843750000000000e+01	5.4687500000000000e+00	1.0000000000000000e+00
147	1.6406250000000000e+01	5.4687500000000000e+00	1.0000000000000000e+00
148	1.7968750000000000e+01	5.4687500000000000e+00	1.0000000000000000e+00
149	1.9531250000000000e+01	5.4687500000000000e+00	1.0000000000000000e+00
150	2.1093750000000000e+01	5.4687500000000000e+00	1.0000000000000000e+00
151	2.2656250000000000e+01	5.4687500000000000e+00	1.0000000000000000e+00
152	2.4218750000000000e+01	5.4687500000000000e+00	1.0000000000000000e+00
153	2.5781250000000000e+01	5.4687500000000000e+00	1.0000000000000000e+00
154	2.7343750000000000e+01	5.4687500000000000e+00	1.0000000000000000e+00
155	2.8906250000000000e+01	5.4687500000000000e+00	1.0000000000000000e+00
156	3.0468750000000000e+01	5.4687500000000000e+00	1.0000000000000000e+00
157	3.2031250000000000e+01	5.4687500000000000e+00	1.0000000000000000e+00
158	3.3593750000000000e+01	5.4687500000000000e+00	1.0000000000000000e+00
159	3.5156250000000000e+01	5.4687500000000000e+00	1.0000000000000000e+00
160	3.6718750000000000e+01	5.4687500000000000e+00	1.0000000000000000e+00
161	3.8281250000000000e+01	5.4687500000000000e+00	1.0000000000000000e+00
162	3.9843750000000000e+01	5.4687500000000000e+00	1.0000000000000000e+00
163	4.1406250000000000e+01	5.4687500000000000e+00	1.0000000000000000e+00
164	4.2968750000000000e+01	5.4687500000000000e+00	1.0000000000000000e+00
165	4.4531250000000000e+01	5.4687500000000000e+00	1.0000000000000000e+00
166	4.6093750000000000e+01	5.4687500000000000e+00	1.0000000000000000e+00
167	4.7656250000000000e+01	5.4687500000000000e+00	1.0000000000000000e+00
168	4.9218750000000000e+01	5.4687500000000000e+00	1.0000000000000000e+00
169	5.0000000000000000e+01	5.4687500000000000e+00	1.0000000000000000e+00
170	0.0000000000000000e+00	7.0312500000000000e+00	1.0000000000000000e+00
171	7.8125000000000000e-01	7.0312500000000000e+00	1.0000000000000000e+00
172	2.3437500000000000e+00	7.0312500000000000e+00	1.0000000000000000e+00
173	3.9062500000000000e+00	7.0312500000000000e+00	1.0000000000000000e+00
174	5.4687500000000000e+00	7.0312500000000000e+00	1.0000000000000000e+00
175	7.0312500000000000e+00	7.0312500000000000e+00	1.0000000000000000e+00
176	8.5937500000000000e+00	7.0312500000000000e+00	1.0000000000000000e+00
177	1.0156250000000000e+01	7.0312500000000000e+00	1.0000000000000000e+00
178	1.1718750000000000e+01	7.0312500000000000e+00	1.0000000000000000e+00
179	1.3281250000000000e+01	7.0312500000000000e+00	1.0000000000000000e+00
180	1.4843750000000000e+01	7.0312500000000000e+00	1.0000000000000000e+00
181	1.6406250000000000e+01	7.0312500000000000e+00	1.0000000000000000e+00
182	1.7968750000000000e+01	7.0312500000000000e+00	1.0000000000000000e+00
183	1.9531250000000000e+01	7.0312500000000000e+00	1.0000000000000000e+00
184	2.1093750000000000e+01	7.0312500000000000e+00	1.0000000000000000e+00
185	2.2656250000000000e+01	7.0312500000000000e+00	1.0000000000000000e+00
186	2.4218750000000000e+01	7.0312500000000000e+00	1.0000000000000000e+00
187	2.5781250000000000e+01	7.0312500000000000e+00	1.0000000000000000e+00
188	2.7343750000000000e+01	7.0312500000000000e+00	1.0000000000000000e+00
189	2.8906250000000000e+01	7.0312500000000000e+00	1.0000000000000000e+00
190	3.0468750000000000e+01	7.0312500000000000e+00	1.0000000000000000e+00
191	3.2031250000000000e+01	7.0312500000000000e+00	1.0000000000000000e+00
192	3.3593750000000000e+01	7.0312500000000000e+00	1.0000000000000000e+00
193	3.5156250000000000e+01	7.0312500000000000e+00	1.0000000000000000e+00
194	3.6718750000000000e+01	7.0312500000000000e+00	1.0000000000000000e+00
195	3.8281250000000000e+01	7.0312500000000000e+00	1.0000000000000000e+00
196	3.9843750000000000e+01	7.0312500000000000e+00	1.0000000000000000e+00
197	4.1406250000000000e+01	7.0312500000000000e+00	1.0000000000000000e+00
198	4.2968750000000000e+01	7.0312500000000000e+00	1.0000000000000000e+00
199	4.4531250000000000e+01	7.0312500000000000e+00	1.0000000000000000e+00
200	4.6093750000000000e+01	7.0312500000000000e+00	1.0000000000000000e+00
201	4.7656250000000000e+01	7.0312500000000000e+00	1.0000000000000000e+00
202	4.9218750000000000e+01	7.0312500000000000e+00	1.0000000000000000e+00
203	5.0000000000000000e+01	7.0312500000000000e+00	1.0000000000000000e+00
204	0.0000000000000000e+00	8.5937500000000000e+00	1.0000000000000000e+00
205	7.8125000000000000e-01	8.5937500000000000e+00	1.0000000000000000e+00
206	2.3437500000000000e+00	8.5937500000000000e+00	1.0000000000000000e+00
207	3.9062500000000000e+00	8.5937500000000000e+00	1.0000000000000000e+00
208	5.4687500000000000e+00	8.5937500000000000e+00	1.0000000000000000e+00
209	7.0312500000000000e+00	8.5937500000000000e+00	1.0000000000000000e+00
210	8.5937500000000000e+00	8.5937500000000000e+00	1.0000000000000000e+00
211	1.0156250000000000e+01	8.5937500000000000e+00	1.0000000000000000e+00
212	1.1718750000000000e+01	8.5937500000000000e+00	1.0000000000000000e+00
213	1.3281250000000000e+01	8.5937500000000000e+00	1.0000000000000000e+00
214	1.4843750000000000e+01	8.5937500000000000e+00	1.0000000000000000e+00
215	1.6406250000000000e+01	8.5937500000000000e+00	1.0000000000000000e+00
216	1.7968750000000000e+01	8.5937500000000000e+00	1.0000000000000000e+00
217	1.9531250000000000e+01	8.5937500000000000e+00	1.0000000000000000e+00
218	2.1093750000000000e+01	8.5937500000000000e+00	1.0000000000000000e+00
219	2.2656250000000000e+01	8.5937500000000000e+00	1.0000000000000000e+00
220	2.4218750000000000e+01	8.5937500000000000e+00	1.0000000000000000e+00
221	2.5781250000000000e+01	8.5937500000000000e+00	1.0000000000000000e+00
222	2.7343750000000000e+01	8.5937500000000000e+00	1.0000000000000000e+00
223	2.8906250000000000e+01	8.5937500000000000e+00	1.0000000000000000e+00
224	3.0468750000000000e+01	8.5937500000000000e+00	1.0000000000000000e+00
225	3.2031250000000000e+01	8.5937500000000000e+00	1.0000000000000000e+00
226	3.3593750000000000e+01	8.5937500000000000e+00	1.0000000000000000e+00
227	3.5156250000000000e+01	8.5937500000000000e+00	1.0000000000000000e+00
228	3.6718750000000000e+01	8.5937500000000000e+00	1.0000000000000000e+00
229	3.8281250000000000e+01	8.5937500000000000e+00	1.0000000000000000e+00
230	3.9843750000000000e+01	8.5937500000000000e+00	1.0000000000000000e+00
231	4.1406250000000000e+01	8.5937500000000000e+00	1.0000000000000000e+00
232	4.2968750000000000e+01	8.5937500000000000e+00	1.0000000000000000e+00
233	4.4531250000000000e+01	8.5937500000000000e+00	1.0000000000000000e+00
234	4.6093750000000000e+01	8.5937500000000000e+00	1.0000000000000000e+00
235	4.7656250000000000e+01	8.5937500000000000e+00	1.0000000000000000e+00
236	4.9218750000000000e+01	8.5937500000000000e+00	1.0000000000000000e+00
237	5.0000000000000000e+01	8.5937500000000000e+00	1.0000000000000000e+00
238	0.0000000000000000e+00	1.0156250000000000e+01	1.0000000000000000e+00
239	7.8125000000000000e-01	1.0156250000000000e+01	1.0000000000000000e+00
240	2.3437500000000000e+00	1.0156250000000000e+01	1.0000000000000000e+00
241	3.9062500000000000e+00	1.0156250000000000e+01	1.0000000000000000e+00
242	5.4687500000000000e+00	1.0156250000000000e+01	1.0000000000000000e+00
243	7.0312500000000000e+00	1.0156250000000000e+01	1.0000000000000000e+00
244	8.5937500000000000e+00	1.0156250000000000e+01	1.0000000000000000e+00
245	1.0156250000000000e+01	1.0156250000000000e+01	1.0000000000000000e+00
246	1.1718750000000000e+01	1.0156250000000000e+01	1.0000000000000000e+00
247	1.3281250000000000e+01	1.0156250000000000e+01	1.0000000000000000e+00
248	1.4843750000000000e+01	1.0156250000000000e+01	1.0000000000000000e+00
249	1.6406250000000000e+01	1.0156250000000000e+01	1.0000000000000000e+00
250	1.7968750000000000e+01	1.0156250000000000e+01	1.0000000000000000e+00
251	1.9531250000000000e+01	1.0156250000000000e+01	1.0000000000000000e+00
252	2.1093750000000000e+01	1.0156250000000000e+01	1.0000000000000000e+00
253	2.2656250000000000e+01	1.0156250000000000e+01	1.0000000000000000e+00
254	2.4218750000000000e+01	1.0156250000000000e+01	1.0000000000000000e+00
255	2.5781250000000000e+01	1.0156250000000000e+01	1.0000000000000000e+00
256	2.7343750000000000e+01	1.0156250000000000e+01	1.0000000000000000e+00
257	2.8906250000000000e+01	1.0156250000000000e+01	1.0000000000000000e+00
258	3.0468750000000000e+01	1.0156250000000000e+01	1.0000000000000000e+00
259	3.2031250000000000e+01	1.0156250000000000e+01	1.0000000000000000e+00
260	3.3593750000000000e+01	1.0156250000000000e+01	1.0000000000000000e+00
261	3.5156250000000000e+01	1.0156250000000000e+01	1.0000000000000000e+00
262	3.6718750000000000e+01	1.0156250000000000e+01	1.0000000000000000e+00
263	3.8281250000000000e+01	1.0156250000000000e+01	1.0000000000000000e+00
264	3.9843750000000000e+01	1.0156250000000000e+01	1.0000000000000000e+00
265	4.1406250000000000e+01	1.0156250000000000e+01	1.0000000000000000e+00
266	4.2968750000000000e+01	1.0156250000000000e+01	1.0000000000000000e+00
267	4.4531250000000000e+01	1.0156250000000000e+01	1.0000000000000000e+00
268	4.6093750000000000e+01	1.0156250000000000e+01	1.0000000000000000e+00
269	4.7656250000000000e+01	1.0156250000000000e+01	1.0000000000000000e+00
270	4.9218750000000000e+01	1.0156250000000000e+01	1.0000000000000000e+00
271	5.0000000000000000e+01	1.0156250000000000e+01	1.0000000000000000e+00
272	0.0000000000000000e+00	1.1718750000000000e+01	1.0000000000000000e+00
273	7.8125000000000000e-01	1.1718750000000000e+01	1.0000000000000000e+00
274	2.3437500000000000e+00	1.1718750000000000e+01	1.0000000000000000e+00
275	3.9062500000000000e+00	1.1718750000000000e+01	1.0000000000000000e+00
276	5.4687500000000000e+00	1.1718750000000000e+01	1.0000000000000000e+00
277	7.0312500000000000e+00	1.1718750000000000e+01	1.0000000000000000e+00
278	8.5937500000000000e+00	1.1718750000000000e+01	1.0000000000000000e+00
279	1.0156250000000000e+01	1.1718750000000000e+01	1.0000000000000000e+00
280	1.1718750000000000e+01	1.1718750000000000e+01	1.0000000000000000e+00
281	1.3281250000000000e+01	1.1718750000000000e+01	1.0000000000000000e+00
282	1.4843750000000000e+01	1.1718750000000000e+01	1.0000000000000000e+00
283	1.6406250000000000e+01	1.1718750000000000e+01	1.0000000000000000e+00
284	1.7968750000000000e+01	1.1718750000000000e+01	1.0000000000000000e+00
285	1.9531250000000000e+01	1.1718750000000000e+01	1.0000000000000000e+00
286	2.1093750000000000e+01	1.1718750000000000e+01	1.0000000000000000e+00
287	2.2656250000000000e+01	1.1718750000000000e+01	1.0000000000000000e+00
288	2.4218750000000000e+01	1.1718750000000000e+01	1.0000000000000000e+00
289	2.5781250000000000e+01	1.1718750000000000e+01	1.0000000000000000e+00
290	2.7343750000000000e+01	1.1718750000000000e+01	1.0000000000000000e+00
291	2.8906250000000000e+01	1.1718750000000000e+01	1.0000000000000000e+00
292	3.0468750000000000e+01	1.1718750000000000e+01	1.0000000000000000e+00
293	3.2031250000000000e+01	1.1718750000000000e+01	1.0000000000000000e+00
294	3.3593750000000000e+01	1.1718750000000000e+01	1.0000000000000000e+00
295	3.5156250000000000e+01	1.1718750000000000e+01	1.0000000000000000e+00
296	3.6718750000000000e+01	1.1718750000000000e+01	1.0000000000000000e+00
297	3.8281250000000000e+01	1.1718750000000000e+01	1.0000000000000000e+00
298	3.9843750000000000e+01	1.1718750000000000e+01	1.0000000000000000e+00
299	4.1406250000000000e+01	1.1718750000000000e+01	1.0000000000000000e+00
300	4.2968750000000000e+01	1.1718750000000000e+01	1.0000000000000000e+00
301	4.4531250000000000e+01	1.1718750000000000e+01	1.0000000000000000e+00
302	4.6093750000000000e+01	1.1718750000000000e+01	1.0000000000000000e+00
303	4.7656250000000000e+01	1.1718750000000000e+01	1.0000000000000000e+00
304	4.9218750000000000e+01	1.1718750000000000e+01	1.0000000000000000e+00
305	5.0000000000000000e+01	1.1718750000000000e+01	1.0000000000000000e+00
306	0.0000000000000000e+00	1.3281250000000000e+01	1.0000000000000000e+00
307	7.8125000000000000e-01	1.3281250000000000e+01	1.0000000000000000e+00
308	2.3437500000000000e+00	1.3281250000000000e+01	1.0000000000000000e+00
309	3.9062500000000000e+00	1.3281250000000000e+01	1.0000000000000000e+00
310	5.4687500000000000e+00	1.3281250000000000e+01	1.0000000000000000e+00
311	7.0312500000000000e+00	1.3281250000000000e+01	1.0000000000000000e+00
312	8.5937500000000000e+00	1.3281250000000000e+01	1.0000000000000000e+00
313	1.0156250000000000e+01	1.3281250000000000e+01	1.0000000000000000e+00
314	1.1718750000000000e+01	1.3281250000000000e+01	1.0000000000000000e+00
315	1.3281250000000000e+01	1.3281250000000000e+01	1.0000000000000000e+00
316	1.4843750000000000e+01	1.3281250000000000e+01	1.0000000000000000e+00
317	1.6406250000000000e+01	1.3281250000000000e+01	1.0000000000000000e+00
318	1.7968750000000000e+01	1.3281250000000000e+01	1.0000000000000000e+00
319	1.9531250000000000e+01	1.3281250000000000e+01	1.0000000000000000e+00
320	2.1093750000000000e+01	1.3281250000000000e+01	1.0000000000000000e+00
321	2.2656250000000000e+01	1.3281250000000000e+01	1.0000000000000000e+00
322	2.4218750000000000e+01	1.3281250000000000e+01	1.0000000000000000e+00
323	2.5781250000000000e+01	1.3281250000000000e+01	1.0000000000000000e+00
324	2.7343750000000000e+01	1.3281250000000000e+01	1.0000000000000000e+00
325	2.8906250000000000e+01	1.3281250000000000e+01	1.0000000000000000e+00
326	3.0468750000000000e+01	1.3281250000000000e+01	1.0000000000000000e+00
327	3.2031250000000000e+01	1.3281250000000000e+01	1.0000000000000000e+00
328	3.3593750000000000e+01	1.3281250000000000e+01	1.0000000000000000e+00
329	3.5156250000000000e+01	1.3281250000000000e+01	1.0000000000000000e+00
330	3.6718750000000000e+01	1.3281250000000000e+01	1.0000000000000000e+00
331	3.8281250000000000e+01	1.3281250000000000e+01	1.0000000000000000e+00
332	3.9843750000000000e+01	1.3281250000000000e+01	1.0000000000000000e+00
333	4.1406250000000000e+01	1.3281250000000000e+01	1.0000000000000000e+00
334	4.2968750000000000e+01	1.3281250000000000e+01	1.0000000000000000e+00
335	4.4531250000000000e+01	1.3281250000000000e+01	1.0000000000000000e+00
336	4.6093750000000000e+01	1.3281250000000000e+01	1.0000000000000000e+00
337	4.7656250000000000e+01	1.3281250000000000e+01	1.0000000000000000e+00
338	4.9218750000000000e+01	1.3281250000000000e+01	1.0000000000000000e+00
339	5.0000000000000000e+01	1.3281250000000000e+01	1.0000000000000000e+00
340	0.0000000000000000e+00	1.4843750000000000e+01	1.0000000000000000e+00
341	7.8125000000000000e-01	1.4843750000000000e+01	1.0000000000000000e+00
342	2.3437500000000000e+00	1.4843750000000000e+01	1.0000000000000000e+00
343	3.9062500000000000e+00	1.4843750000000000e+01	1.0000000000000000e+00
344	5.4687500000000000e+00	1.4843750000000000e+01	1.0000000000000000e+00
345	7.0312500000000000e+00	1.4843750000000000e+01	1.0000000000000000e+00
346	8.5937500000000000e+00	1.4843750000000000e+01	1.0000000000000000e+00
347	1.0156250000000000e+01	1.4843750000000000e+01	1.0000000000000000e+00
348	1.1718750000000000e+01	1.4843750000000000e+01	1.0000000000000000e+00
349	1.3281250000000000e+01	1.4843750000000000e+01	1.0000000000000000e+00
350	1.4843750000000000e+01	1.4843750000000000e+01	1.0000000000000000e+00
351	1.6406250000000000e+01	1.4843750000000000e+01	1.0000000000000000e+00
352	1.7968750000000000e+01	1.4843750000000000e+01	1.0000000000000000e+00
353	1.9531250000000000e+01	1.4843750000000000e+01	1.0000000000000000e+00
354	2.1093750000000000e+01	1.4843750000000000e+01	1.0000000000000000e+00
355	2.2656250000000000e+01	1.4843750000000000e+01	1.0000000000000000e+00
356	2.4218750000000000e+01	1.4843750000000000e+01	1.0000000000000000e+00
357	2.5781250000000000e+01	1.4843750000000000e+01	1.0000000000000000e+00
358	2.7343750000000000e+01	1.4843750000000000e+01	1.0000000000000000e+00
359	2.8906250000000000e+01	1.4843750000000000e+01	1.0000000000000000e+00
360	3.0468750000000000e+01	1.4843750000000000e+01	1.0000000000000000e+00
361	3.2031250000000000e+01	1.4843750000000000e+01	1.0000000000000000e+00
362	3.3593750000000000e+01	1.4843750000000000e+01	1.0000000000000000e+00
363	3.5156250000000000e+01	1.4843750000000000e+01	1.0000000000000000e+00
364	3.6718750000000000e+01	1.4843750000000000e+01	1.0000000000000000e+00
365	3.8281250000000000e+01	1.4843750000000000e+01	1.0000000000000000e+00
366	3.9843750000000000e+01	1.4843750000000000e+01	1.0000000000000000e+00
367	4.1406250000000000e+01	1.4843750000000000e+01	1.0000000000000000e+00
368	4.2968750000000000e+01	1.4843750000000000e+01	1.0000000000000000e+00
369	4.4531250000000000e+01	1.4843750000000000e+01	1.0000000000000000e+00
370	4.6093750000000000e+01	1.4843750000000000e+01	1.0000000000000000e+00
371	4.7656250000000000e+01	1.4843750000000000e+01	1.0000000000000000e+00
372	4.9218750000000000e+01	1.4843750000000000e+01	1.0000000000000000e+00
373	5.0000000000000000e+01	1.4843750000000000e+01	1.0000000000000000e+00
374	0.0000000000000000e+00	1.6406250000000000e+01	1.0000000000000000e+00
375	7.8125000000000000e-01	1.6406250000000000e+01	1.0000000000000000e+00
376	2.3437500000000000e+00	1.6406250000000000e+01	1.0000000000000000e+00
377	3.9062500000000000e+00	1.6406250000000000e+01	1.0000000000000000e+00
378	5.4687500000000000e+00	1.6406250000000000e+01	1.0000000000000000e+00
379	7.0312500000000000e+00	1.6406250000000000e+01	1.0000000000000000e+00
380	8.5937500000000000e+00	1.6406250000000000e+01	1.0000000000000000e+00
381	1.0156250000000000e+01	1.6406250000000000e+01	1.0000000000000000e+00
382	1.1718750000000000e+01	1.6406250000000000e+01	1.0000000000000000e+00
383	1.3281250000000000e+01	1.6406250000000000e+01	1.0000000000000000e+00
384	1.4843750000000000e+01	1.6406250000000000e+01	1.0000000000000000e+00
385	1.6406250000000000e+01	1.6406250000000000e+01	1.0000000000000000e+00
386	1.7968750000000000e+01	1.6406250000000000e+01	1.0000000000000000e+00
387	1.9531250000000000e+01	1.6406250000000000e+01	1.0000000000000000e+00
388	2.1093750000000000e+01	1.6406250000000000e+01	1.0000000000000000e+00
389	2.2656250000000000e+01	1.6406250000000000e+01	1.0000000000000000e+00
390	2.4218750000000000e+01	1.6406250000000000e+01	1.0000000000000000e+00
391	2.5781250000000000e+01	1.6406250000000000e+01	1.0000000000000000e+00
392	2.7343750000000000e+01	1.6406250000000000e+01	1.0000000000000000e+00
393	2.8906250000000000e+01	1.6406250000000000e+01	1.0000000000000000e+00
394	3.0468750000000000e+01	1.6406250000000000e+01	1.0000000000000000e+00
395	3.2031250000000000e+01	1.6406250000000000e+01	1.0000000000000000e+00
396	3.3593750000000000e+01	1.6406250000000000e+01	1.0000000000000000e+00
397	3.5156250000000000e+01	1.6406250000000000e+01	1.0000000000000000e+00
398	3.6718750000000000e+01	1.6406250000000000e+01	1.0000000000000000e+00
399	3.8281250000000000e+01	1.6406250000000000e+01	1.0000000000000000e+00
400	3.9843750000000000e+01	1.6406250000000000e+01	1.0000000000000000e+00
401	4.1406250000000000e+01	1.6406250000000000e+01	1.0000000000000000e+00
402	4.2968750000000000e+01	1.6406250000000000e+01	1.0000000000000000e+00
403	4.4531250000000000e+01	1.6406250000000000e+01	1.0000000000000000e+00
404	4.6093750000000000e+01	1.6406250000000000e+01	1.0000000000000000e+00
405	4.7656250000000000e+01	1.6406250000000000e+01	1.0000000000000000e+00
406	4.9218750000000000e+01	1.6406250000000000e+01	1.0000000000000000e+00
407	5.0000000000000000e+01	1.6406250000000000e+01	1.0000000000000000e+00
408	0.0000000000000000e+00	1.7968750000000000e+01	1.0000000000000000e+00
409	7.8125000000000000e-01	1.7968750000000000e+01	1.0000000000000000e+00
410	2.3437500000000000e+00	1.7968750000000000e+01	1.0000000000000000e+00
411	3.9062500000000000e+00	1.7968750000000000e+01	1.0000000000000000e+00
412	5.4687500000000000e+00	1.7968750000000000e+01	1.0000000000000000e+00
413	7.0312500000000000e+00	1.7968750000000000e+01	1.0000000000000000e+00
414	8.5937500000000000e+00	1.7968750000000000e+01	1.0000000000000000e+00
415	1.0156250000000000e+01	1.7968750000000000e+01	1.0000000000000000e+00
416	1.1718750000000000e+01	1.7968750000000000e+01	1.0000000000000000e+00
417	1.3281250000000000e+01	1.7968750000000000e+01	1.0000000000000000e+00
418	1.4843750000000000e+01	1.7968750000000000e+01	1.0000000000000000e+00
419	1.6406250000000000e+01	1.7968750000000000e+01	1.0000000000000000e+00
420	1.7968750000000000e+01	1.7968750000000000e+01	1.0000000000000000e+00
421	1.9531250000000000e+01	1.7968750000000000e+01	1.0000000000000000e+00
422	2.1093750000000000e+01	1.7968750000000000e+01	1.0000000000000000e+00
423	2.2656250000000000e+01	1.7968750000000000e+01	1.0000000000000000e+00
424	2.4218750000000000e+01	1.7968750000000000e+01	1.0000000000000000e+00
425	2.5781250000000000e+01	1.7968750000000000e+01	1.0000000000000000e+00
426	2.7343750000000000e+01	1.7968750000000000e+01	1.0000000000000000e+00
427	2.8906250000000000e+01	1.7968750000000000e+01	1.0000000000000000e+00
428	3.0468750000000000e+01	1.7968750000000000e+01	1.0000000000000000e+00
429	3.2031250000000000e+01	1.7968750000000000e+01	1.0000000000000000e+00
430	3.3593750000000000e+01	1.7968750000000000e+01	1.0000000000000000e+00
431	3.5156250000000000e+01	1.7968750000000000e+01	1.0000000000000000e+00
432	3.6718750000000000e+01	1.7968750000000000e+01	1.0000000000000000e+00
433	3.8281250000000000e+01	1.7968750000000000e+01	1.0000000000000000e+00
434	3.9843750000000000e+01	1.7968750000000000e+01	1.0000000000000000e+00
435	4.1406250000000000e+01	1.7968750000000000e+01	1.0000000000000000e+00
436	4.2968750000000000e+01	1.7968750000000000e+01	1.0000000000000000e+00
437	4.4531250000000000e+01	1.7968750000000000e+01	1.0000000000000000e+00
438	4.6093750000000000e+01	1.7968750000000000e+01	1.0000000000000000e+00
439	4.7656250000000000e+01	1.7968750000000000e+01	1.0000000000000000e+00
440	4.9218750000000000e+01	1.7968750000000000e+01	1.0000000000000000e+00
441	5.0000000000000000e+01	1.7968750000000000e+01	1.0000000000000000e+00
442	0.0000000000000000e+00	1.9531250000000000e+01	1.0000000000000000e+00
443	7.8125000000000000e-01	1.9531250000000000e+01	1.0000000000000000e+00
444	2.3437500000000000e+00	1.9531250000000000e+01	1.0000000000000000e+00
445	3.9062500000000000e+00	1.9531250000000000e+01	1.0000000000000000e+00
446	5.4687500000000000e+00	1.9531250000000000e+01	1.0000000000000000e+00
447	7.0312500000000000e+00	1.9531250000000000e+01	1.0000000000000000e+00
448	8.5937500000000000e+00	1.9531250000000000e+01	1.0000000000000000e+00
449	1.0156250000000000e+01	1.9531250000000000e+01	1.0000000000000000e+00
450	1.1718750000000000e+01	1.9531250000000000e+01	1.0000000000000000e+00
451	1.3281250000000000e+01	1.9531250000000000e+01	1.0000000000000000e+00
452	1.4843750000000000e+01	1.9531250000000000e+01	1.0000000000000000e+00
453	1.6406250000000000e+01	1.9531250000000000e+01	1.0000000000000000e+00
454	1.7968750000000000e+01	1.9531250000000000e+01	1.0000000000000000e+00
455	1.9531250000000000e+01	1.9531250000000000e+01	1.0000000000000000e+00
456	2.1093750000000000e+01	1.9531250000000000e+01	1.0000000000000000e+00
457	2.2656250000000000e+01	1.9531250000000000e+01	1.0000000000000000e+00
458	2.4218750000000000e+01	1.9531250000000000e+01	1.0000000000000000e+00
459	2.5781250000000000e+01	1.9531250000000000e+01	1.0000000000000000e+00
460	2.7343750000000000e+01	1.9531250000000000e+01	1.0000000000000000e+00
461	2.8906250000000000e+01	1.9531250000000000e+01	1.0000000000000000e+00
462	3.0468750000000000e+01	1.9531250000000000e+01	1.0000000000000000e+00
463	3.2031250000000000e+01	1.9531250000000000e+01	1.0000000000000000e+00
464	3.3593750000000000e+01	1.9531250000000000e+01	1.0000000000000000e+00
465	3.5156250000000000e+01	1.9531250000000000e+01	1.0000000000000000e+00
466	3.6718750000000000e+01	1.9531250000000000e+01	1.0000000000000000e+00
467	3.8281250000000000e+01	1.9531250000000000e+01	1.0000000000000000e+00
468	3.9843750000000000e+01	1.9531250000000000e+01	1.0000000000000000e+00
469	4.1406250000000000e+01	1.9531250000000000e+01	1.0000000000000000e+00
470	4.2968750000000000e+01	1.9531250000000000e+01	1.0000000000000000e+00
471	4.4531250000000000e+01	1.9531250000000000e+01	1.0000000000000000e+00
472	4.6093750000000000e+01	1.9531250000000000e+01	1.0000000000000000e+00
473	4.7656250000000000e+01	1.9531250000000000e+01	1.0000000000000000e+00
474	4.9218750000000000e+01	1.9531250000000000e+01	1.0000000000000000e+00
475	5.0000000000000000e+01	1.9531250000000000e+01	1.0000000000000000e+00
476	0.0000000000000000e+00	2.1093750000000000e+01	1.0000000000000000e+00
477	7.8125000000000000e-01	2.1093750000000000e+01	1.0000000000000000e+00
478	2.3437500000000000e+00	2.1093750000000000e+01	1.0000000000000000e+00
479	3.9062500000000000e+00	2.1093750000000000e+01	1.0000000000000000e+00
480	5.4687500000000000e+00	2.1093750000000000e+01	1.0000000000000000e+00
481	7.0312500000000000e+00	2.1093750000000000e+01	1.0000000000000000e+00
482	8.5937500000000000e+00	2.1093750000000000e+01	1.0000000000000000e+00
483	1.0156250000000000e+01	2.1093750000000000e+01	1.0000000000000000e+00
484	1.1718750000000000e+01	2.1093750000000000e+01	1.0000000000000000e+00
485	1.3281250000000000e+01	2.1093750000000000e+01	1.0000000000000000e+00
486	1.4843750000000000e+01	2.1093750000000000e+01	1.0000000000000000e+00
487	1.6406250000000000e+01	2.1093750000000000e+01	1.0000000000000000e+00
488	1.7968750000000000e+01	2.1093750000000000e+01	1.0000000000000000e+00
489	1.9531250000000000e+01	2.1093750000000000e+01	1.0000000000000000e+00
490	2.1093750000000000e+01	2.1093750000000000e+01	1.0000000000000000e+00
491	2.2656250000000000e+01	2.1093750000000000e+01	1.0000000000000000e+00
492	2.4218750000000000e+01	2.1093750000000000e+01	1.0000000000000000e+00
493	2.5781250000000000e+01	2.1093750000000000e+01	1.0000000000000000e+00
494	2.7343750000000000e+01	2.1093750000000000e+01	1.0000000000000000e+00
495	2.8906250000000000e+01	2.1093750000000000e+01	1.0000000000000000e+00
496	3.0468750000000000e+01	2.1093750000000000e+01	1.0000000000000000e+00
497	3.2031250000000000e+01	2.1093750000000000e+01	1.0000000000000000e+00
498	3.3593750000000000e+01	2.1093750000000000e+01	1.0000000000000000e+00
499	3.5156250000000000e+01	2.1093750000000000e+01	1.0000000000000000e+00
500	3.6718750000000000e+01	2.1093750000000000e+01	1.0000000000000000e+00
501	3.8281250000000000e+01	2.1093750000000000e+01	1.0000000000000000e+00
502	3.9843750000000000e+01	2.1093750000000000e+01	1.0000000000000000e+00
503	4.1406250000000000e+01	2.1093750000000000e+01	1.0000000000000000e+00
504	4.2968750000000000e+01	2.1093750000000000e+01	1.0000000000000000e+00
505	4.4531250000000000e+01	2.1093750000000000e+01	1.0000000000000000e+00
506	4.6093750000000000e+01	2.1093750000000000e+01	1.0000000000000000e+00
507	4.7656250000000000e+01	2.1093750000000000e+01	1.0000000000000000e+00
508	4.9218750000000000e+01	2.1093750000000000e+01	1.0000000000000000e+00
509	5.0000000000000000e+01	2.1093750000000000e+01	1.0000000000000000e+00
510	0.0000000000000000e+00	2.2656250000000000e+01	1.0000000000000000e+00
511	7.8125000000000000e-01	2.2656250000000000e+01	1.0000000000000000e+00
512	2.3437500000000000e+00	2.2656250000000000e+01	1.0000000000000000e+00
513	3.9062500000000000e+00	2.2656250000000000e+01	1.0000000000000000e+00
514	5.4687500000000000e+00	2.2656250000000000e+01	1.0000000000000000e+00
515	7.0312500000000000e+00	2.2656250000000000e+01	1.0000000000000000e+00
516	8.5937500000000000e+00	2.2656250000000000e+01	1.0000000000000000e+00
517	1.0156250000000000e+01	2.2656250000000000e+01	1.0000000000000000e+00
518	1.1718750000000000e+01	2.2656250000000000e+01	1.0000000000000000e+00
519	1.3281250000000000e+01	2.2656250000000000e+01	1.0000000000000000e+00
520	1.4843750000000000e+01	2.2656250000000000e+01	1.0000000000000000e+00
521	1.6406250000000000e+01	2.2656250000000000e+01	1.0000000000000000e+00
522	1.7968750000000000e+01	2.2656250000000000e+01	1.0000000000000000e+00
523	1.9531250000000000e+01	2.2656250000000000e+01	1.0000000000000000e+00
524	2.1093750000000000e+01	2.2656250000000000e+01	1.0000000000000000e+00
525	2.2656250000000000e+01	2.2656250000000000e+01	1.0000000000000000e+00
526	2.4218750000000000e+01	2.2656250000000000e+01	1.0000000000000000e+00
527	2.5781250000000000e+01	2.2656250000000000e+01	1.0000000000000000e+00
528	2.7343750000000000e+01	2.2656250000000000e+01	1.0000000000000000e+00
529	2.8906250000000000e+01	2.2656250000000000e+01	1.0000000000000000e+00
530	3.0468750000000000e+01	2.2656250000000000e+01	1.0000000000000000e+00
531	3.2031250000000000e+01	2.2656250000000000e+01	1.0000000000000000e+00
532	3.3593750000000000e+01	2.2656250000000000e+01	1.0000000000000000e+00
533	3.5156250000000000e+01	2.2656250000000000e+01	1.0000000000000000e+00
534	3.6718750000000000e+01	2.2656250000000000e+01	1.0000000000000000e+00
535	3.8281250000000000e+01	2.2656250000000000e+01	1.0000000000000000e+00
536	3.9843750000000000e+01	2.2656250000000000e+01	1.0000000000000000e+00
537	4.1406250000000000e+01	2.2656250000000000e+01	1.0000000000000000e+00
538	4.2968750000000000e+01	2.2656250000000000e+01	1.0000000000000000e+00
539	4.4531250000000000e+01	2.2656250000000000e+01	1.0000000000000000e+00
540	4.6093750000000000e+01	2.2656250000000000e+01	1.0000000000000000e+00
541	4.7656250000000000e+01	2.2656250000000000e+01	1.0000000000000000e+00
542	4.9218750000000000e+01	2.2656250000000000e+01	1.0000000000000000e+00
543	5.0000000000000000e+01	2.2656250000000000e+01	1.0000000000000000e+00
544	0.0000000000000000e+00	2.4218750000000000e+01	1.0000000000000000e+00
545	7.8125000000000000e-01	2.4218750000000000e+01	1.0000000000000000e+00
546	2.3437500000000000e+00	2.4218750000000000e+01	1.0000000000000000e+00
547	3.9062500000000000e+00	2.4218750000000000e+01	1.0000000000000000e+00
548	5.4687500000000000e+00	2.4218750000000000e+01	1.0000000000000000e+00
549	7.0312500000000000e+00	2.4218750000000000e+01	1.0000000000000000e+00
550	8.5937500000000000e+00	2.4218750000000000e+01	1.0000000000000000e+00
551	1.0156250000000000e+01	2.4218750000000000e+01	1.0000000000000000e+00
552	1.1718750000000000e+01	2.4218750000000000e+01	1.0000000000000000e+00
553	1.3281250000000000e+01	2.4218750000000000e+01	1.0000000000000000e+00
554	1.4843750000000000e+01	2.4218750000000000e+01	1.0000000000000000e+00
555	1.6406250000000000e+01	2.4218750000000000e+01	1.0000000000000000e+00
556	1.7968750000000000e+01	2.4218750000000000e+01	1.0000000000000000e+00
557	1.9531250000000000e+01	2.4218750000000000e+01	1.0000000000000000e+00
558	2.1093750000000000e+01	2.4218750000000000e+01	1.0000000000000000e+00
559	2.2656250000000000e+01	2.4218750000000000e+01	1.0000000000000000e+00
560	2.4218750000000000e+01	2.4218750000000000e+01	1.0000000000000000e+00
561	2.5781250000000000e+01	2.4218750000000000e+01	1.0000000000000000e+00
562	2.7343750000000000e+01	2.4218750000000000e+01	1.0000000000000000e+00
563	2.8906250000000000e+01	2.4218750000000000e+01	1.0000000000000000e+00
564	3.0468750000000000e+01	2.4218750000000000e+01	1.0000000000000000e+00
565	3.2031250000000000e+01	2.4218750000000000e+01	1.0000000000000000e+00
566	3.3593750000000000e+01	2.4218750000000000e+01	1.0000000000000000e+00
567	3.5156250000000000e+01	2.4218750000000000e+01	1.0000000000000000e+00
568	3.6718750000000000e+01	2.4218750000000000e+01	1.0000000000000000e+00
569	3.8281250000000000e+01	2.4218750000000000e+01	1.0000000000000000e+00
570	3.9843750000000000e+01	2.4218750000000000e+01	1.0000000000000000e+00
571	4.1406250000000000e+01	2.4218750000000000e+01	1.0000000000000000e+00
572	4.2968750000000000e+01	2.4218750000000000e+01	1.0000000000000000e+00
573	4.4531250000000000e+01	2.4218750000000000e+01	1.0000000000000000e+00
574	4.6093750000000000e+01	2.4218750000000000e+01	1.0000000000000000e+00
575	4.7656250000000000e+01	2.4218750000000000e+01	1.0000000000000000e+00
576	4.9218750000000000e+01	2.4218750000000000e+01	1.0000000000000000e+00
577	5.0000000000000000e+01	2.4218750000000000e+01	1.0000000000000000e+00
578	0.0000000000000000e+00	2.5781250000000000e+01	1.0000000000000000e+00
579	7.8125000000000000e-01	2.5781250000000000e+01	1.0000000000000000e+00
580	2.3437500000000000e+00	2.5781250000000000e+01	1.0000000000000000e+00
581	3.9062500000000000e+00	2.5781250000000000e+01	1.0000000000000000e+00
582	5.4687500000000000e+00	2.5781250000000000e+01	1.0000000000000000e+00
583	7.0312500000000000e+00	2.5781250000000000e+01	1.0000000000000000e+00
584	8.5937500000000000e+00	2.5781250000000000e+01	1.0000000000000000e+00
585	1.0156250000000000e+01	2.5781250000000000e+01	1.0000000000000000e+00
586	1.1718750000000000e+01	2.5781250000000000e+01	1.0000000000000000e+00
587	1.3281250000000000e+01	2.5781250000000000e+01	1.0000000000000000e+00
588	1.4843750000000000e+01	2.5781250000000000e+01	1.0000000000000000e+00
589	1.6406250000000000e+01	2.5781250000000000e+01	1.0000000000000000e+00
590	1.7968750000000000e+01	2.5781250000000000e+01	1.0000000000000000e+00
591	1.9531250000000000e+01	2.5781250000000000e+01	1.0000000000000000e+00
592	2.1093750000000000e+01	2.5781250000000000e+01	1.0000000000000000e+00
593	2.2656250000000000e+01	2.5781250000000000e+01	1.0000000000000000e+00
594	2.4218750000000000e+01	2.5781250000000000e+01	1.0000000000000000e+00
595	2.5781250000000000e+01	2.5781250000000000e+01	1.0000000000000000e+00
596	2.7343750000000000e+01	2.5781250000000000e+01	1.0000000000000000e+00
597	2.8906250000000000e+01	2.5781250000000000e+01	1.0000000000000000e+00
598	3.0468750000000000e+01	2.5781250000000000e+01	1.0000000000000000e+00
599	3.2031250000000000e+01	2.5781250000000000e+01	1.0000000000000000e+00
600	3.3593750000000000e+01	2.5781250000000000e+01	1.0000000000000000e+00
601	3.5156250000000000e+01	2.5781250000000000e+01	1.0000000000000000e+00
602	3.6718750000000000e+01	2.5781250000000000e+01	1.0000000000000000e+00
603	3.8281250000000000e+01	2.5781250000000000e+01	1.0000000000000000e+00
604	3.9843750000000000e+01	2.5781250000000000e+01	1.0000000000000000e+00
605	4.1406250000000000e+01	2.5781250000000000e+01	1.0000000000000000e+00
606	4.2968750000000000e+01	2.5781250000000000e+01	1.0000000000000000e+00
607	4.4531250000000000e+01	2.5781250000000000e+01	1.0000000000000000e+00
608	4.6093750000000000e+01	2.5781250000000000e+01	1.0000000000000000e+00
609	4.7656250000000000e+01	2.5781250000000000e+01	1.0000000000000000e+00
610	4.9218750000000000e+01	2.5781250000000000e+01	1.0000000000000000e+00
611	5.0000000000000000e+01	2.5781250000000000e+01	1.0000000000000000e+00
612	0.0000000000000000e+00	2.7343750000000000e+01	1.0000000000000000e+00
613	7.8125000000000000e-01	2.7343750000000000e+01	1.0000000000000000e+00
614	2.3437500000000000e+00	2.7343750000000000e+01	1.0000000000000000e+00
615	3.9062500000000000e+00	2.7343750000000000e+01	1.0000000000000000e+00
616	5.4687500000000000e+00	2.7343750000000000e+01	1.0000000000000000e+00
617	7.0312500000000000e+00	2.7343750000000000e+01	1.0000000000000000e+00
618	8.5937500000000000e+00	2.7343750000000000e+01	1.0000000000000000e+00
619	1.0156250000000000e+01	2.7343750000000000e+01	1.0000000000000000e+00
620	1.1718750000000000e+01	2.7343750000000000e+01	1.0000000000000000e+00
621	1.3281250000000000e+01	2.7343750000000000e+01	1.0000000000000000e+00
622	1.4843750000000000e+01	2.7343750000000000e+01	1.0000000000000000e+00
623	1.6406250000000000e+01	2.7343750000000000e+01	1.0000000000000000e+00
624	1.7968750000000000e+01	2.7343750000000000e+01	1.0000000000000000e+00
625	1.9531250000000000e+01	2.7343750000000000e+01	1.0000000000000000e+00
626	2.1093750000000000e+01	2.7343750000000000e+01	1.0000000000000000e+00
627	2.2656250000000000e+01	2.7343750000000000e+01	1.0000000000000000e+00
628	2.4218750000000000e+01	2.7343750000000000e+01	1.0000000000000000e+00
629	2.5781250000000000e+01	2.7343750000000000e+01	1.0000000000000000e+00
630	2.7343750000000000e+01	2.7343750000000000e+01	1.0000000000000000e+00
631	2.8906250000000000e+01	2.7343750000000000e+01	1.0000000000000000e+00
632	3.0468750000000000e+01	2.7343750000000000e+01	1.0000000000000000e+00
633	3.2031250000000000e+01	2.7343750000000000e+01	1.0000000000000000e+00
634	3.3593750000000000e+01	2.7343750000000000e+01	1.0000000000000000e+00
635	3.5156250000000000e+01	2.7343750000000000e+01	1.0000000000000000e+00
636	3.6718750000000000e+01	2.7343750000000000e+01	1.0000000000000000e+00
637	3.8281250000000000e+01	2.7343750000000000e+01	1.0000000000000000e+00
638	3.9843750000000000e+01	2.7343750000000000e+01	1.0000000000000000e+00
639	4.1406250000000000e+01	2.7343750000000000e+01	1.0000000000000000e+00
640	4.2968750000000000e+01	2.7343750000000000e+01	1.0000000000000000e+00
641	4.4531250000000000e+01	2.7343750000000000e+01	1.0000000000000000e+00
642	4.6093750000000000e+01	2.7343750000000000e+01	1.0000000000000000e+00
643	4.7656250000000000e+01	2.7343750000000000e+01	1.0000000000000000e+00
644	4.9218750000000000e+01	2.7343750000000000e+01	1.0000000000000000e+00
645	5.0000000000000000e+01	2.7343750000000000e+01	1.0000000000000000e+00
646	0.0000000000000000e+00	2.8906250000000000e+01	1.0000000000000000e+00
647	7.8125000000000000e-01	2.8906250000000000e+01	1.0000000000000000e+00
648	2.3437500000000000e+00	2.8906250000000000e+01	1.0000000000000000e+00
649	3.9062500000000000e+00	2.8906250000000000e+01	1.0000000000000000e+00
650	5.4687500000000000e+00	2.8906250000000000e+01	1.0000000000000000e+00
651	7.0312500000000000e+00	2.8906250000000000e+01	1.0000000000000000e+00
652	8.5937500000000000e+00	2.8906250000000000e+01	1.0000000000000000e+00
653	1.0156250000000000e+01	2.8906250000000000e+01	1.0000000000000000e+00
654	1.1718750000000000e+01	2.8906250000000000e+01	1.0000000000000000e+00
655	1.3281250000000000e+01	2.8906250000000000e+01	1.0000000000000000e+00
656	1.4843750000000000e+01	2.8906250000000000e+01	1.0000000000000000e+00
657	1.6406250000000000e+01	2.8906250000000000e+01	1.0000000000000000e+00
658	1.7968750000000000e+01	2.8906250000000000e+01	1.0000000000000000e+00
659	1.9531250000000000e+01	2.8906250000000000e+01	1.0000000000000000e+00
660	2.1093750000000000e+01	2.8906250000000000e+01	1.0000000000000000e+00
661	2.2656250000000000e+01	2.8906250000000000e+01	1.0000000000000000e+00
662	2.4218750000000000e+01	2.8906250000000000e+01	1.0000000000000000e+00
663	2.5781250000000000e+01	2.8906250000000000e+01	1.0000000000000000e+00
664	2.7343750000000000e+01	2.8906250000000000e+01	1.0000000000000000e+00
665	2.8906250000000000e+01	2.8906250000000000e+01	1.0000000000000000e+00
666	3.0468750000000000e+01	2.8906250000000000e+01	1.0000000000000000e+00
667	3.2031250000000000e+01	2.8906250000000000e+01	1.0000000000000000e+00
668	3.3593750000000000e+01	2.8906250000000000e+01	1.0000000000000000e+00
669	3.5156250000000000e+01	2.8906250000000000e+01	1.0000000000000000e+00
670	3.6718750000000000e+01	2.8906250000000000e+01	1.0000000000000000e+00
671	3.8281250000000000e+01	2.8906250000000000e+01	1.0000000000000000e+00
672	3.9843750000000000e+01	2.8906250000000000e+01	1.0000000000000000e+00
673	4.1406250000000000e+01	2.8906250000000000e+01	1.0000000000000000e+00
674	4.2968750000000000e+01	2.8906250000000000e+01	1.0000000000000000e+00
675	4.4531250000000000e+01	2.8906250000000000e+01	1.0000000000000000e+00
676	4.6093750000000000e+01	2.8906250000000000e+01	1.0000000000000000e+00
677	4.7656250000000000e+01	2.8906250000000000e+01	1.0000000000000000e+00
678	4.9218750000000000e+01	2.8906250000000000e+01	1.0000000000000000e+00
679	5.0000000000000000e+01	2.8906250000000000e+01	1.0000000000000000e+00
680	0.0000000000000000e+00	3.0468750000000000e+01	1.0000000000000000e+00
681	7.8125000000000000e-01	3.0468750000000000e+01	1.0000000000000000e+00
682	2.3437500000000000e+00	3.0468750000000000e+01	1.0000000000000000e+00
683	3.9062500000000000e+00	3.0468750000000000e+01	1.0000000000000000e+00
684	5.4687500000000000e+00	3.0468750000000000e+01	1.0000000000000000e+00
685	7.0312500000000000e+00	3.0468750000000000e+01	1.0000000000000000e+00
686	8.5937500000000000e+00	3.0468750000000000e+01	1.0000000000000000e+00
687	1.0156250000000000e+01	3.0468750000000000e+01	1.0000000000000000e+00
688	1.1718750000000000e+01	3.0468750000000000e+01	1.0000000000000000e+00
689	1.3281250000000000e+01	3.0468750000000000e+01	1.0000000000000000e+00
690	1.4843750000000000e+01	3.0468750000000000e+01	1.0000000000000000e+00
691	1.6406250000000000e+01	3.0468750000000000e+01	1.0000000000000000e+00
692	1.7968750000000000e+01	3.0468750000000000e+01	1.0000000000000000e+00
693	1.9531250000000000e+01	3.0468750000000000e+01	1.0000000000000000e+00
694	2.1093750000000000e+01	3.0468750000000000e+01	1.0000000000000000e+00
695	2.2656250000000000e+01	3.0468750000000000e+01	1.0000000000000000e+00
696	2.4218750000000000e+01	3.0468750000000000e+01	1.0000000000000000e+00
697	2.5781250000000000e+01	3.0468750000000000e+01	1.0000000000000000e+00
698	2.7343750000000000e+01	3.0468750000000000e+01	1.0000000000000000e+00
699	2.8906250000000000e+01	3.0468750000000000e+01	1.0000000000000000e+00
700	3.0468750000000000e+01	3.0468750000000000e+01	1.0000000000000000e+00
701	3.2031250000000000e+01	3.0468750000000000e+01	1.0000000000000000e+00
702	3.3593750000000000e+01	3.0468750000000000e+01	1.0000000000000000e+00
703	3.5156250000000000e+01	3.0468750000000000e+01	1.0000000000000000e+00
704	3.6718750000000000e+01	3.0468750000000000e+01	1.0000000000000000e+00
705	3.8281250000000000e+01	3.0468750000000000e+01	1.0000000000000000e+00
706	3.9843750000000000e+01	3.0468750000000000e+01	1.0000000000000000e+00
707	4.1406250000000000e+01	3.0468750000000000e+01	1.0000000000000000e+00
708	4.2968750000000000e+01	3.0468750000000000e+01	1.0000000000000000e+00
709	4.4531250000000000e+01	3.0468750000000000e+01	1.0000000000000000e+00
710	4.6093750000000000e+01	3.0468750000000000e+01	1.0000000000000000e+00
711	4.7656250000000000e+01	3.0468750000000000e+01	1.0000000000000000e+00
712	4.9218750000000000e+01	3.0468750000000000e+01	1.0000000000000000e+00
713	5.0000000000000000e+01	3.0468750000000000e+01	1.0000000000000000e+00
714	0.0000000000000000e+00	3.2031250000000000e+01	1.0000000000000000e+00
715	7.8125000000000000e-01	3.2031250000000000e+01	1.0000000000000000e+00
716	2.3437500000000000e+00	3.2031250000000000e+01	1.0000000000000000e+00
717	3.9062500000000000e+00	3.2031250000000000e+01	1.0000000000000000e+00
718	5.4687500000000000e+00	3.2031250000000000e+01	1.0000000000000000e+00
719	7.0312500000000000e+00	3.2031250000000000e+01	1.0000000000000000e+00
720	8.5937500000000000e+00	3.2031250000000000e+01	1.0000000000000000e+00
721	1.0156250000000000e+01	3.2031250000000000e+01	1.0000000000000000e+00
722	1.1718750000000000e+01	3.2031250000000000e+01	1.0000000000000000e+00
723	1.3281250000000000e+01	3.2031250000000000e+01	1.0000000000000000e+00
724	1.4843750000000000e+01	3.2031250000000000e+01	1.0000000000000000e+00
725	1.6406250000000000e+01	3.2031250000000000e+01	1.0000000000000000e+00
726	1.7968750000000000e+01	3.2031250000000000e+01	1.0000000000000000e+00
727	1.9531250000000000e+01	3.2031250000000000e+01	1.0000000000000000e+00
728	2.1093750000000000e+01	3.2031250000000000e+01	1.0000000000000000e+00
729	2.2656250000000000e+01	3.2031250000000000e+01	1.0000000000000000e+00
730	2.4218750000000000e+01	3.2031250000000000e+01	1.0000000000000000e+00
731	2.5781250000000000e+01	3.2031250000000000e+01	1.0000000000000000e+00
732	2.7343750000000000e+01	3.2031250000000000e+01	1.0000000000000000e+00
733	2.8906250000000000e+01	3.2031250000000000e+01	1.0000000000000000e+00
734	3.0468750000000000e+01	3.2031250000000000e+01	1.0000000000000000e+00
735	3.2031250000000000e+01	3.2031250000000000e+01	1.0000000000000000e+00
736	3.3593750000000000e+01	3.2031250000000000e+01	1.0000000000000000e+00
737	3.5156250000000000e+01	3.2031250000000000e+01	1.0000000000000000e+00
738	3.6718750000000000e+01	3.2031250000000000e+01	1.0000000000000000e+00
739	3.8281250000000000e+01	3.2031250000000000e+01	1.0000000000000000e+00
740	3.9843750000000000e+01	3.2031250000000000e+01	1.0000000000000000e+00
741	4.1406250000000000e+01	3.2031250000000000e+01	1.0000000000000000e+00
742	4.2968750000000000e+01	3.2031250000000000e+01	1.0000000000000000e+00
743	4.4531250000000000e+01	3.2031250000000000e+01	1.0000000000000000e+00
744	4.6093750000000000e+01	3.2031250000000000e+01	1.0000000000000000e+00
745	4.7656250000000000e+01	3.2031250000000000e+01	1.0000000000000000e+00
746	4.9218750000000000e+01	3.2031250000000000e+01	1.0000000000000000e+00
747	5.0000000000000000e+01	3.2031250000000000e+01	1.0000000000000000e+00
748	0.0000000000000000e+00	3.3593750000000000e+01	1.0000000000000000e+00
749	7.8125000000000000e-01	3.3593750000000000e+01	1.0000000000000000e+00
750	2.3437500000000000e+00	3.3593750000000000e+01	1.0000000000000000e+00
751	3.9062500000000000e+00	3.3593750000000000e+01	1.0000000000000000e+00
752	5.4687500000000000e+00	3.3593750000000000e+01	1.0000000000000000e+00
753	7.0312500000000000e+00	3.3593750000000000e+01	1.0000000000000000e+00
754	8.5937500000000000e+00	3.3593750000000000e+01	1.0000000000000000e+00
755	1.0156250000000000e+01	3.3593750000000000e+01	1.0000000000000000e+00
756	1.1718750000000000e+01	3.3593750000000000e+01	1.0000000000000000e+00
757	1.3281250000000000e+01	3.3593750000000000e+01	1.0000000000000000e+00
758	1.4843750000000000e+01	3.3593750000000000e+01	1.0000000000000000e+00
759	1.6406250000000000e+01	3.3593750000000000e+01	1.0000000000000000e+00
760	1.7968750000000000e+01	3.3593750000000000e+01	1.0000000000000000e+00
761	1.9531250000000000e+01	3.3593750000000000e+01	1.0000000000000000e+00
762	2.1093750000000000e+01	3.3593750000000000e+01	1.0000000000000000e+00
763	2.2656250000000000e+01	3.3593750000000000e+01	1.0000000000000000e+00
764	2.4218750000000000e+01	3.3593750000000000e+01	1.0000000000000000e+00
765	2.5781250000000000e+01	3.3593750000000000e+01	1.0000000000000000e+00
766	2.7343750000000000e+01	3.3593750000000000e+01	1.0000000000000000e+00
767	2.8906250000000000e+01	3.3593750000000000e+01	1.0000000000000000e+00
768	3.0468750000000000e+01	3.3593750000000000e+01	1.0000000000000000e+00
769	3.2031250000000000e+01	3.3593750000000000e+01	1.0000000000000000e+00
770	3.3593750000000000e+01	3.3593750000000000e+01	1.0000000000000000e+00
771	3.5156250000000000e+01	3.3593750000000000e+01	1.0000000000000000e+00
772	3.6718750000000000e+01	3.3593750000000000e+01	1.0000000000000000e+00
773	3.8281250000000000e+01	3.3593750000000000e+01	1.0000000000000000e+00
774	3.9843750000000000e+01	3.3593750000000000e+01	1.0000000000000000e+00
775	4.1406250000000000e+01	3.3593750000000000e+01	1.0000000000000000e+00
776	4.2968750000000000e+01	3.3593750000000000e+01	1.0000000000000000e+00
777	4.4531250000000000e+01	3.3593750000000000e+01	1.0000000000000000e+00
778	4.6093750000000000e+01	3.3593750000000000e+01	1.0000000000000000e+00
779	4.7656250000000000e+01	3.3593750000000000e+01	1.0000000000000000e+00
780	4.9218750000000000e+01	3.3593750000000000e+01	1.0000000000000000e+00
781	5.0000000000000000e+01	3.3593750000000000e+01	1.0000000000000000e+00
782	0.0000000000000000e+00	3.5156250000000000e+01	1.0000000000000000e+00
783	7.8125000000000000e-01	3.5156250000000000e+01	1.0000000000000000e+00
784	2.3437500000000000e+00	3.5156250000000000e+01	1.0000000000000000e+00
785	3.9062500000000000e+00	3.5156250000000000e+01	1.0000000000000000e+00
786	5.4687500000000000e+00	3.5156250000000000e+01	1.0000000000000000e+00
787	7.0312500000000000e+00	3.5156250000000000e+01	1.0000000000000000e+00
788	8.5937500000000000e+00	3.5156250000000000e+01	1.0000000000000000e+00
789	1.0156250000000000e+01	3.5156250000000000e+01	1.0000000000000000e+00
790	1.1718750000000000e+01	3.5156250000000000e+01	1.0000000000000000e+00
791	1.3281250000000000e+01	3.5156250000000000e+01	1.0000000000000000e+00
792	1.4843750000000000e+01	3.5156250000000000e+01	1.0000000000000000e+00
793	1.6406250000000000e+01	3.5156250000000000e+01	1.0000000000000000e+00
794	1.7968750000000000e+01	3.5156250000000000e+01	1.0000000000000000e+00
795	1.9531250000000000e+01	3.5156250000000000e+01	1.0000000000000000e+00
796	2.1093750000000000e+01	3.5156250000000000e+01	1.0000000000000000e+00
797	2.2656250000000000e+01	3.5156250000000000e+01	1.0000000000000000e+00
798	2.4218750000000000e+01	3.5156250000000000e+01	1.0000000000000000e+00
799	2.5781250000000000e+01	3.5156250000000000e+01	1.0000000000000000e+00
800	2.7343750000000000e+01	3.5156250000000000e+01	1.0000000000000000e+00
801	2.8906250000000000e+01	3.5156250000000000e+01	1.0000000000000000e+00
802	3.0468750000000000e+01	3.5156250000000000e+01	1.0000000000000000e+00
803	3.2031250000000000e+01	3.5156250000000000e+01	1.0000000000000000e+00
804	3.3593750000000000e+01	3.5156250000000000e+01	1.0000000000000000e+00
805	3.5156250000000000e+01	3.5156250000000000e+01	1.0000000000000000e+00
806	3.6718750000000000e+01	3.5156250000000000e+01	1.0000000000000000e+00
807	3.8281250000000000e+01	3.5156250000000000e+01	1.0000000000000000e+00
808	3.9843750000000000e+01	3.5156250000000000e+01	1.0000000000000000e+00
809	4.1406250000000000e+01	3.5156250000000000e+01	1.0000000000000000e+00
810	4.2968750000000000e+01	3.5156250000000000e+01	1.0000000000000000e+00
811	4.4531250000000000e+01	3.5156250000000000e+01	1.0000000000000000e+00
812	4.6093750000000000e+01	3.5156250000000000e+01	1.0000000000000000e+00
813	4.7656250000000000e+01	3.5156250000000000e+01	1.0000000000000000e+00
814	4.9218750000000000e+01	3.5156250000000000e+01	1.0000000000000000e+00
815	5.0000000000000000e+01	3.5156250000000000e+01	1.0000000000000000e+00
816	0.0000000000000000e+00	3.6718750000000000e+01	1.0000000000000000e+00
817	7.8125000000000000e-01	3.6718750000000000e+01	1.0000000000000000e+00
818	2.3437500000000000e+00	3.6718750000000000e+01	1.0000000000000000e+00
819	3.9062500000000000e+00	3.6718750000000000e+01	1.0000000000000000e+00
820	5.4687500000000000e+00	3.6718750000000000e+01	1.0000000000000000e+00
821	7.0312500000000000e+00	3.6718750000000000e+01	1.0000000000000000e+00
822	8.5937500000000000e+00	3.6718750000000000e+01	1.0000000000000000e+00
823	1.0156250000000000e+01	3.6718750000000000e+01	1.0000000000000000e+00
824	1.1718750000000000e+01	3.6718750000000000e+01	1.0000000000000000e+00
825	1.3281250000000000e+01	3.6718750000000000e+01	1.0000000000000000e+00
826	1.4843750000000000e+01	3.6718750000000000e+01	1.0000000000000000e+00
827	1.6406250000000000e+01	3.6718750000000000e+01	1.0000000000000000e+00
828	1.7968750000000000e+01	3.6718750000000000e+01	1.0000000000000000e+00
829	1.9531250000000000e+01	3.6718750000000000e+01	1.0000000000000000e+00
830	2.1093750000000000e+01	3.6718750000000000e+01	1.0000000000000000e+00
831	2.2656250000000000e+01	3.6718750000000000e+01	1.0000000000000000e+00
832	2.4218750000000000e+01	3.6718750000000000e+01	1.0000000000000000e+00
833	2.5781250000000000e+01	3.6718750000000000e+01	1.0000000000000000e+00
834	2.7343750000000000e+01	3.6718750000000000e+01	1.0000000000000000e+00
835	2.8906250000000000e+01	3.6718750000000000e+01	1.0000000000000000e+00
836	3.0468750000000000e+01	3.6718750000000000e+01	1.0000000000000000e+00
837	3.2031250000000000e+01	3.6718750000000000e+01	1.0000000000000000e+00
838	3.3593750000000000e+01	3.6718750000000000e+01	1.0000000000000000e+00
839	3.5156250000000000e+01	3.6718750000000000e+01	1.0000000000000000e+00
840	3.6718750000000000e+01	3.6718750000000000e+01	1.0000000000000000e+00
841	3.8281250000000000e+01	3.6718750000000000e+01	1.0000000000000000e+00
842	3.9843750000000000e+01	3.6718750000000000e+01	1.0000000000000000e+00
843	4.1406250000000000e+01	3.6718750000000000e+01	1.0000000000000000e+00
844	4.2968750000000000e+01	3.6718750000000000e+01	1.0000000000000000e+00
845	4.4531250000000000e+01	3.6718750000000000e+01	1.0000000000000000e+00
846	4.6093750000000000e+01	3.6718750000000000e+01	1.0000000000000000e+00
847	4.7656250000000000e+01	3.6718750000000000e+01	1.0000000000000000e+00
848	4.9218750000000000e+01	3.6718750000000000e+01	1.0000000000000000e+00
849	5.0000000000000000e+01	3.6718750000000000e+01	1.0000000000000000e+00
850	0.0000000000000000e+00	3.8281250000000000e+01	1.0000000000000000e+00
851	7.8125000000000000e-01	3.8281250000000000e+01	1.0000000000000000e+00
852	2.3437500000000000e+00	3.8281250000000000e+01	1.0000000000000000e+00
853	3.9062500000000000e+00	3.8281250000000000e+01	1.0000000000000000e+00
854	5.4687500000000000e+00	3.8281250000000000e+01	1.0000000000000000e+00
855	7.0312500000000000e+00	3.8281250000000000e+01	1.0000000000000000e+00
856	8.5937500000000000e+00	3.8281250000000000e+01	1.0000000000000000e+00
857	1.0156250000000000e+01	3.8281250000000000e+01	1.0000000000000000e+00
858	1.1718750000000000e+01	3.8281250000000000e+01	1.0000000000000000e+00
859	1.3281250000000000e+01	3.8281250000000000e+01	1.0000000000000000e+00
860	1.4843750000000000e+01	3.8281250000000000e+01	1.0000000000000000e+00
861	1.6406250000000000e+01	3.8281250000000000e+01	1.0000000000000000e+00
862	1.7968750000000000e+01	3.8281250000000000e+01	1.0000000000000000e+00
863	1.9531250000000000e+01	3.8281250000000000e+01	1.0000000000000000e+00
864	2.1093750000000000e+01	3.8281250000000000e+01	1.0000000000000000e+00
865	2.2656250000000000e+01	3.8281250000000000e+01	1.0000000000000000e+00
866	2.4218750000000000e+01	3.8281250000000000e+01	1.0000000000000000e+00
867	2.5781250000000000e+01	3.8281250000000000e+01	1.0000000000000000e+00
868	2.7343750000000000e+01	3.8281250000000000e+01	1.0000000000000000e+00
869	2.8906250000000000e+01	3.8281250000000000e+01	1.0000000000000000e+00
870	3.0468750000000000e+01	3.8281250000000000e+01	1.0000000000000000e+00
871	3.2031250000000000e+01	3.8281250000000000e+01	1.0000000000000000e+00
872	3.3593750000000000e+01	3.8281250000000000e+01	1.0000000000000000e+00
873	3.5156250000000000e+01	3.8281250000000000e+01	1.0000000000000000e+00
874	3.6718750000000000e+01	3.8281250000000000e+01	1.0000000000000000e+00
875	3.8281250000000000e+01	3.8281250000000000e+01	1.0000000000000000e+00
876	3.9843750000000000e+01	3.8281250000000000e+01	1.0000000000000000e+00
877	4.1406250000000000e+01	3.8281250000000000e+01	1.0000000000000000e+00
878	4.2968750000000000e+01	3.8281250000000000e+01	1.0000000000000000e+00
879	4.4531250000000000e+01	3.8281250000000000e+01	1.0000000000000000e+00
880	4.6093750000000000e+01	3.8281250000000000e+01	1.0000000000000000e+00
881	4.7656250000000000e+01	3.8281250000000000e+01	1.0000000000000000e+00
882	4.9218750000000000e+01	3.8281250000000000e+01	1.0000000000000000e+00
883	5.0000000000000000e+01	3.8281250000000000e+01	1.0000000000000000e+00
884	0.0000000000000000e+00	3.9843750000000000e+01	1.0000000000000000e+00
885	7.8125000000000000e-01	3.9843750000000000e+01	1.0000000000000000e+00
886	2.3437500000000000e+00	3.9843750000000000e+01	1.0000000000000000e+00
887	3.9062500000000000e+00	3.9843750000000000e+01	1.0000000000000000e+00
888	5.4687500000000000e+00	3.9843750000000000e+01	1.0000000000000000e+00
889	7.0312500000000000e+00	3.9843750000000000e+01	1.0000000000000000e+00
890	8.5937500000000000e+00	3.9843750000000000e+01	1.0000000000000000e+00
891	1.0156250000000000e+01	3.9843750000000000e+01	1.0000000000000000e+00
892	1.1718750000000000e+01	3.9843750000000000e+01	1.0000000000000000e+00
893	1.3281250000000000e+01	3.9843750000000000e+01	1.0000000000000000e+00
894	1.4843750000000000e+01	3.9843750000000000e+01	1.0000000000000000e+00
895	1.6406250000000000e+01	3.9843750000000000e+01	1.0000000000000000e+00
896	1.7968750000000000e+01	3.9843750000000000e+01	1.0000000000000000e+00
897	1.9531250000000000e+01	3.9843750000000000e+01	1.0000000000000000e+00
898	2.1093750000000000e+01	3.9843750000000000e+01	1.0000000000000000e+00
899	2.2656250000000000e+01	3.9843750000000000e+01	1.0000000000000000e+00
900	2.4218750000000000e+01	3.9843750000000000e+01	1.0000000000000000e+00
901	2.5781250000000000e+01	3.9843750000000000e+01	1.0000000000000000e+00
902	2.7343750000000000e+01	3.9843750000000000e+01	1.0000000000000000e+00
903	2.8906250000000000e+01	3.9843750000000000e+01	1.0000000000000000e+00
904	3.0468750000000000e+01	3.9843750000000000e+01	1.0000000000000000e+00
905	3.2031250000000000e+01	3.9843750000000000e+01	1.0000000000000000e+00
906	3.3593750000000000e+01	3.9843750000000000e+01	1.0000000000000000e+00
907	3.5156250000000000e+01	3.9843750000000000e+01	1.0000000000000000e+00
908	3.6718750000000000e+01	3.9843750000000000e+01	1.0000000000000000e+00
909	3.8281250000000000e+01	3.9843750000000000e+01	1.0000000000000000e+00
910	3.9843750000000000e+01	3.9843750000000000e+01	1.0000000000000000e+00
911	4.1406250000000000e+01	3.9843750000000000e+01	1.0000000000000000e+00
912	4.2968750000000000e+01	3.9843750000000000e+01	1.0000000000000000e+00
913	4.4531250000000000e+01	3.9843750000000000e+01	1.0000000000000000e+00
914	4.6093750000000000e+01	3.9843750000000000e+01	1.0000000000000000e+00
915	4.7656250000000000e+01	3.9843750000000000e+01	1.0000000000000000e+00
916	4.9218750000000000e+01	3.9843750000000000e+01	1.0000000000000000e+00
917	5.0000000000000000e+01	3.9843750000000000e+01	1.0000000000000000e+00
918	0.0000000000000000e+00	4.1406250000000000e+01	1.0000000000000000e+00
919	7.8125000000000000e-01	4.1406250000000000e+01	1.0000000000000000e+00
920	2.3437500000000000e+00	4.1406250000000000e+01	1.0000000000000000e+00
921	3.9062500000000000e+00	4.1406250000000000e+01	1.0000000000000000e+00
922	5.4687500000000000e+00	4.1406250000000000e+01	1.0000000000000000e+00
923	7.0312500000000000e+00	4.1406250000000000e+01	1.0000000000000000e+00
924	8.5937500000000000e+00	4.1406250000000000e+01	1.0000000000000000e+00
925	1.0156250000000000e+01	4.1406250000000000e+01	1.0000000000000000e+00
926	1.1718750000000000e+01	4.1406250000000000e+01	1.0000000000000000e+00
927	1.3281250000000000e+01	4.1406250000000000e+01	1.0000000000000000e+00
928	1.4843750000000000e+01	4.1406250000000000e+01	1.0000000000000000e+00
929	1.6406250000000000e+01	4.1406250000000000e+01	1.0000000000000000e+00
930	1.7968750000000000e+01	4.1406250000000000e+01	1.0000000000000000e+00
931	1.9531250000000000e+01	4.1406250000000000e+01	1.0000000000000000e+00
932	2.1093750000000000e+01	4.1406250000000000e+01	1.0000000000000000e+00
933	2.2656250000000000e+01	4.1406250000000000e+01	1.0000000000000000e+00
934	2.4218750000000000e+01	4.1406250000000000e+01	1.0000000000000000e+00
935	2.5781250000000000e+01	4.1406250000000000e+01	1.0000000000000000e+00
936	2.7343750000000000e+01	4.1406250000000000e+01	1.0000000000000000e+00
937	2.8906250000000000e+01	4.1406250000000000e+01	1.0000000000000000e+00
938	3.0468750000000000e+01	4.1406250000000000e+01	1.0000000000000000e+00
939	3.2031250000000000e+01	4.1406250000000000e+01	1.0000000000000000e+00
940	3.3593750000000000e+01	4.1406250000000000e+01	1.0000000000000000e+00
941	3.5156250000000000e+01	4.1406250000000000e+01	1.0000000000000000e+00
942	3.6718750000000000e+01	4.1406250000000000e+01	1.0000000000000000e+00
943	3.8281250000000000e+01	4.1406250000000000e+01	1.0000000000000000e+00
944	3.9843750000000000e+01	4.1406250000000000e+01	1.0000000000000000e+00
945	4.1406250000000000e+01	4.1406250000000000e+01	1.0000000000000000e+00
946	4.2968750000000000e+01	4.1406250000000000e+01	1.0000000000000000e+00
947	4.4531250000000000e+01	4.1406250000000000e+01	1.0000000000000000e+00
948	4.6093750000000000e+01	4.1406250000000000e+01	1.0000000000000000e+00
949	4.7656250000000000e+01	4.1406250000000000e+01	1.0000000000000000e+00
950	4.9218750000000000e+01	4.1406250000000000e+01	1.0000000000000000e+00
951	5.0000000000000000e+01	4.1406250000000000e+01	1.0000000000000000e+00
952	0.0000000000000000e+00	4.2968750000000000e+01	1.0000000000000000e+00
953	7.8125000000000000e-01	4.2968750000000000e+01	1.0000000000000000e+00
954	2.3437500000000000e+00	4.2968750000000000e+01	1.0000000000000000e+00
955	3.9062500000000000e+00	4.2968750000000000e+01	1.0000000000000000e+00
956	5.4687500000000000e+00	4.2968750000000000e+01	1.0000000000000000e+00
957	7.0312500000000000e+00	4.2968750000000000e+01	1.0000000000000000e+00
958	8.5937500000000000e+00	4.2968750000000000e+01	1.0000000000000000e+00
959	1.0156250000000000e+01	4.2968750000000000e+01	1.0000000000000000e+00
960	1.1718750000000000e+01	4.2968750000000000e+01	1.0000000000000000e+00
961	1.3281250000000000e+01	4.2968750000000000e+01	1.0000000000000000e+00
962	1.4843750000000000e+01	4.2968750000000000e+01	1.0000000000000000e+00
963	1.6406250000000000e+01	4.2968750000000000e+01	1.0000000000000000e+00
964	1.7968750000000000e+01	4.2968750000000000e+01	1.0000000000000000e+00
965	1.9531250000000000e+01	4.2968750000000000e+01	1.0000000000000000e+00
966	2.1093750000000000e+01	4.2968750000000000e+01	1.0000000000000000e+00
967	2.2656250000000000e+01	4.2968750000000000e+01	1.0000000000000000e+00
968	2.4218750000000000e+01	4.2968750000000000e+01	1.0000000000000000e+00
969	2.5781250000000000e+01	4.2968750000000000e+01	1.0000000000000000e+00
970	2.7343750000000000e+01	4.2968750000000000e+01	1.0000000000000000e+00
971	2.8906250000000000e+01	4.2968750000000000e+01	1.0000000000000000e+00
972	3.0468750000000000e+01	4.2968750000000000e+01	1.0000000000000000e+00
973	3.2031250000000000e+01	4.2968750000000000e+01	1.0000000000000000e+00
974	3.3593750000000000e+01	4.2968750000000000e+01	1.0000000000000000e+00
975	3.5156250000000000e+01	4.2968750000000000e+01	1.0000000000000000e+00
976	3.6718750000000000e+01	4.2968750000000000e+01	1.0000000000000000e+00
977	3.8281250000000000e+01	4.2968750000000000e+01	1.0000000000000000e+00
978	3.9843750000000000e+01	4.2968750000000000e+01	1.0000000000000000e+00
979	4.1406250000000000e+01	4.2968750000000000e+01	1.0000000000000000e+00
980	4.2968750000000000e+01	4.2968750000000000e+01	1.0000000000000000e+00
981	4.4531250000000000e+01	4.2968750000000000e+01	1.0000000000000000e+00
982	4.6093750000000000e+01	4.2968750000000000e+01	1.0000000000000000e+00
983	4.7656250000000000e+01	4.2968750000000000e+01	1.0000000000000000e+00
984	4.9218750000000000e+01	4.2968750000000000e+01	1.0000000000000000e+00
985	5.0000000000000000e+01	4.2968750000000000e+01	1.0000000000000000e+00
986	0.0000000000000000e+00	4.4531250000000000e+01	1.0000000000000000e+00
987	7.8125000000000000e-01	4.4531250000000000e+01	1.0000000000000000e+00
988	2.3437500000000000e+00	4.4531250000000000e+01	1.0000000000000000e+00
989	3.9062500000000000e+00	4.4531250000000000e+01	1.0000000000000000e+00
990	5.4687500000000000e+00	4.4531250000000000e+01	1.0000000000000000e+00
991	7.0312500000000000e+00	4.4531250000000000e+01	1.0000000000000000e+00
992	8.5937500000000000e+00	4.4531250000000000e+01	1.0000000000000000e+00
993	1.0156250000000000e+01	4.4531250000000000e+01	1.0000000000000000e+00
994	1.1718750000000000e+01	4.4531250000000000e+01	1.0000000000000000e+00
995	1.3281250000000000e+01	4.4531250000000000e+01	1.0000000000000000e+00
996	1.4843750000000000e+01	4.4531250000000000e+01	1.0000000000000000e+00
997	1.6406250000000000e+01	4.4531250000000000e+01	1.0000000000000000e+00
998	1.7968750000000000e+01	4.4531250000000000e+01	1.0000000000000000e+00
999	1.9531250000000000e+01	4.4531250000000000e+01	1.0000000000000000e+00
1000	2.1093750000000000e+01	4.4531250000000000e+01	1.0000000000000000e+00
1001	2.2656250000000000e+01	4.4531250000000000e+01	1.0000000000000000e+00
1002	2.4218750000000000e+01	4.4531250000000000e+01	1.0000000000000000e+00
1003	2.5781250000000000e+01	4.4531250000000000e+01	1.0000000000000000e+00
1004	2.7343750000000000e+01	4.4531250000000000e+01	1.0000000000000000e+00
1005	2.8906250000000000e+01	4.4531250000000000e+01	1.0000000000000000e+00
1006	3.0468750000000000e+01	4.4531250000000000e+01	1.0000000000000000e+00
1007	3.2031250000000000e+01	4.4531250000000000e+01	1.0000000000000000e+00
1008	3.3593750000000000e+01	4.4531250000000000e+01	1.0000000000000000e+00
1009	3.5156250000000000e+01	4.4531250000000000e+01	1.0000000000000000e+00
1010	3.6718750000000000e+01	4.4531250000000000e+01	1.0000000000000000e+00
1011	3.8281250000000000e+01	4.4531250000000000e+01	1.0000000000000000e+00
1012	3.9843750000000000e+01	4.4531250000000000e+01	1.0000000000000000e+00
1013	4.1406250000000000e+01	4.4531250000000000e+01	1.0000000000000000e+00
1014	4.2968750000000000e+01	4.4531250000000000e+01	1.0000000000000000e+00
1015	4.4531250000000000e+01	4.4531250000000000e+01	1.0000000000000000e+00
1016	4.6093750000000000e+01	4.4531250000000000e+01	1.0000000000000000e+00
1017	4.7656250000000000e+01	4.4531250000000000e+01	1.0000000000000000e+00
1018	4.9218750000000000e+01	4.4531250000000000e+01	1.0000000000000000e+00
1019	5.0000000000000000e+01	4.4531250000000000e+01	1.0000000000000000e+00
1020	0.0000000000000000e+00	4.6093750000000000e+01	1.0000000000000000e+00
1021	7.8125000000000000e-01	4.6093750000000000e+01	1.0000000000000000e+00
1022	2.3437500000000000e+00	4.6093750000000000e+01	1.0000000000000000e+00
1023	3.9062500000000000e+00	4.6093750000000000e+01	1.0000000000000000e+00
1024	5.4687500000000000e+00	4.6093750000000000e+01	1.0000000000000000e+00
1025	7.0312500000000000e+00	4.6093750000000000e+01	1.0000000000000000e+00
1026	8.5937500000000000e+00	4.6093750000000000e+01	1.0000000000000000e+00
1027	1.0156250000000000e+01	4.6093750000000000e+01	1.0000000000000000e+00
1028	1.1718750000000000e+01	4.6093750000000000e+01	1.0000000000000000e+00
1029	1.3281250000000000e+01	4.6093750000000000e+01	1.0000000000000000e+00
1030	1.4843750000000000e+01	4.6093750000000000e+01	1.0000000000000000e+00
1031	1.6406250000000000e+01	4.6093750000000000e+01	1.0000000000000000e+00
1032	1.7968750000000000e+01	4.6093750000000000e+01	1.0000000000000000e+00
1033	1.9531250000000000e+01	4.6093750000000000e+01	1.0000000000000000e+00
1034	2.1093750000000000e+01	4.6093750000000000e+01	1.0000000000000000e+00
1035	2.2656250000000000e+01	4.6093750000000000e+01	1.0000000000000000e+00
1036	2.4218750000000000e+01	4.6093750000000000e+01	1.0000000000000000e+00
1037	2.5781250000000000e+01	4.6093750000000000e+01	1.0000000000000000e+00
1038	2.7343750000000000e+01	4.6093750000000000e+01	1.0000000000000000e+00
1039	2.8906250000000000e+01	4.6093750000000000e+01	1.0000000000000000e+00
1040	3.0468750000000000e+01	4.6093750000000000e+01	1.0000000000000000e+00
1041	3.2031250000000000e+01	4.6093750000000000e+01	1.0000000000000000e+00
1042	3.3593750000000000e+01	4.6093750000000000e+01	1.0000000000000000e+00
1043	3.5156250000000000e+01	4.6093750000000000e+01	1.0000000000000000e+00
1044	3.6718750000000000e+01	4.6093750000000000e+01	1.0000000000000000e+00
1045	3.8281250000000000e+01	4.6093750000000000e+01	1.0000000000000000e+00
1046	3.9843750000000000e+01	4.6093750000000000e+01	1.0000000000000000e+00
1047	4.1406250000000000e+01	4.6093750000000000e+01	1.0000000000000000e+00
1048	4.2968750000000000e+01	4.6093750000000000e+01	1.0000000000000000e+00
1049	4.4531250000000000e+01	4.6093750000000000e+01	1.0000000000000000e+00
1050	4.6093750000000000e+01	4.6093750000000000e+01	1.0000000000000000e+00
1051	4.7656250000000000e+01	4.6093750000000000e+01	1.0000000000000000e+00
1052	4.9218750000000000e+01	4.6093750000000000e+01	1.0000000000000000e+00
1053	5.0000000000000000e+01	4.6093750000000000e+01	1.0000000000000000e+00
1054	0.0000000000000000e+00	4.7656250000000000e+01	1.0000000000000000e+00
1055	7.8125000000000000e-01	4.7656250000000000e+01	1.0000000000000000e+00
1056	2.3437500000000000e+00	4.7656250000000000e+01	1.0000000000000000e+00
1057	3.9062500000000000e+00	4.7656250000000000e+01	1.0000000000000000e+00
1058	5.4687500000000000e+00	4.7656250000000000e+01	1.0000000000000000e+00
1059	7.0312500000000000e+00	4.7656250000000000e+01	1.0000000000000000e+00
1060	8.5937500000000000e+00	4.7656250000000000e+01	1.0000000000000000e+00
1061	1.0156250000000000e+01	4.7656250000000000e+01	1.0000000000000000e+00
1062	1.1718750000000000e+01	4.7656250000000000e+01	1.0000000000000000e+00
1063	1.3281250000000000e+01	4.7656250000000000e+01	1.0000000000000000e+00
1064	1.4843750000000000e+01	4.7656250000000000e+01	1.0000000000000000e+00
1065	1.6406250000000000e+01	4.7656250000000000e+01	1.0000000000000000e+00
1066	1.7968750000000000e+01	4.7656250000000000e+01	1.0000000000000000e+00
1067	1.9531250000000000e+01	4.7656250000000000e+01	1.0000000000000000e+00
1068	2.1093750000000000e+01	4.7656250000000000e+01	1.0000000000000000e+00
1069	2.2656250000000000e+01	4.7656250000000000e+01	1.0000000000000000e+00
1070	2.4218750000000000e+01	4.7656250000000000e+01	1.0000000000000000e+00
1071	2.5781250000000000e+01	4.7656250000000000e+01	1.0000000000000000e+00
1072	2.7343750000000000e+01	4.7656250000000000e+01	1.0000000000000000e+00
1073	2.8906250000000000e+01	4.7656250000000000e+01	1.0000000000000000e+00
1074	3.0468750000000000e+01	4.7656250000000000e+01	1.0000000000000000e+00
1075	3.2031250000000000e+01	4.7656250000000000e+01	1.0000000000000000e+00
1076	3.3593750000000000e+01	4.7656250000000000e+01	1.0000000000000000e+00
1077	3.5156250000000000e+01	4.7656250000000000e+01	1.0000000000000000e+00
1078	3.6718750000000000e+01	4.7656250000000000e+01	1.0000000000000000e+00
1079	3.8281250000000000e+01	4.7656250000000000e+01	1.0000000000000000e+00
1080	3.9843750000000000e+01	4.7656250000000000e+01	1.0000000000000000e+00
1081	4.1406250000000000e+01	4.7656250000000000e+01	1.0000000000000000e+00
1082	4.2968750000000000e+01	4.7656250000000000e+01	1.0000000000000000e+00
1083	4.4531250000000000e+01	4.7656250000000000e+01	1.0000000000000000e+00
1084	4.6093750000000000e+01	4.7656250000000000e+01	1.0000000000000000e+00
1085	4.7656250000000000e+01	4.7656250000000000e+01	1.0000000000000000e+00
1086	4.9218750000000000e+01	4.7656250000000000e+01	1.0000000000000000e+00
1087	5.0000000000000000e+01	4.7656250000000000e+01	1.0000000000000000e+00
1088	0.0000000000000000e+00	4.9218750000000000e+01	1.0000000000000000e+00
1089	7.8125000000000000e-01	4.9218750000000000e+01	1.0000000000000000e+00
1090	2.3437500000000000e+00	4.9218750000000000e+01	1.0000000000000000e+00
1091	3.9062500000000000e+00	4.9218750000000000e+01	1.0000000000000000e+00
1092	5.4687500000000000e+00	4.9218750000000000e+01	1.0000000000000000e+00
1093	7.0312500000000000e+00	4.9218750000000000e+01	1.0000000000000000e+00
1094	8.5937500000000000e+00	4.9218750000000000e+01	1.0000000000000000e+00
1095	1.0156250000000000e+01	4.9218750000000000e+01	1.0000000000000000e+00
1096	1.1718750000000000e+01	4.9218750000000000e+01	1.0000000000000000e+00
1097	1.3281250000000000e+01	4.9218750000000000e+01	1.0000000000000000e+00
1098	1.4843750000000000e+01	4.9218750000000000e+01	1.0000000000000000e+00
1099	1.6406250000000000e+01	4.9218750000000000e+01	1.0000000000000000e+00
1100	1.7968750000000000e+01	4.9218750000000000e+01	1.0000000000000000e+00
1101	1.9531250000000000e+01	4.9218750000000000e+01	1.0000000000000000e+00
1102	2.1093750000000000e+01	4.9218750000000000e+01	1.0000000000000000e+00
1103	2.2656250000000000e+01	4.9218750000000000e+01	1.0000000000000000e+00
1104	2.4218750000000000e+01	4.9218750000000000e+01	1.0000000000000000e+00
1105	2.5781250000000000e+01	4.9218750000000000e+01	1.0000000000000000e+00
1106	2.7343750000000000e+01	4.9218750000000000e+01	1.0000000000000000e+00
1107	2.8906250000000000e+01	4.9218750000000000e+01	1.0000000000000000e+00
1108	3.0468750000000000e+01	4.9218750000000000e+01	1.0000000000000000e+00
1109	3.2031250000000000e+01	4.9218750000000000e+01	1.0000000000000000e+00
1110	3.3593750000000000e+01	4.9218750000000000e+01	1.0000000000000000e+00
1111	3.5156250000000000e+01	4.9218750000000000e+01	1.0000000000000000e+00
1112	3.6718750000000000e+01	4.9218750000000000e+01	1.0000000000000000e+00
1113	3.8281250000000000e+01	4.9218750000000000e+01	1.0000000000000000e+00
1114	3.9843750000000000e+01	4.9218750000000000e+01	1.0000000000000000e+00
1115	4.1406250000000000e+01	4.9218750000000000e+01	1.0000000000000000e+00
1116	4.2968750000000000e+01	4.9218750000000000e+01	1.0000000000000000e+00
1117	4.4531250000000000e+01	4.9218750000000000e+01	1.0000000000000000e+00
1118	4.6093750000000000e+01	4.9218750000000000e+01	1.0000000000000000e+00
1119	4.7656250000000000e+01	4.9218750000000000e+01	1.0000000000000000e+00
1120	4.9218750000000000e+01	4.9218750000000000e+01	1.0000000000000000e+00
1121	5.0000000000000000e+01	4.9218750000000000e+01	1.0000000000000000e+00
1122	0.0000000000000000e+00	5.0000000000000000e+01	1.0000000000000000e+00
1123	7.8125000000000000e-01	5.0000000000000000e+01	1.0000000000000000e+00
1124	2.3437500000000000e+00	5.0000000000000000e+01	1.0000000000000000e+00
1125	3.9062500000000000e+00	5.0000000000000000e+01	1.0000000000000000e+00
1126	5.4687500000000000e+00	5.0000000000000000e+01	1.0000000000000000e+00
1127	7.0312500000000000e+00	5.0000000000000000e+01	1.0000000000000000e+00
1128	8.5937500000000000e+00	5.0000000000000000e+01	1.0000000000000000e+00
1129	1.0156250000000000e+01	5.0000000000000000e+01	1.0000000000000000e+00
1130	1.1718750000000000e+01	5.0000000000000000e+01	1.0000000000000000e+00
1131	1.3281250000000000e+01	5.0000000000000000e+01	1.0000000000000000e+00
1132	1.4843750000000000e+01	5.0000000000000000e+01	1.0000000000000000e+00
1133	1.6406250000000000e+01	5.0000000000000000e+01	1.0000000000000000e+00
1134	1.7968750000000000e+01	5.0000000000000000e+01	1.0000000000000000e+00
1135	1.9531250000000000e+01	5.0000000000000000e+01	1.0000000000000000e+00
1136	2.1093750000000000e+01	5.0000000000000000e+01	1.0000000000000000e+00
1137	2.2656250000000000e+01	5.0000000000000000e+01	1.0000000000000000e+00
1138	2.4218750000000000e+01	5.0000000000000000e+01	1.0000000000000000e+00
1139	2.5781250000000000e+01	5.0000000000000000e+01	1.0000000000000000e+00
1140	2.7343750000000000e+01	5.0000000000000000e+01	1.0000000000000000e+00
1141	2.8906250000000000e+01	5.0000000000000000e+01	1.0000000000000000e+00
1142	3.0468750000000000e+01	5.0000000000000000e+01	1.0000000000000000e+00
1143	3.2031250000000000e+01	5.0000000000000000e+01	1.0000000000000000e+00
1144	3.3593750000000000e+01	5.0000000000000000e+01	1.0000000000000000e+00
1145	3.5156250000000000e+01	5.0000000000000000e+01	1.0000000000000000e+00
1146	3.6718750000000000e+01	5.0000000000000000e+01	1.0000000000000000e+00
1147	3.8281250000000000e+01	5.0000000000000000e+01	1.0000000000000000e+00
1148	3.9843750000000000e+01	5.0000000000000000e+01	1.0000000000000000e+00
1149	4.1406250000000000e+01	5.0000000000000000e+01	1.0000000000000000e+00
1150	4.2968750000000000e+01	5.0000000000000000e+01	1.0000000000000000e+00
1151	4.4531250000000000e+01	5.0000000000000000e+01	1.0000000000000000e+00
1152	4.6093750000000000e+01	5.0000000000000000e+01	1.0000000000000000e+00
1153	4.7656250000000000e+01	5.0000000000000000e+01	1.0000000000000000e+00
1154	4.9218750000000000e+01	5.0000000000000000e+01	1.0000000000000000e+00
1155	5.0000000000000000e+01	5.0000000000000000e+01	1.0000000000000000e+00
