input file name:	arc_glo2_18x18.txt

Total Control Point
324

Order
2	2

number of knot vector
21	21

number of Control Point
18	18

knot vector
0.0000000000000000e+00	0.0000000000000000e+00	0.0000000000000000e+00	6.2500000000000000e-02	1.2500000000000000e-01	1.8750000000000000e-01	2.5000000000000000e-01	3.1250000000000000e-01	3.7500000000000000e-01	4.3750000000000000e-01	5.0000000000000000e-01	5.6250000000000000e-01	6.2500000000000000e-01	6.8750000000000000e-01	7.5000000000000000e-01	8.1250000000000000e-01	8.7500000000000000e-01	9.3750000000000000e-01	1.0000000000000000e+00	1.0000000000000000e+00	1.0000000000000000e+00
0.0000000000000000e+00	0.0000000000000000e+00	0.0000000000000000e+00	6.2500000000000000e-02	1.2500000000000000e-01	1.8750000000000000e-01	2.5000000000000000e-01	3.1250000000000000e-01	3.7500000000000000e-01	4.3750000000000000e-01	5.0000000000000000e-01	5.6250000000000000e-01	6.2500000000000000e-01	6.8750000000000000e-01	7.5000000000000000e-01	8.1250000000000000e-01	8.7500000000000000e-01	9.3750000000000000e-01	1.0000000000000000e+00	1.0000000000000000e+00	1.0000000000000000e+00

coordinate of Control Point
0	0.0000000000000000e+00	0.0000000000000000e+00	1.0000000000000000e+00
1	1.5625000000000000e+00	0.0000000000000000e+00	1.0000000000000000e+00
2	4.6875000000000000e+00	0.0000000000000000e+00	1.0000000000000000e+00
3	7.8125000000000000e+00	0.0000000000000000e+00	1.0000000000000000e+00
4	1.0937500000000000e+01	0.0000000000000000e+00	1.0000000000000000e+00
5	1.4062500000000000e+01	0.0000000000000000e+00	1.0000000000000000e+00
6	1.7187500000000000e+01	0.0000000000000000e+00	1.0000000000000000e+00
7	2.0312500000000000e+01	0.0000000000000000e+00	1.0000000000000000e+00
8	2.3437500000000000e+01	0.0000000000000000e+00	1.0000000000000000e+00
9	2.6562500000000000e+01	0.0000000000000000e+00	1.0000000000000000e+00
10	2.9687500000000000e+01	0.0000000000000000e+00	1.0000000000000000e+00
11	3.2812500000000000e+01	0.0000000000000000e+00	1.0000000000000000e+00
12	3.5937500000000000e+01	0.0000000000000000e+00	1.0000000000000000e+00
13	3.9062500000000000e+01	0.0000000000000000e+00	1.0000000000000000e+00
14	4.2187500000000000e+01	0.0000000000000000e+00	1.0000000000000000e+00
15	4.5312500000000000e+01	0.0000000000000000e+00	1.0000000000000000e+00
16	4.8437500000000000e+01	0.0000000000000000e+00	1.0000000000000000e+00
17	5.0000000000000000e+01	0.0000000000000000e+00	1.0000000000000000e+00
18	0.0000000000000000e+00	1.5625000000000000e+00	1.0000000000000000e+00
19	1.5625000000000000e+00	1.5625000000000000e+00	1.0000000000000000e+00
20	4.6875000000000000e+00	1.5625000000000000e+00	1.0000000000000000e+00
21	7.8125000000000000e+00	1.5625000000000000e+00	1.0000000000000000e+00
22	1.0937500000000000e+01	1.5625000000000000e+00	1.0000000000000000e+00
23	1.4062500000000000e+01	1.5625000000000000e+00	1.0000000000000000e+00
24	1.7187500000000000e+01	1.5625000000000000e+00	1.0000000000000000e+00
25	2.0312500000000000e+01	1.5625000000000000e+00	1.0000000000000000e+00
26	2.3437500000000000e+01	1.5625000000000000e+00	1.0000000000000000e+00
27	2.6562500000000000e+01	1.5625000000000000e+00	1.0000000000000000e+00
28	2.9687500000000000e+01	1.5625000000000000e+00	1.0000000000000000e+00
29	3.2812500000000000e+01	1.5625000000000000e+00	1.0000000000000000e+00
30	3.5937500000000000e+01	1.5625000000000000e+00	1.0000000000000000e+00
31	3.9062500000000000e+01	1.5625000000000000e+00	1.0000000000000000e+00
32	4.2187500000000000e+01	1.5625000000000000e+00	1.0000000000000000e+00
33	4.5312500000000000e+01	1.5625000000000000e+00	1.0000000000000000e+00
34	4.8437500000000000e+01	1.5625000000000000e+00	1.0000000000000000e+00
35	5.0000000000000000e+01	1.5625000000000000e+00	1.0000000000000000e+00
36	0.0000000000000000e+00	4.6875000000000000e+00	1.0000000000000000e+00
37	1.5625000000000000e+00	4.6875000000000000e+00	1.0000000000000000e+00
38	4.6875000000000000e+00	4.6875000000000000e+00	1.0000000000000000e+00
39	7.8125000000000000e+00	4.6875000000000000e+00	1.0000000000000000e+00
40	1.0937500000000000e+01	4.6875000000000000e+00	1.0000000000000000e+00
41	1.4062500000000000e+01	4.6875000000000000e+00	1.0000000000000000e+00
42	1.7187500000000000e+01	4.6875000000000000e+00	1.0000000000000000e+00
43	2.0312500000000000e+01	4.6875000000000000e+00	1.0000000000000000e+00
44	2.3437500000000000e+01	4.6875000000000000e+00	1.0000000000000000e+00
45	2.6562500000000000e+01	4.6875000000000000e+00	1.0000000000000000e+00
46	2.9687500000000000e+01	4.6875000000000000e+00	1.0000000000000000e+00
47	3.2812500000000000e+01	4.6875000000000000e+00	1.0000000000000000e+00
48	3.5937500000000000e+01	4.6875000000000000e+00	1.0000000000000000e+00
49	3.9062500000000000e+01	4.6875000000000000e+00	1.0000000000000000e+00
50	4.2187500000000000e+01	4.6875000000000000e+00	1.0000000000000000e+00
51	4.5312500000000000e+01	4.6875000000000000e+00	1.0000000000000000e+00
52	4.8437500000000000e+01	4.6875000000000000e+00	1.0000000000000000e+00
53	5.0000000000000000e+01	4.6875000000000000e+00	1.0000000000000000e+00
54	0.0000000000000000e+00	7.8125000000000000e+00	1.0000000000000000e+00
55	1.5625000000000000e+00	7.8125000000000000e+00	1.0000000000000000e+00
56	4.6875000000000000e+00	7.8125000000000000e+00	1.0000000000000000e+00
57	7.8125000000000000e+00	7.8125000000000000e+00	1.0000000000000000e+00
58	1.0937500000000000e+01	7.8125000000000000e+00	1.0000000000000000e+00
59	1.4062500000000000e+01	7.8125000000000000e+00	1.0000000000000000e+00
60	1.7187500000000000e+01	7.8125000000000000e+00	1.0000000000000000e+00
61	2.0312500000000000e+01	7.8125000000000000e+00	1.0000000000000000e+00
62	2.3437500000000000e+01	7.8125000000000000e+00	1.0000000000000000e+00
63	2.6562500000000000e+01	7.8125000000000000e+00	1.0000000000000000e+00
64	2.9687500000000000e+01	7.8125000000000000e+00	1.0000000000000000e+00
65	3.2812500000000000e+01	7.8125000000000000e+00	1.0000000000000000e+00
66	3.5937500000000000e+01	7.8125000000000000e+00	1.0000000000000000e+00
67	3.9062500000000000e+01	7.8125000000000000e+00	1.0000000000000000e+00
68	4.2187500000000000e+01	7.8125000000000000e+00	1.0000000000000000e+00
69	4.5312500000000000e+01	7.8125000000000000e+00	1.0000000000000000e+00
70	4.8437500000000000e+01	7.8125000000000000e+00	1.0000000000000000e+00
71	5.0000000000000000e+01	7.8125000000000000e+00	1.0000000000000000e+00
72	0.0000000000000000e+00	1.0937500000000000e+01	1.0000000000000000e+00
73	1.5625000000000000e+00	1.0937500000000000e+01	1.0000000000000000e+00
74	4.6875000000000000e+00	1.0937500000000000e+01	1.0000000000000000e+00
75	7.8125000000000000e+00	1.0937500000000000e+01	1.0000000000000000e+00
76	1.0937500000000000e+01	1.0937500000000000e+01	1.0000000000000000e+00
77	1.4062500000000000e+01	1.0937500000000000e+01	1.0000000000000000e+00
78	1.7187500000000000e+01	1.0937500000000000e+01	1.0000000000000000e+00
79	2.0312500000000000e+01	1.0937500000000000e+01	1.0000000000000000e+00
80	2.3437500000000000e+01	1.0937500000000000e+01	1.0000000000000000e+00
81	2.6562500000000000e+01	1.0937500000000000e+01	1.0000000000000000e+00
82	2.9687500000000000e+01	1.0937500000000000e+01	1.0000000000000000e+00
83	3.2812500000000000e+01	1.0937500000000000e+01	1.0000000000000000e+00
84	3.5937500000000000e+01	1.0937500000000000e+01	1.0000000000000000e+00
85	3.9062500000000000e+01	1.0937500000000000e+01	1.0000000000000000e+00
86	4.2187500000000000e+01	1.0937500000000000e+01	1.0000000000000000e+00
87	4.5312500000000000e+01	1.0937500000000000e+01	1.0000000000000000e+00
88	4.8437500000000000e+01	1.0937500000000000e+01	1.0000000000000000e+00
89	5.0000000000000000e+01	1.0937500000000000e+01	1.0000000000000000e+00
90	0.0000000000000000e+00	1.4062500000000000e+01	1.0000000000000000e+00
91	1.5625000000000000e+00	1.4062500000000000e+01	1.0000000000000000e+00
92	4.6875000000000000e+00	1.4062500000000000e+01	1.0000000000000000e+00
93	7.8125000000000000e+00	1.4062500000000000e+01	1.0000000000000000e+00
94	1.0937500000000000e+01	1.4062500000000000e+01	1.0000000000000000e+00
95	1.4062500000000000e+01	1.4062500000000000e+01	1.0000000000000000e+00
96	1.7187500000000000e+01	1.4062500000000000e+01	1.0000000000000000e+00
97	2.0312500000000000e+01	1.4062500000000000e+01	1.0000000000000000e+00
98	2.3437500000000000e+01	1.4062500000000000e+01	1.0000000000000000e+00
99	2.6562500000000000e+01	1.4062500000000000e+01	1.0000000000000000e+00
100	2.9687500000000000e+01	1.4062500000000000e+01	1.0000000000000000e+00
101	3.2812500000000000e+01	1.4062500000000000e+01	1.0000000000000000e+00
102	3.5937500000000000e+01	1.4062500000000000e+01	1.0000000000000000e+00
103	3.9062500000000000e+01	1.4062500000000000e+01	1.0000000000000000e+00
104	4.2187500000000000e+01	1.4062500000000000e+01	1.0000000000000000e+00
105	4.5312500000000000e+01	1.4062500000000000e+01	1.0000000000000000e+00
106	4.8437500000000000e+01	1.4062500000000000e+01	1.0000000000000000e+00
107	5.0000000000000000e+01	1.4062500000000000e+01	1.0000000000000000e+00
108	0.0000000000000000e+00	1.7187500000000000e+01	1.0000000000000000e+00
109	1.5625000000000000e+00	1.7187500000000000e+01	1.0000000000000000e+00
110	4.6875000000000000e+00	1.7187500000000000e+01	1.0000000000000000e+00
111	7.8125000000000000e+00	1.7187500000000000e+01	1.0000000000000000e+00
112	1.0937500000000000e+01	1.7187500000000000e+01	1.0000000000000000e+00
113	1.4062500000000000e+01	1.7187500000000000e+01	1.0000000000000000e+00
114	1.7187500000000000e+01	1.7187500000000000e+01	1.0000000000000000e+00
115	2.0312500000000000e+01	1.7187500000000000e+01	1.0000000000000000e+00
116	2.3437500000000000e+01	1.7187500000000000e+01	1.0000000000000000e+00
117	2.6562500000000000e+01	1.7187500000000000e+01	1.0000000000000000e+00
118	2.9687500000000000e+01	1.7187500000000000e+01	1.0000000000000000e+00
119	3.2812500000000000e+01	1.7187500000000000e+01	1.0000000000000000e+00
120	3.5937500000000000e+01	1.7187500000000000e+01	1.0000000000000000e+00
121	3.9062500000000000e+01	1.7187500000000000e+01	1.0000000000000000e+00
122	4.2187500000000000e+01	1.7187500000000000e+01	1.0000000000000000e+00
123	4.5312500000000000e+01	1.7187500000000000e+01	1.0000000000000000e+00
124	4.8437500000000000e+01	1.7187500000000000e+01	1.0000000000000000e+00
125	5.0000000000000000e+01	1.7187500000000000e+01	1.0000000000000000e+00
126	0.0000000000000000e+00	2.0312500000000000e+01	1.0000000000000000e+00
127	1.5625000000000000e+00	2.0312500000000000e+01	1.0000000000000000e+00
128	4.6875000000000000e+00	2.0312500000000000e+01	1.0000000000000000e+00
129	7.8125000000000000e+00	2.0312500000000000e+01	1.0000000000000000e+00
130	1.0937500000000000e+01	2.0312500000000000e+01	1.0000000000000000e+00
131	1.4062500000000000e+01	2.0312500000000000e+01	1.0000000000000000e+00
132	1.7187500000000000e+01	2.0312500000000000e+01	1.0000000000000000e+00
133	2.0312500000000000e+01	2.0312500000000000e+01	1.0000000000000000e+00
134	2.3437500000000000e+01	2.0312500000000000e+01	1.0000000000000000e+00
135	2.6562500000000000e+01	2.0312500000000000e+01	1.0000000000000000e+00
136	2.9687500000000000e+01	2.0312500000000000e+01	1.0000000000000000e+00
137	3.2812500000000000e+01	2.0312500000000000e+01	1.0000000000000000e+00
138	3.5937500000000000e+01	2.0312500000000000e+01	1.0000000000000000e+00
139	3.9062500000000000e+01	2.0312500000000000e+01	1.0000000000000000e+00
140	4.2187500000000000e+01	2.0312500000000000e+01	1.0000000000000000e+00
141	4.5312500000000000e+01	2.0312500000000000e+01	1.0000000000000000e+00
142	4.8437500000000000e+01	2.0312500000000000e+01	1.0000000000000000e+00
143	5.0000000000000000e+01	2.0312500000000000e+01	1.0000000000000000e+00
144	0.0000000000000000e+00	2.3437500000000000e+01	1.0000000000000000e+00
145	1.5625000000000000e+00	2.3437500000000000e+01	1.0000000000000000e+00
146	4.6875000000000000e+00	2.3437500000000000e+01	1.0000000000000000e+00
147	7.8125000000000000e+00	2.3437500000000000e+01	1.0000000000000000e+00
148	1.0937500000000000e+01	2.3437500000000000e+01	1.0000000000000000e+00
149	1.4062500000000000e+01	2.3437500000000000e+01	1.0000000000000000e+00
150	1.7187500000000000e+01	2.3437500000000000e+01	1.0000000000000000e+00
151	2.0312500000000000e+01	2.3437500000000000e+01	1.0000000000000000e+00
152	2.3437500000000000e+01	2.3437500000000000e+01	1.0000000000000000e+00
153	2.6562500000000000e+01	2.3437500000000000e+01	1.0000000000000000e+00
154	2.9687500000000000e+01	2.3437500000000000e+01	1.0000000000000000e+00
155	3.2812500000000000e+01	2.3437500000000000e+01	1.0000000000000000e+00
156	3.5937500000000000e+01	2.3437500000000000e+01	1.0000000000000000e+00
157	3.9062500000000000e+01	2.3437500000000000e+01	1.0000000000000000e+00
158	4.2187500000000000e+01	2.3437500000000000e+01	1.0000000000000000e+00
159	4.5312500000000000e+01	2.3437500000000000e+01	1.0000000000000000e+00
160	4.8437500000000000e+01	2.3437500000000000e+01	1.0000000000000000e+00
161	5.0000000000000000e+01	2.3437500000000000e+01	1.0000000000000000e+00
162	0.0000000000000000e+00	2.6562500000000000e+01	1.0000000000000000e+00
163	1.5625000000000000e+00	2.6562500000000000e+01	1.0000000000000000e+00
164	4.6875000000000000e+00	2.6562500000000000e+01	1.0000000000000000e+00
165	7.8125000000000000e+00	2.6562500000000000e+01	1.0000000000000000e+00
166	1.0937500000000000e+01	2.6562500000000000e+01	1.0000000000000000e+00
167	1.4062500000000000e+01	2.6562500000000000e+01	1.0000000000000000e+00
168	1.7187500000000000e+01	2.6562500000000000e+01	1.0000000000000000e+00
169	2.0312500000000000e+01	2.6562500000000000e+01	1.0000000000000000e+00
170	2.3437500000000000e+01	2.6562500000000000e+01	1.0000000000000000e+00
171	2.6562500000000000e+01	2.6562500000000000e+01	1.0000000000000000e+00
172	2.9687500000000000e+01	2.6562500000000000e+01	1.0000000000000000e+00
173	3.2812500000000000e+01	2.6562500000000000e+01	1.0000000000000000e+00
174	3.5937500000000000e+01	2.6562500000000000e+01	1.0000000000000000e+00
175	3.9062500000000000e+01	2.6562500000000000e+01	1.0000000000000000e+00
176	4.2187500000000000e+01	2.6562500000000000e+01	1.0000000000000000e+00
177	4.5312500000000000e+01	2.6562500000000000e+01	1.0000000000000000e+00
178	4.8437500000000000e+01	2.6562500000000000e+01	1.0000000000000000e+00
179	5.0000000000000000e+01	2.6562500000000000e+01	1.0000000000000000e+00
180	0.0000000000000000e+00	2.9687500000000000e+01	1.0000000000000000e+00
181	1.5625000000000000e+00	2.9687500000000000e+01	1.0000000000000000e+00
182	4.6875000000000000e+00	2.9687500000000000e+01	1.0000000000000000e+00
183	7.8125000000000000e+00	2.9687500000000000e+01	1.0000000000000000e+00
184	1.0937500000000000e+01	2.9687500000000000e+01	1.0000000000000000e+00
185	1.4062500000000000e+01	2.9687500000000000e+01	1.0000000000000000e+00
186	1.7187500000000000e+01	2.9687500000000000e+01	1.0000000000000000e+00
187	2.0312500000000000e+01	2.9687500000000000e+01	1.0000000000000000e+00
188	2.3437500000000000e+01	2.9687500000000000e+01	1.0000000000000000e+00
189	2.6562500000000000e+01	2.9687500000000000e+01	1.0000000000000000e+00
190	2.9687500000000000e+01	2.9687500000000000e+01	1.0000000000000000e+00
191	3.2812500000000000e+01	2.9687500000000000e+01	1.0000000000000000e+00
192	3.5937500000000000e+01	2.9687500000000000e+01	1.0000000000000000e+00
193	3.9062500000000000e+01	2.9687500000000000e+01	1.0000000000000000e+00
194	4.2187500000000000e+01	2.9687500000000000e+01	1.0000000000000000e+00
195	4.5312500000000000e+01	2.9687500000000000e+01	1.0000000000000000e+00
196	4.8437500000000000e+01	2.9687500000000000e+01	1.0000000000000000e+00
197	5.0000000000000000e+01	2.9687500000000000e+01	1.0000000000000000e+00
198	0.0000000000000000e+00	3.2812500000000000e+01	1.0000000000000000e+00
199	1.5625000000000000e+00	3.2812500000000000e+01	1.0000000000000000e+00
200	4.6875000000000000e+00	3.2812500000000000e+01	1.0000000000000000e+00
201	7.8125000000000000e+00	3.2812500000000000e+01	1.0000000000000000e+00
202	1.0937500000000000e+01	3.2812500000000000e+01	1.0000000000000000e+00
203	1.4062500000000000e+01	3.2812500000000000e+01	1.0000000000000000e+00
204	1.7187500000000000e+01	3.2812500000000000e+01	1.0000000000000000e+00
205	2.0312500000000000e+01	3.2812500000000000e+01	1.0000000000000000e+00
206	2.3437500000000000e+01	3.2812500000000000e+01	1.0000000000000000e+00
207	2.6562500000000000e+01	3.2812500000000000e+01	1.0000000000000000e+00
208	2.9687500000000000e+01	3.2812500000000000e+01	1.0000000000000000e+00
209	3.2812500000000000e+01	3.2812500000000000e+01	1.0000000000000000e+00
210	3.5937500000000000e+01	3.2812500000000000e+01	1.0000000000000000e+00
211	3.9062500000000000e+01	3.2812500000000000e+01	1.0000000000000000e+00
212	4.2187500000000000e+01	3.2812500000000000e+01	1.0000000000000000e+00
213	4.5312500000000000e+01	3.2812500000000000e+01	1.0000000000000000e+00
214	4.8437500000000000e+01	3.2812500000000000e+01	1.0000000000000000e+00
215	5.0000000000000000e+01	3.2812500000000000e+01	1.0000000000000000e+00
216	0.0000000000000000e+00	3.5937500000000000e+01	1.0000000000000000e+00
217	1.5625000000000000e+00	3.5937500000000000e+01	1.0000000000000000e+00
218	4.6875000000000000e+00	3.5937500000000000e+01	1.0000000000000000e+00
219	7.8125000000000000e+00	3.5937500000000000e+01	1.0000000000000000e+00
220	1.0937500000000000e+01	3.5937500000000000e+01	1.0000000000000000e+00
221	1.4062500000000000e+01	3.5937500000000000e+01	1.0000000000000000e+00
222	1.7187500000000000e+01	3.5937500000000000e+01	1.0000000000000000e+00
223	2.0312500000000000e+01	3.5937500000000000e+01	1.0000000000000000e+00
224	2.3437500000000000e+01	3.5937500000000000e+01	1.0000000000000000e+00
225	2.6562500000000000e+01	3.5937500000000000e+01	1.0000000000000000e+00
226	2.9687500000000000e+01	3.5937500000000000e+01	1.0000000000000000e+00
227	3.2812500000000000e+01	3.5937500000000000e+01	1.0000000000000000e+00
228	3.5937500000000000e+01	3.5937500000000000e+01	1.0000000000000000e+00
229	3.9062500000000000e+01	3.5937500000000000e+01	1.0000000000000000e+00
230	4.2187500000000000e+01	3.5937500000000000e+01	1.0000000000000000e+00
231	4.5312500000000000e+01	3.5937500000000000e+01	1.0000000000000000e+00
232	4.8437500000000000e+01	3.5937500000000000e+01	1.0000000000000000e+00
233	5.0000000000000000e+01	3.5937500000000000e+01	1.0000000000000000e+00
234	0.0000000000000000e+00	3.9062500000000000e+01	1.0000000000000000e+00
235	1.5625000000000000e+00	3.9062500000000000e+01	1.0000000000000000e+00
236	4.6875000000000000e+00	3.9062500000000000e+01	1.0000000000000000e+00
237	7.8125000000000000e+00	3.9062500000000000e+01	1.0000000000000000e+00
238	1.0937500000000000e+01	3.9062500000000000e+01	1.0000000000000000e+00
239	1.4062500000000000e+01	3.9062500000000000e+01	1.0000000000000000e+00
240	1.7187500000000000e+01	3.9062500000000000e+01	1.0000000000000000e+00
241	2.0312500000000000e+01	3.9062500000000000e+01	1.0000000000000000e+00
242	2.3437500000000000e+01	3.9062500000000000e+01	1.0000000000000000e+00
243	2.6562500000000000e+01	3.9062500000000000e+01	1.0000000000000000e+00
244	2.9687500000000000e+01	3.9062500000000000e+01	1.0000000000000000e+00
245	3.2812500000000000e+01	3.9062500000000000e+01	1.0000000000000000e+00
246	3.5937500000000000e+01	3.9062500000000000e+01	1.0000000000000000e+00
247	3.9062500000000000e+01	3.9062500000000000e+01	1.0000000000000000e+00
248	4.2187500000000000e+01	3.9062500000000000e+01	1.0000000000000000e+00
249	4.5312500000000000e+01	3.9062500000000000e+01	1.0000000000000000e+00
250	4.8437500000000000e+01	3.9062500000000000e+01	1.0000000000000000e+00
251	5.0000000000000000e+01	3.9062500000000000e+01	1.0000000000000000e+00
252	0.0000000000000000e+00	4.2187500000000000e+01	1.0000000000000000e+00
253	1.5625000000000000e+00	4.2187500000000000e+01	1.0000000000000000e+00
254	4.6875000000000000e+00	4.2187500000000000e+01	1.0000000000000000e+00
255	7.8125000000000000e+00	4.2187500000000000e+01	1.0000000000000000e+00
256	1.0937500000000000e+01	4.2187500000000000e+01	1.0000000000000000e+00
257	1.4062500000000000e+01	4.2187500000000000e+01	1.0000000000000000e+00
258	1.7187500000000000e+01	4.2187500000000000e+01	1.0000000000000000e+00
259	2.0312500000000000e+01	4.2187500000000000e+01	1.0000000000000000e+00
260	2.3437500000000000e+01	4.2187500000000000e+01	1.0000000000000000e+00
261	2.6562500000000000e+01	4.2187500000000000e+01	1.0000000000000000e+00
262	2.9687500000000000e+01	4.2187500000000000e+01	1.0000000000000000e+00
263	3.2812500000000000e+01	4.2187500000000000e+01	1.0000000000000000e+00
264	3.5937500000000000e+01	4.2187500000000000e+01	1.0000000000000000e+00
265	3.9062500000000000e+01	4.2187500000000000e+01	1.0000000000000000e+00
266	4.2187500000000000e+01	4.2187500000000000e+01	1.0000000000000000e+00
267	4.5312500000000000e+01	4.2187500000000000e+01	1.0000000000000000e+00
268	4.8437500000000000e+01	4.2187500000000000e+01	1.0000000000000000e+00
269	5.0000000000000000e+01	4.2187500000000000e+01	1.0000000000000000e+00
270	0.0000000000000000e+00	4.5312500000000000e+01	1.0000000000000000e+00
271	1.5625000000000000e+00	4.5312500000000000e+01	1.0000000000000000e+00
272	4.6875000000000000e+00	4.5312500000000000e+01	1.0000000000000000e+00
273	7.8125000000000000e+00	4.5312500000000000e+01	1.0000000000000000e+00
274	1.0937500000000000e+01	4.5312500000000000e+01	1.0000000000000000e+00
275	1.4062500000000000e+01	4.5312500000000000e+01	1.0000000000000000e+00
276	1.7187500000000000e+01	4.5312500000000000e+01	1.0000000000000000e+00
277	2.0312500000000000e+01	4.5312500000000000e+01	1.0000000000000000e+00
278	2.3437500000000000e+01	4.5312500000000000e+01	1.0000000000000000e+00
279	2.6562500000000000e+01	4.5312500000000000e+01	1.0000000000000000e+00
280	2.9687500000000000e+01	4.5312500000000000e+01	1.0000000000000000e+00
281	3.2812500000000000e+01	4.5312500000000000e+01	1.0000000000000000e+00
282	3.5937500000000000e+01	4.5312500000000000e+01	1.0000000000000000e+00
283	3.9062500000000000e+01	4.5312500000000000e+01	1.0000000000000000e+00
284	4.2187500000000000e+01	4.5312500000000000e+01	1.0000000000000000e+00
285	4.5312500000000000e+01	4.5312500000000000e+01	1.0000000000000000e+00
286	4.8437500000000000e+01	4.5312500000000000e+01	1.0000000000000000e+00
287	5.0000000000000000e+01	4.5312500000000000e+01	1.0000000000000000e+00
288	0.0000000000000000e+00	4.8437500000000000e+01	1.0000000000000000e+00
289	1.5625000000000000e+00	4.8437500000000000e+01	1.0000000000000000e+00
290	4.6875000000000000e+00	4.8437500000000000e+01	1.0000000000000000e+00
291	7.8125000000000000e+00	4.8437500000000000e+01	1.0000000000000000e+00
292	1.0937500000000000e+01	4.8437500000000000e+01	1.0000000000000000e+00
293	1.4062500000000000e+01	4.8437500000000000e+01	1.0000000000000000e+00
294	1.7187500000000000e+01	4.8437500000000000e+01	1.0000000000000000e+00
295	2.0312500000000000e+01	4.8437500000000000e+01	1.0000000000000000e+00
296	2.3437500000000000e+01	4.8437500000000000e+01	1.0000000000000000e+00
297	2.6562500000000000e+01	4.8437500000000000e+01	1.0000000000000000e+00
298	2.9687500000000000e+01	4.8437500000000000e+01	1.0000000000000000e+00
299	3.2812500000000000e+01	4.8437500000000000e+01	1.0000000000000000e+00
300	3.5937500000000000e+01	4.8437500000000000e+01	1.0000000000000000e+00
301	3.9062500000000000e+01	4.8437500000000000e+01	1.0000000000000000e+00
302	4.2187500000000000e+01	4.8437500000000000e+01	1.0000000000000000e+00
303	4.5312500000000000e+01	4.8437500000000000e+01	1.0000000000000000e+00
304	4.8437500000000000e+01	4.8437500000000000e+01	1.0000000000000000e+00
305	5.0000000000000000e+01	4.8437500000000000e+01	1.0000000000000000e+00
306	0.0000000000000000e+00	5.0000000000000000e+01	1.0000000000000000e+00
307	1.5625000000000000e+00	5.0000000000000000e+01	1.0000000000000000e+00
308	4.6875000000000000e+00	5.0000000000000000e+01	1.0000000000000000e+00
309	7.8125000000000000e+00	5.0000000000000000e+01	1.0000000000000000e+00
310	1.0937500000000000e+01	5.0000000000000000e+01	1.0000000000000000e+00
311	1.4062500000000000e+01	5.0000000000000000e+01	1.0000000000000000e+00
312	1.7187500000000000e+01	5.0000000000000000e+01	1.0000000000000000e+00
313	2.0312500000000000e+01	5.0000000000000000e+01	1.0000000000000000e+00
314	2.3437500000000000e+01	5.0000000000000000e+01	1.0000000000000000e+00
315	2.6562500000000000e+01	5.0000000000000000e+01	1.0000000000000000e+00
316	2.9687500000000000e+01	5.0000000000000000e+01	1.0000000000000000e+00
317	3.2812500000000000e+01	5.0000000000000000e+01	1.0000000000000000e+00
318	3.5937500000000000e+01	5.0000000000000000e+01	1.0000000000000000e+00
319	3.9062500000000000e+01	5.0000000000000000e+01	1.0000000000000000e+00
320	4.2187500000000000e+01	5.0000000000000000e+01	1.0000000000000000e+00
321	4.5312500000000000e+01	5.0000000000000000e+01	1.0000000000000000e+00
322	4.8437500000000000e+01	5.0000000000000000e+01	1.0000000000000000e+00
323	5.0000000000000000e+01	5.0000000000000000e+01	1.0000000000000000e+00
