input file name:	arc_glo3_34x34.txt

Total Control Point
1156

Order
3	3

number of knot vector
38	38

number of Control Point
34	34

knot vector
0.0000000000000000e+00	0.0000000000000000e+00	0.0000000000000000e+00	0.0000000000000000e+00	3.2258064516129031e-02	6.4516129032258063e-02	9.6774193548387094e-02	1.2903225806451613e-01	1.6129032258064516e-01	1.9354838709677419e-01	2.2580645161290322e-01	2.5806451612903225e-01	2.9032258064516131e-01	3.2258064516129031e-01	3.5483870967741937e-01	3.8709677419354838e-01	4.1935483870967744e-01	4.5161290322580644e-01	4.8387096774193550e-01	5.1612903225806450e-01	5.4838709677419351e-01	5.8064516129032262e-01	6.1290322580645162e-01	6.4516129032258063e-01	6.7741935483870963e-01	7.0967741935483875e-01	7.4193548387096775e-01	7.7419354838709675e-01	8.0645161290322576e-01	8.3870967741935487e-01	8.7096774193548387e-01	9.0322580645161288e-01	9.3548387096774188e-01	9.6774193548387100e-01	1.0000000000000000e+00	1.0000000000000000e+00	1.0000000000000000e+00	1.0000000000000000e+00
0.0000000000000000e+00	0.0000000000000000e+00	0.0000000000000000e+00	0.0000000000000000e+00	3.2258064516129031e-02	6.4516129032258063e-02	9.6774193548387094e-02	1.2903225806451613e-01	1.6129032258064516e-01	1.9354838709677419e-01	2.2580645161290322e-01	2.5806451612903225e-01	2.9032258064516131e-01	3.2258064516129031e-01	3.5483870967741937e-01	3.8709677419354838e-01	4.1935483870967744e-01	4.5161290322580644e-01	4.8387096774193550e-01	5.1612903225806450e-01	5.4838709677419351e-01	5.8064516129032262e-01	6.1290322580645162e-01	6.4516129032258063e-01	6.7741935483870963e-01	7.0967741935483875e-01	7.4193548387096775e-01	7.7419354838709675e-01	8.0645161290322576e-01	8.3870967741935487e-01	8.7096774193548387e-01	9.0322580645161288e-01	9.3548387096774188e-01	9.6774193548387100e-01	1.0000000000000000e+00	1.0000000000000000e+00	1.0000000000000000e+00	1.0000000000000000e+00

coordinate of Control Point
0	0.0000000000000000e+00	0.0000000000000000e+00	1.0000000000000000e+00
1	5.3763440860215062e-01	0.0000000000000000e+00	1.0000000000000000e+00
2	1.6129032258064517e+00	0.0000000000000000e+00	1.0000000000000000e+00
3	3.2258064516129030e+00	0.0000000000000000e+00	1.0000000000000000e+00
4	4.8387096774193550e+00	0.0000000000000000e+00	1.0000000000000000e+00
5	6.4516129032258061e+00	0.0000000000000000e+00	1.0000000000000000e+00
6	8.0645161290322580e+00	0.0000000000000000e+00	1.0000000000000000e+00
7	9.6774193548387100e+00	0.0000000000000000e+00	9.9999999999999989e-01
8	1.1290322580645160e+01	0.0000000000000000e+00	1.0000000000000000e+00
9	1.2903225806451612e+01	0.0000000000000000e+00	1.0000000000000000e+00
10	1.4516129032258062e+01	0.0000000000000000e+00	1.0000000000000002e+00
11	1.6129032258064516e+01	0.0000000000000000e+00	1.0000000000000000e+00
12	1.7741935483870964e+01	0.0000000000000000e+00	1.0000000000000002e+00
13	1.9354838709677420e+01	0.0000000000000000e+00	9.9999999999999989e-01
14	2.0967741935483872e+01	0.0000000000000000e+00	9.9999999999999978e-01
15	2.2580645161290324e+01	0.0000000000000000e+00	9.9999999999999978e-01
16	2.4193548387096772e+01	0.0000000000000000e+00	1.0000000000000000e+00
17	2.5806451612903228e+01	0.0000000000000000e+00	9.9999999999999989e-01
18	2.7419354838709673e+01	0.0000000000000000e+00	1.0000000000000000e+00
19	2.9032258064516128e+01	0.0000000000000000e+00	1.0000000000000000e+00
20	3.0645161290322584e+01	0.0000000000000000e+00	1.0000000000000000e+00
21	3.2258064516129032e+01	0.0000000000000000e+00	1.0000000000000000e+00
22	3.3870967741935488e+01	0.0000000000000000e+00	1.0000000000000000e+00
23	3.5483870967741936e+01	0.0000000000000000e+00	1.0000000000000000e+00
24	3.7096774193548391e+01	0.0000000000000000e+00	9.9999999999999989e-01
25	3.8709677419354833e+01	0.0000000000000000e+00	1.0000000000000000e+00
26	4.0322580645161288e+01	0.0000000000000000e+00	1.0000000000000000e+00
27	4.1935483870967744e+01	0.0000000000000000e+00	1.0000000000000000e+00
28	4.3548387096774192e+01	0.0000000000000000e+00	1.0000000000000000e+00
29	4.5161290322580648e+01	0.0000000000000000e+00	1.0000000000000000e+00
30	4.6774193548387103e+01	0.0000000000000000e+00	1.0000000000000000e+00
31	4.8387096774193544e+01	0.0000000000000000e+00	1.0000000000000000e+00
32	4.9462365591397848e+01	0.0000000000000000e+00	1.0000000000000000e+00
33	5.0000000000000000e+01	0.0000000000000000e+00	1.0000000000000000e+00
34	0.0000000000000000e+00	5.3763440860215062e-01	1.0000000000000000e+00
35	5.3763440860215062e-01	5.3763440860215062e-01	1.0000000000000000e+00
36	1.6129032258064517e+00	5.3763440860215062e-01	1.0000000000000000e+00
37	3.2258064516129030e+00	5.3763440860215062e-01	1.0000000000000000e+00
38	4.8387096774193559e+00	5.3763440860215039e-01	1.0000000000000000e+00
39	6.4516129032258061e+00	5.3763440860215062e-01	1.0000000000000000e+00
40	8.0645161290322580e+00	5.3763440860215039e-01	1.0000000000000000e+00
41	9.6774193548387100e+00	5.3763440860215073e-01	9.9999999999999989e-01
42	1.1290322580645162e+01	5.3763440860215062e-01	1.0000000000000000e+00
43	1.2903225806451612e+01	5.3763440860215062e-01	1.0000000000000000e+00
44	1.4516129032258062e+01	5.3763440860215062e-01	1.0000000000000002e+00
45	1.6129032258064516e+01	5.3763440860215062e-01	1.0000000000000000e+00
46	1.7741935483870964e+01	5.3763440860215050e-01	1.0000000000000002e+00
47	1.9354838709677420e+01	5.3763440860215073e-01	9.9999999999999989e-01
48	2.0967741935483872e+01	5.3763440860215050e-01	9.9999999999999978e-01
49	2.2580645161290327e+01	5.3763440860215050e-01	9.9999999999999978e-01
50	2.4193548387096772e+01	5.3763440860215062e-01	1.0000000000000000e+00
51	2.5806451612903228e+01	5.3763440860215073e-01	9.9999999999999989e-01
52	2.7419354838709673e+01	5.3763440860215062e-01	1.0000000000000000e+00
53	2.9032258064516128e+01	5.3763440860215062e-01	1.0000000000000000e+00
54	3.0645161290322584e+01	5.3763440860215073e-01	1.0000000000000000e+00
55	3.2258064516129032e+01	5.3763440860215062e-01	1.0000000000000000e+00
56	3.3870967741935488e+01	5.3763440860215062e-01	1.0000000000000000e+00
57	3.5483870967741936e+01	5.3763440860215073e-01	1.0000000000000000e+00
58	3.7096774193548391e+01	5.3763440860215073e-01	9.9999999999999989e-01
59	3.8709677419354833e+01	5.3763440860215062e-01	1.0000000000000000e+00
60	4.0322580645161288e+01	5.3763440860215062e-01	1.0000000000000000e+00
61	4.1935483870967744e+01	5.3763440860215039e-01	1.0000000000000000e+00
62	4.3548387096774192e+01	5.3763440860215062e-01	1.0000000000000000e+00
63	4.5161290322580655e+01	5.3763440860215062e-01	1.0000000000000000e+00
64	4.6774193548387103e+01	5.3763440860215062e-01	1.0000000000000000e+00
65	4.8387096774193544e+01	5.3763440860215062e-01	1.0000000000000000e+00
66	4.9462365591397848e+01	5.3763440860215039e-01	1.0000000000000000e+00
67	5.0000000000000000e+01	5.3763440860215062e-01	1.0000000000000000e+00
68	0.0000000000000000e+00	1.6129032258064517e+00	1.0000000000000000e+00
69	5.3763440860215062e-01	1.6129032258064517e+00	1.0000000000000000e+00
70	1.6129032258064517e+00	1.6129032258064517e+00	1.0000000000000000e+00
71	3.2258064516129035e+00	1.6129032258064517e+00	1.0000000000000000e+00
72	4.8387096774193550e+00	1.6129032258064513e+00	1.0000000000000000e+00
73	6.4516129032258069e+00	1.6129032258064517e+00	1.0000000000000000e+00
74	8.0645161290322598e+00	1.6129032258064513e+00	1.0000000000000000e+00
75	9.6774193548387100e+00	1.6129032258064517e+00	9.9999999999999989e-01
76	1.1290322580645160e+01	1.6129032258064517e+00	1.0000000000000000e+00
77	1.2903225806451614e+01	1.6129032258064517e+00	1.0000000000000000e+00
78	1.4516129032258061e+01	1.6129032258064513e+00	1.0000000000000004e+00
79	1.6129032258064520e+01	1.6129032258064517e+00	1.0000000000000000e+00
80	1.7741935483870961e+01	1.6129032258064511e+00	1.0000000000000004e+00
81	1.9354838709677420e+01	1.6129032258064520e+00	9.9999999999999989e-01
82	2.0967741935483872e+01	1.6129032258064517e+00	9.9999999999999978e-01
83	2.2580645161290324e+01	1.6129032258064515e+00	9.9999999999999978e-01
84	2.4193548387096772e+01	1.6129032258064517e+00	1.0000000000000000e+00
85	2.5806451612903231e+01	1.6129032258064520e+00	9.9999999999999989e-01
86	2.7419354838709673e+01	1.6129032258064517e+00	1.0000000000000000e+00
87	2.9032258064516128e+01	1.6129032258064517e+00	1.0000000000000000e+00
88	3.0645161290322584e+01	1.6129032258064520e+00	1.0000000000000000e+00
89	3.2258064516129039e+01	1.6129032258064517e+00	1.0000000000000000e+00
90	3.3870967741935495e+01	1.6129032258064517e+00	1.0000000000000000e+00
91	3.5483870967741936e+01	1.6129032258064520e+00	1.0000000000000000e+00
92	3.7096774193548391e+01	1.6129032258064520e+00	9.9999999999999989e-01
93	3.8709677419354833e+01	1.6129032258064517e+00	1.0000000000000000e+00
94	4.0322580645161295e+01	1.6129032258064517e+00	1.0000000000000000e+00
95	4.1935483870967744e+01	1.6129032258064513e+00	1.0000000000000000e+00
96	4.3548387096774192e+01	1.6129032258064517e+00	1.0000000000000000e+00
97	4.5161290322580655e+01	1.6129032258064517e+00	1.0000000000000000e+00
98	4.6774193548387110e+01	1.6129032258064517e+00	1.0000000000000000e+00
99	4.8387096774193544e+01	1.6129032258064517e+00	1.0000000000000000e+00
100	4.9462365591397855e+01	1.6129032258064513e+00	1.0000000000000000e+00
101	5.0000000000000007e+01	1.6129032258064517e+00	1.0000000000000000e+00
102	0.0000000000000000e+00	3.2258064516129030e+00	1.0000000000000000e+00
103	5.3763440860215073e-01	3.2258064516129035e+00	1.0000000000000000e+00
104	1.6129032258064517e+00	3.2258064516129030e+00	1.0000000000000000e+00
105	3.2258064516129035e+00	3.2258064516129030e+00	1.0000000000000000e+00
106	4.8387096774193541e+00	3.2258064516129021e+00	1.0000000000000000e+00
107	6.4516129032258069e+00	3.2258064516129030e+00	1.0000000000000000e+00
108	8.0645161290322598e+00	3.2258064516129021e+00	1.0000000000000000e+00
109	9.6774193548387082e+00	3.2258064516129035e+00	9.9999999999999989e-01
110	1.1290322580645160e+01	3.2258064516129030e+00	1.0000000000000000e+00
111	1.2903225806451614e+01	3.2258064516129030e+00	1.0000000000000000e+00
112	1.4516129032258061e+01	3.2258064516129026e+00	1.0000000000000002e+00
113	1.6129032258064520e+01	3.2258064516129030e+00	1.0000000000000000e+00
114	1.7741935483870964e+01	3.2258064516129021e+00	1.0000000000000002e+00
115	1.9354838709677416e+01	3.2258064516129035e+00	9.9999999999999989e-01
116	2.0967741935483872e+01	3.2258064516129030e+00	9.9999999999999978e-01
117	2.2580645161290324e+01	3.2258064516129030e+00	9.9999999999999978e-01
118	2.4193548387096776e+01	3.2258064516129030e+00	1.0000000000000000e+00
119	2.5806451612903231e+01	3.2258064516129035e+00	9.9999999999999989e-01
120	2.7419354838709676e+01	3.2258064516129030e+00	1.0000000000000000e+00
121	2.9032258064516125e+01	3.2258064516129030e+00	1.0000000000000000e+00
122	3.0645161290322584e+01	3.2258064516129035e+00	1.0000000000000000e+00
123	3.2258064516129039e+01	3.2258064516129030e+00	1.0000000000000000e+00
124	3.3870967741935488e+01	3.2258064516129030e+00	1.0000000000000000e+00
125	3.5483870967741936e+01	3.2258064516129035e+00	1.0000000000000000e+00
126	3.7096774193548391e+01	3.2258064516129035e+00	9.9999999999999989e-01
127	3.8709677419354826e+01	3.2258064516129030e+00	1.0000000000000000e+00
128	4.0322580645161288e+01	3.2258064516129030e+00	1.0000000000000000e+00
129	4.1935483870967744e+01	3.2258064516129021e+00	1.0000000000000000e+00
130	4.3548387096774199e+01	3.2258064516129030e+00	1.0000000000000000e+00
131	4.5161290322580648e+01	3.2258064516129030e+00	1.0000000000000000e+00
132	4.6774193548387103e+01	3.2258064516129030e+00	1.0000000000000000e+00
133	4.8387096774193552e+01	3.2258064516129030e+00	1.0000000000000000e+00
134	4.9462365591397848e+01	3.2258064516129021e+00	1.0000000000000000e+00
135	5.0000000000000007e+01	3.2258064516129030e+00	1.0000000000000000e+00
136	0.0000000000000000e+00	4.8387096774193550e+00	1.0000000000000000e+00
137	5.3763440860215062e-01	4.8387096774193550e+00	1.0000000000000000e+00
138	1.6129032258064517e+00	4.8387096774193550e+00	1.0000000000000000e+00
139	3.2258064516129030e+00	4.8387096774193550e+00	1.0000000000000000e+00
140	4.8387096774193541e+00	4.8387096774193541e+00	1.0000000000000000e+00
141	6.4516129032258061e+00	4.8387096774193550e+00	1.0000000000000000e+00
142	8.0645161290322562e+00	4.8387096774193541e+00	1.0000000000000000e+00
143	9.6774193548387082e+00	4.8387096774193550e+00	9.9999999999999989e-01
144	1.1290322580645160e+01	4.8387096774193550e+00	1.0000000000000000e+00
145	1.2903225806451612e+01	4.8387096774193550e+00	1.0000000000000000e+00
146	1.4516129032258061e+01	4.8387096774193550e+00	1.0000000000000002e+00
147	1.6129032258064512e+01	4.8387096774193550e+00	1.0000000000000000e+00
148	1.7741935483870964e+01	4.8387096774193541e+00	1.0000000000000002e+00
149	1.9354838709677416e+01	4.8387096774193559e+00	9.9999999999999989e-01
150	2.0967741935483872e+01	4.8387096774193550e+00	9.9999999999999978e-01
151	2.2580645161290324e+01	4.8387096774193550e+00	9.9999999999999978e-01
152	2.4193548387096772e+01	4.8387096774193550e+00	1.0000000000000000e+00
153	2.5806451612903228e+01	4.8387096774193559e+00	9.9999999999999989e-01
154	2.7419354838709669e+01	4.8387096774193550e+00	1.0000000000000000e+00
155	2.9032258064516128e+01	4.8387096774193550e+00	1.0000000000000000e+00
156	3.0645161290322580e+01	4.8387096774193559e+00	1.0000000000000000e+00
157	3.2258064516129025e+01	4.8387096774193550e+00	1.0000000000000000e+00
158	3.3870967741935488e+01	4.8387096774193550e+00	1.0000000000000000e+00
159	3.5483870967741936e+01	4.8387096774193559e+00	1.0000000000000000e+00
160	3.7096774193548399e+01	4.8387096774193559e+00	9.9999999999999989e-01
161	3.8709677419354826e+01	4.8387096774193550e+00	1.0000000000000000e+00
162	4.0322580645161288e+01	4.8387096774193550e+00	1.0000000000000000e+00
163	4.1935483870967744e+01	4.8387096774193541e+00	1.0000000000000000e+00
164	4.3548387096774185e+01	4.8387096774193550e+00	1.0000000000000000e+00
165	4.5161290322580648e+01	4.8387096774193550e+00	1.0000000000000000e+00
166	4.6774193548387096e+01	4.8387096774193550e+00	1.0000000000000000e+00
167	4.8387096774193544e+01	4.8387096774193550e+00	1.0000000000000000e+00
168	4.9462365591397848e+01	4.8387096774193541e+00	1.0000000000000000e+00
169	5.0000000000000000e+01	4.8387096774193550e+00	1.0000000000000000e+00
170	0.0000000000000000e+00	6.4516129032258061e+00	1.0000000000000000e+00
171	5.3763440860215062e-01	6.4516129032258061e+00	1.0000000000000000e+00
172	1.6129032258064520e+00	6.4516129032258061e+00	1.0000000000000000e+00
173	3.2258064516129030e+00	6.4516129032258061e+00	1.0000000000000000e+00
174	4.8387096774193550e+00	6.4516129032258043e+00	1.0000000000000000e+00
175	6.4516129032258061e+00	6.4516129032258061e+00	1.0000000000000000e+00
176	8.0645161290322598e+00	6.4516129032258043e+00	1.0000000000000000e+00
177	9.6774193548387100e+00	6.4516129032258069e+00	9.9999999999999978e-01
178	1.1290322580645160e+01	6.4516129032258061e+00	1.0000000000000000e+00
179	1.2903225806451612e+01	6.4516129032258061e+00	1.0000000000000000e+00
180	1.4516129032258064e+01	6.4516129032258061e+00	1.0000000000000002e+00
181	1.6129032258064520e+01	6.4516129032258061e+00	1.0000000000000000e+00
182	1.7741935483870968e+01	6.4516129032258043e+00	1.0000000000000002e+00
183	1.9354838709677420e+01	6.4516129032258078e+00	9.9999999999999978e-01
184	2.0967741935483872e+01	6.4516129032258061e+00	9.9999999999999978e-01
185	2.2580645161290324e+01	6.4516129032258061e+00	9.9999999999999978e-01
186	2.4193548387096772e+01	6.4516129032258061e+00	1.0000000000000000e+00
187	2.5806451612903231e+01	6.4516129032258078e+00	9.9999999999999978e-01
188	2.7419354838709673e+01	6.4516129032258061e+00	1.0000000000000000e+00
189	2.9032258064516128e+01	6.4516129032258061e+00	1.0000000000000000e+00
190	3.0645161290322580e+01	6.4516129032258078e+00	1.0000000000000000e+00
191	3.2258064516129039e+01	6.4516129032258061e+00	1.0000000000000000e+00
192	3.3870967741935480e+01	6.4516129032258061e+00	1.0000000000000000e+00
193	3.5483870967741943e+01	6.4516129032258078e+00	1.0000000000000000e+00
194	3.7096774193548391e+01	6.4516129032258078e+00	9.9999999999999978e-01
195	3.8709677419354833e+01	6.4516129032258061e+00	1.0000000000000000e+00
196	4.0322580645161281e+01	6.4516129032258061e+00	1.0000000000000000e+00
197	4.1935483870967744e+01	6.4516129032258043e+00	1.0000000000000000e+00
198	4.3548387096774192e+01	6.4516129032258061e+00	1.0000000000000000e+00
199	4.5161290322580641e+01	6.4516129032258061e+00	1.0000000000000000e+00
200	4.6774193548387110e+01	6.4516129032258061e+00	1.0000000000000000e+00
201	4.8387096774193544e+01	6.4516129032258061e+00	1.0000000000000000e+00
202	4.9462365591397855e+01	6.4516129032258043e+00	1.0000000000000000e+00
203	5.0000000000000000e+01	6.4516129032258061e+00	1.0000000000000000e+00
204	0.0000000000000000e+00	8.0645161290322580e+00	1.0000000000000000e+00
205	5.3763440860215062e-01	8.0645161290322580e+00	1.0000000000000000e+00
206	1.6129032258064517e+00	8.0645161290322580e+00	1.0000000000000000e+00
207	3.2258064516129030e+00	8.0645161290322580e+00	1.0000000000000000e+00
208	4.8387096774193550e+00	8.0645161290322562e+00	1.0000000000000000e+00
209	6.4516129032258061e+00	8.0645161290322580e+00	1.0000000000000000e+00
210	8.0645161290322580e+00	8.0645161290322562e+00	1.0000000000000000e+00
211	9.6774193548387100e+00	8.0645161290322580e+00	9.9999999999999989e-01
212	1.1290322580645160e+01	8.0645161290322580e+00	1.0000000000000000e+00
213	1.2903225806451612e+01	8.0645161290322580e+00	1.0000000000000000e+00
214	1.4516129032258064e+01	8.0645161290322580e+00	1.0000000000000002e+00
215	1.6129032258064516e+01	8.0645161290322580e+00	1.0000000000000000e+00
216	1.7741935483870964e+01	8.0645161290322562e+00	1.0000000000000002e+00
217	1.9354838709677420e+01	8.0645161290322598e+00	9.9999999999999989e-01
218	2.0967741935483872e+01	8.0645161290322580e+00	9.9999999999999989e-01
219	2.2580645161290324e+01	8.0645161290322580e+00	9.9999999999999989e-01
220	2.4193548387096772e+01	8.0645161290322580e+00	1.0000000000000000e+00
221	2.5806451612903228e+01	8.0645161290322598e+00	9.9999999999999989e-01
222	2.7419354838709673e+01	8.0645161290322580e+00	1.0000000000000000e+00
223	2.9032258064516128e+01	8.0645161290322580e+00	1.0000000000000000e+00
224	3.0645161290322584e+01	8.0645161290322598e+00	1.0000000000000000e+00
225	3.2258064516129032e+01	8.0645161290322580e+00	1.0000000000000000e+00
226	3.3870967741935495e+01	8.0645161290322580e+00	1.0000000000000000e+00
227	3.5483870967741936e+01	8.0645161290322598e+00	1.0000000000000000e+00
228	3.7096774193548391e+01	8.0645161290322598e+00	9.9999999999999989e-01
229	3.8709677419354833e+01	8.0645161290322580e+00	1.0000000000000000e+00
230	4.0322580645161288e+01	8.0645161290322580e+00	1.0000000000000000e+00
231	4.1935483870967744e+01	8.0645161290322562e+00	1.0000000000000000e+00
232	4.3548387096774192e+01	8.0645161290322580e+00	1.0000000000000000e+00
233	4.5161290322580648e+01	8.0645161290322580e+00	1.0000000000000000e+00
234	4.6774193548387103e+01	8.0645161290322580e+00	1.0000000000000000e+00
235	4.8387096774193544e+01	8.0645161290322580e+00	1.0000000000000000e+00
236	4.9462365591397848e+01	8.0645161290322562e+00	1.0000000000000000e+00
237	5.0000000000000000e+01	8.0645161290322580e+00	1.0000000000000000e+00
238	0.0000000000000000e+00	9.6774193548387100e+00	9.9999999999999989e-01
239	5.3763440860215073e-01	9.6774193548387117e+00	9.9999999999999989e-01
240	1.6129032258064520e+00	9.6774193548387100e+00	9.9999999999999989e-01
241	3.2258064516129026e+00	9.6774193548387100e+00	9.9999999999999989e-01
242	4.8387096774193559e+00	9.6774193548387100e+00	9.9999999999999989e-01
243	6.4516129032258052e+00	9.6774193548387100e+00	9.9999999999999989e-01
244	8.0645161290322598e+00	9.6774193548387100e+00	9.9999999999999989e-01
245	9.6774193548387082e+00	9.6774193548387100e+00	9.9999999999999978e-01
246	1.1290322580645162e+01	9.6774193548387100e+00	9.9999999999999989e-01
247	1.2903225806451610e+01	9.6774193548387100e+00	9.9999999999999989e-01
248	1.4516129032258062e+01	9.6774193548387100e+00	1.0000000000000002e+00
249	1.6129032258064520e+01	9.6774193548387100e+00	9.9999999999999989e-01
250	1.7741935483870964e+01	9.6774193548387064e+00	1.0000000000000002e+00
251	1.9354838709677416e+01	9.6774193548387100e+00	9.9999999999999978e-01
252	2.0967741935483875e+01	9.6774193548387117e+00	9.9999999999999967e-01
253	2.2580645161290327e+01	9.6774193548387117e+00	9.9999999999999967e-01
254	2.4193548387096772e+01	9.6774193548387100e+00	9.9999999999999989e-01
255	2.5806451612903224e+01	9.6774193548387100e+00	9.9999999999999978e-01
256	2.7419354838709680e+01	9.6774193548387100e+00	9.9999999999999989e-01
257	2.9032258064516132e+01	9.6774193548387100e+00	9.9999999999999989e-01
258	3.0645161290322587e+01	9.6774193548387135e+00	9.9999999999999989e-01
259	3.2258064516129039e+01	9.6774193548387100e+00	9.9999999999999989e-01
260	3.3870967741935488e+01	9.6774193548387100e+00	9.9999999999999989e-01
261	3.5483870967741943e+01	9.6774193548387135e+00	9.9999999999999989e-01
262	3.7096774193548391e+01	9.6774193548387100e+00	9.9999999999999978e-01
263	3.8709677419354833e+01	9.6774193548387100e+00	9.9999999999999989e-01
264	4.0322580645161302e+01	9.6774193548387100e+00	9.9999999999999989e-01
265	4.1935483870967751e+01	9.6774193548387100e+00	9.9999999999999989e-01
266	4.3548387096774199e+01	9.6774193548387100e+00	9.9999999999999989e-01
267	4.5161290322580648e+01	9.6774193548387100e+00	9.9999999999999989e-01
268	4.6774193548387110e+01	9.6774193548387100e+00	9.9999999999999989e-01
269	4.8387096774193544e+01	9.6774193548387100e+00	9.9999999999999989e-01
270	4.9462365591397855e+01	9.6774193548387100e+00	9.9999999999999989e-01
271	5.0000000000000000e+01	9.6774193548387100e+00	9.9999999999999989e-01
272	0.0000000000000000e+00	1.1290322580645160e+01	1.0000000000000000e+00
273	5.3763440860215062e-01	1.1290322580645162e+01	1.0000000000000000e+00
274	1.6129032258064517e+00	1.1290322580645160e+01	1.0000000000000000e+00
275	3.2258064516129030e+00	1.1290322580645160e+01	1.0000000000000000e+00
276	4.8387096774193559e+00	1.1290322580645160e+01	1.0000000000000000e+00
277	6.4516129032258061e+00	1.1290322580645160e+01	1.0000000000000000e+00
278	8.0645161290322580e+00	1.1290322580645160e+01	1.0000000000000000e+00
279	9.6774193548387100e+00	1.1290322580645162e+01	9.9999999999999989e-01
280	1.1290322580645160e+01	1.1290322580645160e+01	1.0000000000000000e+00
281	1.2903225806451612e+01	1.1290322580645160e+01	1.0000000000000000e+00
282	1.4516129032258062e+01	1.1290322580645160e+01	1.0000000000000002e+00
283	1.6129032258064516e+01	1.1290322580645160e+01	1.0000000000000000e+00
284	1.7741935483870964e+01	1.1290322580645158e+01	1.0000000000000002e+00
285	1.9354838709677420e+01	1.1290322580645162e+01	9.9999999999999989e-01
286	2.0967741935483872e+01	1.1290322580645162e+01	9.9999999999999978e-01
287	2.2580645161290324e+01	1.1290322580645160e+01	9.9999999999999978e-01
288	2.4193548387096772e+01	1.1290322580645160e+01	1.0000000000000000e+00
289	2.5806451612903228e+01	1.1290322580645162e+01	9.9999999999999989e-01
290	2.7419354838709673e+01	1.1290322580645160e+01	1.0000000000000000e+00
291	2.9032258064516128e+01	1.1290322580645160e+01	1.0000000000000000e+00
292	3.0645161290322584e+01	1.1290322580645162e+01	1.0000000000000000e+00
293	3.2258064516129032e+01	1.1290322580645160e+01	1.0000000000000000e+00
294	3.3870967741935488e+01	1.1290322580645160e+01	1.0000000000000000e+00
295	3.5483870967741936e+01	1.1290322580645162e+01	1.0000000000000000e+00
296	3.7096774193548391e+01	1.1290322580645162e+01	9.9999999999999989e-01
297	3.8709677419354833e+01	1.1290322580645160e+01	1.0000000000000000e+00
298	4.0322580645161295e+01	1.1290322580645160e+01	1.0000000000000000e+00
299	4.1935483870967737e+01	1.1290322580645160e+01	1.0000000000000000e+00
300	4.3548387096774192e+01	1.1290322580645160e+01	1.0000000000000000e+00
301	4.5161290322580648e+01	1.1290322580645160e+01	1.0000000000000000e+00
302	4.6774193548387103e+01	1.1290322580645160e+01	1.0000000000000000e+00
303	4.8387096774193544e+01	1.1290322580645160e+01	1.0000000000000000e+00
304	4.9462365591397848e+01	1.1290322580645160e+01	1.0000000000000000e+00
305	5.0000000000000000e+01	1.1290322580645160e+01	1.0000000000000000e+00
306	0.0000000000000000e+00	1.2903225806451612e+01	1.0000000000000000e+00
307	5.3763440860215062e-01	1.2903225806451616e+01	1.0000000000000000e+00
308	1.6129032258064520e+00	1.2903225806451612e+01	1.0000000000000000e+00
309	3.2258064516129039e+00	1.2903225806451612e+01	1.0000000000000000e+00
310	4.8387096774193550e+00	1.2903225806451612e+01	1.0000000000000000e+00
311	6.4516129032258078e+00	1.2903225806451612e+01	1.0000000000000000e+00
312	8.0645161290322580e+00	1.2903225806451612e+01	1.0000000000000000e+00
313	9.6774193548387117e+00	1.2903225806451614e+01	9.9999999999999989e-01
314	1.1290322580645162e+01	1.2903225806451612e+01	1.0000000000000000e+00
315	1.2903225806451616e+01	1.2903225806451612e+01	1.0000000000000000e+00
316	1.4516129032258061e+01	1.2903225806451610e+01	1.0000000000000004e+00
317	1.6129032258064516e+01	1.2903225806451612e+01	1.0000000000000000e+00
318	1.7741935483870961e+01	1.2903225806451607e+01	1.0000000000000004e+00
319	1.9354838709677423e+01	1.2903225806451614e+01	9.9999999999999989e-01
320	2.0967741935483875e+01	1.2903225806451616e+01	9.9999999999999978e-01
321	2.2580645161290327e+01	1.2903225806451614e+01	9.9999999999999978e-01
322	2.4193548387096772e+01	1.2903225806451612e+01	1.0000000000000000e+00
323	2.5806451612903235e+01	1.2903225806451614e+01	9.9999999999999989e-01
324	2.7419354838709673e+01	1.2903225806451612e+01	1.0000000000000000e+00
325	2.9032258064516128e+01	1.2903225806451612e+01	1.0000000000000000e+00
326	3.0645161290322584e+01	1.2903225806451616e+01	1.0000000000000000e+00
327	3.2258064516129032e+01	1.2903225806451612e+01	1.0000000000000000e+00
328	3.3870967741935488e+01	1.2903225806451612e+01	1.0000000000000000e+00
329	3.5483870967741936e+01	1.2903225806451616e+01	1.0000000000000000e+00
330	3.7096774193548399e+01	1.2903225806451614e+01	9.9999999999999989e-01
331	3.8709677419354840e+01	1.2903225806451612e+01	1.0000000000000000e+00
332	4.0322580645161295e+01	1.2903225806451612e+01	1.0000000000000000e+00
333	4.1935483870967751e+01	1.2903225806451612e+01	1.0000000000000000e+00
334	4.3548387096774199e+01	1.2903225806451612e+01	1.0000000000000000e+00
335	4.5161290322580648e+01	1.2903225806451612e+01	1.0000000000000000e+00
336	4.6774193548387103e+01	1.2903225806451612e+01	1.0000000000000000e+00
337	4.8387096774193544e+01	1.2903225806451612e+01	1.0000000000000000e+00
338	4.9462365591397848e+01	1.2903225806451612e+01	1.0000000000000000e+00
339	5.0000000000000007e+01	1.2903225806451612e+01	1.0000000000000000e+00
340	0.0000000000000000e+00	1.4516129032258062e+01	1.0000000000000002e+00
341	5.3763440860215073e-01	1.4516129032258066e+01	1.0000000000000002e+00
342	1.6129032258064515e+00	1.4516129032258062e+01	1.0000000000000002e+00
343	3.2258064516129030e+00	1.4516129032258062e+01	1.0000000000000002e+00
344	4.8387096774193541e+00	1.4516129032258062e+01	1.0000000000000002e+00
345	6.4516129032258061e+00	1.4516129032258062e+01	1.0000000000000002e+00
346	8.0645161290322580e+00	1.4516129032258062e+01	1.0000000000000002e+00
347	9.6774193548387117e+00	1.4516129032258068e+01	9.9999999999999989e-01
348	1.1290322580645158e+01	1.4516129032258062e+01	1.0000000000000002e+00
349	1.2903225806451612e+01	1.4516129032258062e+01	1.0000000000000002e+00
350	1.4516129032258062e+01	1.4516129032258062e+01	1.0000000000000004e+00
351	1.6129032258064516e+01	1.4516129032258062e+01	1.0000000000000002e+00
352	1.7741935483870964e+01	1.4516129032258059e+01	1.0000000000000004e+00
353	1.9354838709677423e+01	1.4516129032258068e+01	9.9999999999999989e-01
354	2.0967741935483872e+01	1.4516129032258068e+01	9.9999999999999989e-01
355	2.2580645161290324e+01	1.4516129032258066e+01	9.9999999999999989e-01
356	2.4193548387096772e+01	1.4516129032258062e+01	1.0000000000000002e+00
357	2.5806451612903235e+01	1.4516129032258068e+01	9.9999999999999989e-01
358	2.7419354838709673e+01	1.4516129032258062e+01	1.0000000000000002e+00
359	2.9032258064516125e+01	1.4516129032258062e+01	1.0000000000000002e+00
360	3.0645161290322580e+01	1.4516129032258066e+01	1.0000000000000002e+00
361	3.2258064516129032e+01	1.4516129032258062e+01	1.0000000000000002e+00
362	3.3870967741935488e+01	1.4516129032258062e+01	1.0000000000000002e+00
363	3.5483870967741936e+01	1.4516129032258066e+01	1.0000000000000002e+00
364	3.7096774193548406e+01	1.4516129032258068e+01	9.9999999999999989e-01
365	3.8709677419354833e+01	1.4516129032258062e+01	1.0000000000000002e+00
366	4.0322580645161295e+01	1.4516129032258062e+01	1.0000000000000002e+00
367	4.1935483870967744e+01	1.4516129032258062e+01	1.0000000000000002e+00
368	4.3548387096774192e+01	1.4516129032258062e+01	1.0000000000000002e+00
369	4.5161290322580648e+01	1.4516129032258062e+01	1.0000000000000002e+00
370	4.6774193548387110e+01	1.4516129032258062e+01	1.0000000000000002e+00
371	4.8387096774193544e+01	1.4516129032258062e+01	1.0000000000000002e+00
372	4.9462365591397841e+01	1.4516129032258062e+01	1.0000000000000002e+00
373	4.9999999999999993e+01	1.4516129032258062e+01	1.0000000000000002e+00
374	0.0000000000000000e+00	1.6129032258064516e+01	1.0000000000000000e+00
375	5.3763440860215062e-01	1.6129032258064516e+01	1.0000000000000000e+00
376	1.6129032258064517e+00	1.6129032258064516e+01	1.0000000000000000e+00
377	3.2258064516129035e+00	1.6129032258064516e+01	1.0000000000000000e+00
378	4.8387096774193550e+00	1.6129032258064512e+01	1.0000000000000000e+00
379	6.4516129032258069e+00	1.6129032258064516e+01	1.0000000000000000e+00
380	8.0645161290322580e+00	1.6129032258064512e+01	1.0000000000000000e+00
381	9.6774193548387100e+00	1.6129032258064520e+01	9.9999999999999989e-01
382	1.1290322580645160e+01	1.6129032258064516e+01	1.0000000000000000e+00
383	1.2903225806451614e+01	1.6129032258064516e+01	1.0000000000000000e+00
384	1.4516129032258062e+01	1.6129032258064512e+01	1.0000000000000002e+00
385	1.6129032258064516e+01	1.6129032258064516e+01	1.0000000000000000e+00
386	1.7741935483870968e+01	1.6129032258064512e+01	1.0000000000000002e+00
387	1.9354838709677420e+01	1.6129032258064520e+01	9.9999999999999989e-01
388	2.0967741935483872e+01	1.6129032258064516e+01	9.9999999999999978e-01
389	2.2580645161290324e+01	1.6129032258064516e+01	9.9999999999999978e-01
390	2.4193548387096772e+01	1.6129032258064516e+01	1.0000000000000000e+00
391	2.5806451612903231e+01	1.6129032258064520e+01	9.9999999999999989e-01
392	2.7419354838709676e+01	1.6129032258064516e+01	1.0000000000000000e+00
393	2.9032258064516132e+01	1.6129032258064516e+01	1.0000000000000000e+00
394	3.0645161290322584e+01	1.6129032258064516e+01	1.0000000000000000e+00
395	3.2258064516129032e+01	1.6129032258064516e+01	1.0000000000000000e+00
396	3.3870967741935488e+01	1.6129032258064516e+01	1.0000000000000000e+00
397	3.5483870967741943e+01	1.6129032258064516e+01	1.0000000000000000e+00
398	3.7096774193548391e+01	1.6129032258064520e+01	9.9999999999999989e-01
399	3.8709677419354833e+01	1.6129032258064516e+01	1.0000000000000000e+00
400	4.0322580645161295e+01	1.6129032258064516e+01	1.0000000000000000e+00
401	4.1935483870967744e+01	1.6129032258064512e+01	1.0000000000000000e+00
402	4.3548387096774199e+01	1.6129032258064516e+01	1.0000000000000000e+00
403	4.5161290322580655e+01	1.6129032258064516e+01	1.0000000000000000e+00
404	4.6774193548387103e+01	1.6129032258064516e+01	1.0000000000000000e+00
405	4.8387096774193544e+01	1.6129032258064516e+01	1.0000000000000000e+00
406	4.9462365591397848e+01	1.6129032258064512e+01	1.0000000000000000e+00
407	5.0000000000000000e+01	1.6129032258064516e+01	1.0000000000000000e+00
408	0.0000000000000000e+00	1.7741935483870964e+01	1.0000000000000002e+00
409	5.3763440860215050e-01	1.7741935483870964e+01	1.0000000000000002e+00
410	1.6129032258064511e+00	1.7741935483870964e+01	1.0000000000000002e+00
411	3.2258064516129021e+00	1.7741935483870964e+01	1.0000000000000002e+00
412	4.8387096774193550e+00	1.7741935483870961e+01	1.0000000000000002e+00
413	6.4516129032258043e+00	1.7741935483870964e+01	1.0000000000000002e+00
414	8.0645161290322580e+00	1.7741935483870961e+01	1.0000000000000002e+00
415	9.6774193548387117e+00	1.7741935483870968e+01	9.9999999999999978e-01
416	1.1290322580645158e+01	1.7741935483870964e+01	1.0000000000000002e+00
417	1.2903225806451609e+01	1.7741935483870964e+01	1.0000000000000002e+00
418	1.4516129032258062e+01	1.7741935483870964e+01	1.0000000000000002e+00
419	1.6129032258064516e+01	1.7741935483870964e+01	1.0000000000000002e+00
420	1.7741935483870968e+01	1.7741935483870964e+01	1.0000000000000002e+00
421	1.9354838709677423e+01	1.7741935483870972e+01	9.9999999999999978e-01
422	2.0967741935483872e+01	1.7741935483870968e+01	9.9999999999999978e-01
423	2.2580645161290324e+01	1.7741935483870968e+01	9.9999999999999978e-01
424	2.4193548387096765e+01	1.7741935483870964e+01	1.0000000000000002e+00
425	2.5806451612903231e+01	1.7741935483870972e+01	9.9999999999999978e-01
426	2.7419354838709666e+01	1.7741935483870964e+01	1.0000000000000002e+00
427	2.9032258064516125e+01	1.7741935483870964e+01	1.0000000000000002e+00
428	3.0645161290322577e+01	1.7741935483870964e+01	1.0000000000000002e+00
429	3.2258064516129032e+01	1.7741935483870964e+01	1.0000000000000002e+00
430	3.3870967741935480e+01	1.7741935483870964e+01	1.0000000000000002e+00
431	3.5483870967741936e+01	1.7741935483870964e+01	1.0000000000000002e+00
432	3.7096774193548384e+01	1.7741935483870972e+01	9.9999999999999978e-01
433	3.8709677419354833e+01	1.7741935483870964e+01	1.0000000000000002e+00
434	4.0322580645161281e+01	1.7741935483870964e+01	1.0000000000000002e+00
435	4.1935483870967737e+01	1.7741935483870961e+01	1.0000000000000002e+00
436	4.3548387096774185e+01	1.7741935483870964e+01	1.0000000000000002e+00
437	4.5161290322580633e+01	1.7741935483870964e+01	1.0000000000000002e+00
438	4.6774193548387096e+01	1.7741935483870964e+01	1.0000000000000002e+00
439	4.8387096774193530e+01	1.7741935483870964e+01	1.0000000000000002e+00
440	4.9462365591397834e+01	1.7741935483870961e+01	1.0000000000000002e+00
441	4.9999999999999993e+01	1.7741935483870964e+01	1.0000000000000002e+00
442	0.0000000000000000e+00	1.9354838709677420e+01	9.9999999999999989e-01
443	5.3763440860215062e-01	1.9354838709677423e+01	9.9999999999999989e-01
444	1.6129032258064517e+00	1.9354838709677420e+01	9.9999999999999989e-01
445	3.2258064516129030e+00	1.9354838709677420e+01	9.9999999999999989e-01
446	4.8387096774193559e+00	1.9354838709677420e+01	9.9999999999999989e-01
447	6.4516129032258061e+00	1.9354838709677420e+01	9.9999999999999989e-01
448	8.0645161290322598e+00	1.9354838709677420e+01	9.9999999999999989e-01
449	9.6774193548387100e+00	1.9354838709677420e+01	9.9999999999999978e-01
450	1.1290322580645162e+01	1.9354838709677420e+01	9.9999999999999989e-01
451	1.2903225806451612e+01	1.9354838709677420e+01	9.9999999999999989e-01
452	1.4516129032258061e+01	1.9354838709677416e+01	1.0000000000000002e+00
453	1.6129032258064520e+01	1.9354838709677420e+01	9.9999999999999989e-01
454	1.7741935483870964e+01	1.9354838709677413e+01	1.0000000000000002e+00
455	1.9354838709677420e+01	1.9354838709677420e+01	9.9999999999999978e-01
456	2.0967741935483875e+01	1.9354838709677423e+01	9.9999999999999967e-01
457	2.2580645161290327e+01	1.9354838709677420e+01	9.9999999999999967e-01
458	2.4193548387096776e+01	1.9354838709677420e+01	9.9999999999999989e-01
459	2.5806451612903228e+01	1.9354838709677420e+01	9.9999999999999978e-01
460	2.7419354838709673e+01	1.9354838709677420e+01	9.9999999999999989e-01
461	2.9032258064516132e+01	1.9354838709677420e+01	9.9999999999999989e-01
462	3.0645161290322584e+01	1.9354838709677423e+01	9.9999999999999989e-01
463	3.2258064516129039e+01	1.9354838709677420e+01	9.9999999999999989e-01
464	3.3870967741935495e+01	1.9354838709677420e+01	9.9999999999999989e-01
465	3.5483870967741943e+01	1.9354838709677423e+01	9.9999999999999989e-01
466	3.7096774193548384e+01	1.9354838709677420e+01	9.9999999999999978e-01
467	3.8709677419354840e+01	1.9354838709677420e+01	9.9999999999999989e-01
468	4.0322580645161295e+01	1.9354838709677420e+01	9.9999999999999989e-01
469	4.1935483870967751e+01	1.9354838709677420e+01	9.9999999999999989e-01
470	4.3548387096774192e+01	1.9354838709677420e+01	9.9999999999999989e-01
471	4.5161290322580648e+01	1.9354838709677420e+01	9.9999999999999989e-01
472	4.6774193548387110e+01	1.9354838709677420e+01	9.9999999999999989e-01
473	4.8387096774193552e+01	1.9354838709677420e+01	9.9999999999999989e-01
474	4.9462365591397855e+01	1.9354838709677420e+01	9.9999999999999989e-01
475	5.0000000000000007e+01	1.9354838709677420e+01	9.9999999999999989e-01
476	0.0000000000000000e+00	2.0967741935483872e+01	9.9999999999999978e-01
477	5.3763440860215062e-01	2.0967741935483875e+01	9.9999999999999978e-01
478	1.6129032258064520e+00	2.0967741935483872e+01	9.9999999999999978e-01
479	3.2258064516129030e+00	2.0967741935483872e+01	9.9999999999999978e-01
480	4.8387096774193550e+00	2.0967741935483868e+01	9.9999999999999978e-01
481	6.4516129032258061e+00	2.0967741935483872e+01	9.9999999999999978e-01
482	8.0645161290322598e+00	2.0967741935483868e+01	9.9999999999999978e-01
483	9.6774193548387117e+00	2.0967741935483872e+01	9.9999999999999967e-01
484	1.1290322580645162e+01	2.0967741935483872e+01	9.9999999999999978e-01
485	1.2903225806451612e+01	2.0967741935483872e+01	9.9999999999999978e-01
486	1.4516129032258061e+01	2.0967741935483868e+01	1.0000000000000002e+00
487	1.6129032258064520e+01	2.0967741935483872e+01	9.9999999999999978e-01
488	1.7741935483870961e+01	2.0967741935483865e+01	1.0000000000000002e+00
489	1.9354838709677423e+01	2.0967741935483875e+01	9.9999999999999967e-01
490	2.0967741935483875e+01	2.0967741935483872e+01	9.9999999999999967e-01
491	2.2580645161290327e+01	2.0967741935483872e+01	9.9999999999999967e-01
492	2.4193548387096776e+01	2.0967741935483872e+01	9.9999999999999978e-01
493	2.5806451612903224e+01	2.0967741935483875e+01	9.9999999999999967e-01
494	2.7419354838709673e+01	2.0967741935483872e+01	9.9999999999999978e-01
495	2.9032258064516128e+01	2.0967741935483872e+01	9.9999999999999978e-01
496	3.0645161290322584e+01	2.0967741935483875e+01	9.9999999999999978e-01
497	3.2258064516129039e+01	2.0967741935483872e+01	9.9999999999999978e-01
498	3.3870967741935488e+01	2.0967741935483872e+01	9.9999999999999978e-01
499	3.5483870967741936e+01	2.0967741935483875e+01	9.9999999999999978e-01
500	3.7096774193548391e+01	2.0967741935483875e+01	9.9999999999999967e-01
501	3.8709677419354840e+01	2.0967741935483872e+01	9.9999999999999978e-01
502	4.0322580645161288e+01	2.0967741935483872e+01	9.9999999999999978e-01
503	4.1935483870967744e+01	2.0967741935483868e+01	9.9999999999999978e-01
504	4.3548387096774192e+01	2.0967741935483872e+01	9.9999999999999978e-01
505	4.5161290322580648e+01	2.0967741935483872e+01	9.9999999999999978e-01
506	4.6774193548387096e+01	2.0967741935483872e+01	9.9999999999999978e-01
507	4.8387096774193552e+01	2.0967741935483872e+01	9.9999999999999978e-01
508	4.9462365591397855e+01	2.0967741935483868e+01	9.9999999999999978e-01
509	5.0000000000000007e+01	2.0967741935483872e+01	9.9999999999999978e-01
510	0.0000000000000000e+00	2.2580645161290324e+01	9.9999999999999978e-01
511	5.3763440860215073e-01	2.2580645161290324e+01	9.9999999999999978e-01
512	1.6129032258064520e+00	2.2580645161290327e+01	9.9999999999999978e-01
513	3.2258064516129035e+00	2.2580645161290327e+01	9.9999999999999978e-01
514	4.8387096774193559e+00	2.2580645161290324e+01	9.9999999999999978e-01
515	6.4516129032258069e+00	2.2580645161290324e+01	9.9999999999999978e-01
516	8.0645161290322580e+00	2.2580645161290324e+01	9.9999999999999978e-01
517	9.6774193548387117e+00	2.2580645161290320e+01	9.9999999999999967e-01
518	1.1290322580645160e+01	2.2580645161290324e+01	9.9999999999999978e-01
519	1.2903225806451614e+01	2.2580645161290327e+01	9.9999999999999978e-01
520	1.4516129032258066e+01	2.2580645161290327e+01	9.9999999999999989e-01
521	1.6129032258064516e+01	2.2580645161290324e+01	9.9999999999999978e-01
522	1.7741935483870968e+01	2.2580645161290327e+01	9.9999999999999989e-01
523	1.9354838709677423e+01	2.2580645161290327e+01	9.9999999999999967e-01
524	2.0967741935483875e+01	2.2580645161290327e+01	9.9999999999999967e-01
525	2.2580645161290324e+01	2.2580645161290320e+01	9.9999999999999967e-01
526	2.4193548387096772e+01	2.2580645161290324e+01	9.9999999999999978e-01
527	2.5806451612903228e+01	2.2580645161290327e+01	9.9999999999999967e-01
528	2.7419354838709673e+01	2.2580645161290324e+01	9.9999999999999978e-01
529	2.9032258064516132e+01	2.2580645161290324e+01	9.9999999999999978e-01
530	3.0645161290322584e+01	2.2580645161290327e+01	9.9999999999999978e-01
531	3.2258064516129032e+01	2.2580645161290324e+01	9.9999999999999978e-01
532	3.3870967741935488e+01	2.2580645161290324e+01	9.9999999999999978e-01
533	3.5483870967741936e+01	2.2580645161290324e+01	9.9999999999999978e-01
534	3.7096774193548391e+01	2.2580645161290327e+01	9.9999999999999967e-01
535	3.8709677419354840e+01	2.2580645161290324e+01	9.9999999999999978e-01
536	4.0322580645161288e+01	2.2580645161290324e+01	9.9999999999999978e-01
537	4.1935483870967744e+01	2.2580645161290324e+01	9.9999999999999978e-01
538	4.3548387096774192e+01	2.2580645161290324e+01	9.9999999999999978e-01
539	4.5161290322580641e+01	2.2580645161290324e+01	9.9999999999999978e-01
540	4.6774193548387103e+01	2.2580645161290327e+01	9.9999999999999978e-01
541	4.8387096774193544e+01	2.2580645161290324e+01	9.9999999999999978e-01
542	4.9462365591397855e+01	2.2580645161290324e+01	9.9999999999999978e-01
543	5.0000000000000000e+01	2.2580645161290324e+01	9.9999999999999978e-01
544	0.0000000000000000e+00	2.4193548387096772e+01	1.0000000000000000e+00
545	5.3763440860215062e-01	2.4193548387096776e+01	1.0000000000000000e+00
546	1.6129032258064517e+00	2.4193548387096776e+01	1.0000000000000000e+00
547	3.2258064516129030e+00	2.4193548387096776e+01	1.0000000000000000e+00
548	4.8387096774193550e+00	2.4193548387096769e+01	1.0000000000000000e+00
549	6.4516129032258061e+00	2.4193548387096772e+01	1.0000000000000000e+00
550	8.0645161290322580e+00	2.4193548387096769e+01	1.0000000000000000e+00
551	9.6774193548387100e+00	2.4193548387096776e+01	9.9999999999999978e-01
552	1.1290322580645158e+01	2.4193548387096772e+01	1.0000000000000000e+00
553	1.2903225806451612e+01	2.4193548387096776e+01	1.0000000000000000e+00
554	1.4516129032258062e+01	2.4193548387096769e+01	1.0000000000000002e+00
555	1.6129032258064516e+01	2.4193548387096772e+01	1.0000000000000000e+00
556	1.7741935483870964e+01	2.4193548387096769e+01	1.0000000000000002e+00
557	1.9354838709677420e+01	2.4193548387096779e+01	9.9999999999999978e-01
558	2.0967741935483868e+01	2.4193548387096776e+01	9.9999999999999978e-01
559	2.2580645161290320e+01	2.4193548387096776e+01	9.9999999999999978e-01
560	2.4193548387096769e+01	2.4193548387096772e+01	1.0000000000000000e+00
561	2.5806451612903231e+01	2.4193548387096779e+01	9.9999999999999978e-01
562	2.7419354838709669e+01	2.4193548387096772e+01	1.0000000000000000e+00
563	2.9032258064516128e+01	2.4193548387096772e+01	1.0000000000000000e+00
564	3.0645161290322584e+01	2.4193548387096776e+01	1.0000000000000000e+00
565	3.2258064516129032e+01	2.4193548387096772e+01	1.0000000000000000e+00
566	3.3870967741935488e+01	2.4193548387096772e+01	1.0000000000000000e+00
567	3.5483870967741936e+01	2.4193548387096772e+01	1.0000000000000000e+00
568	3.7096774193548391e+01	2.4193548387096779e+01	9.9999999999999978e-01
569	3.8709677419354833e+01	2.4193548387096772e+01	1.0000000000000000e+00
570	4.0322580645161288e+01	2.4193548387096772e+01	1.0000000000000000e+00
571	4.1935483870967737e+01	2.4193548387096769e+01	1.0000000000000000e+00
572	4.3548387096774192e+01	2.4193548387096772e+01	1.0000000000000000e+00
573	4.5161290322580648e+01	2.4193548387096772e+01	1.0000000000000000e+00
574	4.6774193548387103e+01	2.4193548387096776e+01	1.0000000000000000e+00
575	4.8387096774193537e+01	2.4193548387096772e+01	1.0000000000000000e+00
576	4.9462365591397841e+01	2.4193548387096769e+01	1.0000000000000000e+00
577	4.9999999999999993e+01	2.4193548387096772e+01	1.0000000000000000e+00
578	0.0000000000000000e+00	2.5806451612903228e+01	9.9999999999999989e-01
579	5.3763440860215073e-01	2.5806451612903228e+01	9.9999999999999989e-01
580	1.6129032258064520e+00	2.5806451612903231e+01	9.9999999999999989e-01
581	3.2258064516129035e+00	2.5806451612903231e+01	9.9999999999999989e-01
582	4.8387096774193559e+00	2.5806451612903228e+01	9.9999999999999989e-01
583	6.4516129032258069e+00	2.5806451612903228e+01	9.9999999999999989e-01
584	8.0645161290322598e+00	2.5806451612903228e+01	9.9999999999999989e-01
585	9.6774193548387100e+00	2.5806451612903221e+01	9.9999999999999989e-01
586	1.1290322580645160e+01	2.5806451612903228e+01	9.9999999999999989e-01
587	1.2903225806451614e+01	2.5806451612903231e+01	9.9999999999999989e-01
588	1.4516129032258062e+01	2.5806451612903221e+01	1.0000000000000002e+00
589	1.6129032258064520e+01	2.5806451612903228e+01	9.9999999999999989e-01
590	1.7741935483870964e+01	2.5806451612903221e+01	1.0000000000000002e+00
591	1.9354838709677420e+01	2.5806451612903228e+01	9.9999999999999989e-01
592	2.0967741935483872e+01	2.5806451612903228e+01	9.9999999999999967e-01
593	2.2580645161290324e+01	2.5806451612903224e+01	9.9999999999999967e-01
594	2.4193548387096776e+01	2.5806451612903228e+01	9.9999999999999989e-01
595	2.5806451612903228e+01	2.5806451612903228e+01	9.9999999999999989e-01
596	2.7419354838709673e+01	2.5806451612903228e+01	9.9999999999999989e-01
597	2.9032258064516132e+01	2.5806451612903228e+01	9.9999999999999989e-01
598	3.0645161290322591e+01	2.5806451612903231e+01	9.9999999999999989e-01
599	3.2258064516129039e+01	2.5806451612903228e+01	9.9999999999999989e-01
600	3.3870967741935495e+01	2.5806451612903228e+01	9.9999999999999989e-01
601	3.5483870967741943e+01	2.5806451612903228e+01	9.9999999999999989e-01
602	3.7096774193548391e+01	2.5806451612903228e+01	9.9999999999999989e-01
603	3.8709677419354840e+01	2.5806451612903228e+01	9.9999999999999989e-01
604	4.0322580645161295e+01	2.5806451612903228e+01	9.9999999999999989e-01
605	4.1935483870967751e+01	2.5806451612903228e+01	9.9999999999999989e-01
606	4.3548387096774199e+01	2.5806451612903228e+01	9.9999999999999989e-01
607	4.5161290322580655e+01	2.5806451612903228e+01	9.9999999999999989e-01
608	4.6774193548387110e+01	2.5806451612903231e+01	9.9999999999999989e-01
609	4.8387096774193552e+01	2.5806451612903228e+01	9.9999999999999989e-01
610	4.9462365591397848e+01	2.5806451612903228e+01	9.9999999999999989e-01
611	5.0000000000000007e+01	2.5806451612903228e+01	9.9999999999999989e-01
612	0.0000000000000000e+00	2.7419354838709673e+01	1.0000000000000000e+00
613	5.3763440860215062e-01	2.7419354838709680e+01	1.0000000000000000e+00
614	1.6129032258064520e+00	2.7419354838709676e+01	1.0000000000000000e+00
615	3.2258064516129030e+00	2.7419354838709676e+01	1.0000000000000000e+00
616	4.8387096774193550e+00	2.7419354838709673e+01	1.0000000000000000e+00
617	6.4516129032258061e+00	2.7419354838709673e+01	1.0000000000000000e+00
618	8.0645161290322580e+00	2.7419354838709673e+01	1.0000000000000000e+00
619	9.6774193548387082e+00	2.7419354838709680e+01	9.9999999999999978e-01
620	1.1290322580645160e+01	2.7419354838709673e+01	1.0000000000000000e+00
621	1.2903225806451612e+01	2.7419354838709676e+01	1.0000000000000000e+00
622	1.4516129032258062e+01	2.7419354838709673e+01	1.0000000000000002e+00
623	1.6129032258064516e+01	2.7419354838709673e+01	1.0000000000000000e+00
624	1.7741935483870964e+01	2.7419354838709669e+01	1.0000000000000002e+00
625	1.9354838709677416e+01	2.7419354838709680e+01	9.9999999999999978e-01
626	2.0967741935483872e+01	2.7419354838709680e+01	9.9999999999999978e-01
627	2.2580645161290324e+01	2.7419354838709676e+01	9.9999999999999978e-01
628	2.4193548387096772e+01	2.7419354838709673e+01	1.0000000000000000e+00
629	2.5806451612903231e+01	2.7419354838709680e+01	9.9999999999999978e-01
630	2.7419354838709673e+01	2.7419354838709673e+01	1.0000000000000000e+00
631	2.9032258064516132e+01	2.7419354838709673e+01	1.0000000000000000e+00
632	3.0645161290322584e+01	2.7419354838709680e+01	1.0000000000000000e+00
633	3.2258064516129032e+01	2.7419354838709673e+01	1.0000000000000000e+00
634	3.3870967741935488e+01	2.7419354838709673e+01	1.0000000000000000e+00
635	3.5483870967741936e+01	2.7419354838709680e+01	1.0000000000000000e+00
636	3.7096774193548384e+01	2.7419354838709680e+01	9.9999999999999978e-01
637	3.8709677419354826e+01	2.7419354838709673e+01	1.0000000000000000e+00
638	4.0322580645161288e+01	2.7419354838709673e+01	1.0000000000000000e+00
639	4.1935483870967744e+01	2.7419354838709673e+01	1.0000000000000000e+00
640	4.3548387096774192e+01	2.7419354838709673e+01	1.0000000000000000e+00
641	4.5161290322580641e+01	2.7419354838709673e+01	1.0000000000000000e+00
642	4.6774193548387096e+01	2.7419354838709676e+01	1.0000000000000000e+00
643	4.8387096774193544e+01	2.7419354838709673e+01	1.0000000000000000e+00
644	4.9462365591397855e+01	2.7419354838709673e+01	1.0000000000000000e+00
645	4.9999999999999993e+01	2.7419354838709673e+01	1.0000000000000000e+00
646	0.0000000000000000e+00	2.9032258064516128e+01	1.0000000000000000e+00
647	5.3763440860215062e-01	2.9032258064516128e+01	1.0000000000000000e+00
648	1.6129032258064515e+00	2.9032258064516128e+01	1.0000000000000000e+00
649	3.2258064516129030e+00	2.9032258064516128e+01	1.0000000000000000e+00
650	4.8387096774193550e+00	2.9032258064516128e+01	1.0000000000000000e+00
651	6.4516129032258061e+00	2.9032258064516128e+01	1.0000000000000000e+00
652	8.0645161290322580e+00	2.9032258064516128e+01	1.0000000000000000e+00
653	9.6774193548387100e+00	2.9032258064516128e+01	9.9999999999999978e-01
654	1.1290322580645160e+01	2.9032258064516128e+01	1.0000000000000000e+00
655	1.2903225806451612e+01	2.9032258064516128e+01	1.0000000000000000e+00
656	1.4516129032258062e+01	2.9032258064516121e+01	1.0000000000000002e+00
657	1.6129032258064516e+01	2.9032258064516128e+01	1.0000000000000000e+00
658	1.7741935483870964e+01	2.9032258064516121e+01	1.0000000000000002e+00
659	1.9354838709677420e+01	2.9032258064516135e+01	9.9999999999999978e-01
660	2.0967741935483872e+01	2.9032258064516132e+01	9.9999999999999978e-01
661	2.2580645161290324e+01	2.9032258064516128e+01	9.9999999999999978e-01
662	2.4193548387096772e+01	2.9032258064516125e+01	1.0000000000000000e+00
663	2.5806451612903231e+01	2.9032258064516135e+01	9.9999999999999978e-01
664	2.7419354838709673e+01	2.9032258064516125e+01	1.0000000000000000e+00
665	2.9032258064516128e+01	2.9032258064516128e+01	1.0000000000000000e+00
666	3.0645161290322584e+01	2.9032258064516128e+01	1.0000000000000000e+00
667	3.2258064516129032e+01	2.9032258064516128e+01	1.0000000000000000e+00
668	3.3870967741935488e+01	2.9032258064516128e+01	1.0000000000000000e+00
669	3.5483870967741936e+01	2.9032258064516128e+01	1.0000000000000000e+00
670	3.7096774193548391e+01	2.9032258064516135e+01	9.9999999999999978e-01
671	3.8709677419354833e+01	2.9032258064516128e+01	1.0000000000000000e+00
672	4.0322580645161288e+01	2.9032258064516128e+01	1.0000000000000000e+00
673	4.1935483870967744e+01	2.9032258064516128e+01	1.0000000000000000e+00
674	4.3548387096774199e+01	2.9032258064516128e+01	1.0000000000000000e+00
675	4.5161290322580641e+01	2.9032258064516128e+01	1.0000000000000000e+00
676	4.6774193548387096e+01	2.9032258064516128e+01	1.0000000000000000e+00
677	4.8387096774193544e+01	2.9032258064516128e+01	1.0000000000000000e+00
678	4.9462365591397848e+01	2.9032258064516128e+01	1.0000000000000000e+00
679	5.0000000000000000e+01	2.9032258064516128e+01	1.0000000000000000e+00
680	0.0000000000000000e+00	3.0645161290322584e+01	1.0000000000000000e+00
681	5.3763440860215062e-01	3.0645161290322584e+01	1.0000000000000000e+00
682	1.6129032258064517e+00	3.0645161290322584e+01	1.0000000000000000e+00
683	3.2258064516129035e+00	3.0645161290322584e+01	1.0000000000000000e+00
684	4.8387096774193559e+00	3.0645161290322577e+01	1.0000000000000000e+00
685	6.4516129032258069e+00	3.0645161290322584e+01	1.0000000000000000e+00
686	8.0645161290322580e+00	3.0645161290322577e+01	1.0000000000000000e+00
687	9.6774193548387100e+00	3.0645161290322577e+01	9.9999999999999989e-01
688	1.1290322580645160e+01	3.0645161290322584e+01	1.0000000000000000e+00
689	1.2903225806451614e+01	3.0645161290322584e+01	1.0000000000000000e+00
690	1.4516129032258062e+01	3.0645161290322577e+01	1.0000000000000002e+00
691	1.6129032258064516e+01	3.0645161290322584e+01	1.0000000000000000e+00
692	1.7741935483870964e+01	3.0645161290322577e+01	1.0000000000000002e+00
693	1.9354838709677420e+01	3.0645161290322587e+01	9.9999999999999989e-01
694	2.0967741935483875e+01	3.0645161290322580e+01	9.9999999999999989e-01
695	2.2580645161290324e+01	3.0645161290322573e+01	9.9999999999999989e-01
696	2.4193548387096776e+01	3.0645161290322580e+01	1.0000000000000000e+00
697	2.5806451612903231e+01	3.0645161290322587e+01	9.9999999999999989e-01
698	2.7419354838709676e+01	3.0645161290322580e+01	1.0000000000000000e+00
699	2.9032258064516128e+01	3.0645161290322584e+01	1.0000000000000000e+00
700	3.0645161290322591e+01	3.0645161290322584e+01	1.0000000000000000e+00
701	3.2258064516129032e+01	3.0645161290322584e+01	1.0000000000000000e+00
702	3.3870967741935488e+01	3.0645161290322584e+01	1.0000000000000000e+00
703	3.5483870967741936e+01	3.0645161290322584e+01	1.0000000000000000e+00
704	3.7096774193548391e+01	3.0645161290322587e+01	9.9999999999999989e-01
705	3.8709677419354833e+01	3.0645161290322584e+01	1.0000000000000000e+00
706	4.0322580645161288e+01	3.0645161290322584e+01	1.0000000000000000e+00
707	4.1935483870967744e+01	3.0645161290322577e+01	1.0000000000000000e+00
708	4.3548387096774192e+01	3.0645161290322584e+01	1.0000000000000000e+00
709	4.5161290322580655e+01	3.0645161290322584e+01	1.0000000000000000e+00
710	4.6774193548387110e+01	3.0645161290322584e+01	1.0000000000000000e+00
711	4.8387096774193552e+01	3.0645161290322584e+01	1.0000000000000000e+00
712	4.9462365591397848e+01	3.0645161290322577e+01	1.0000000000000000e+00
713	5.0000000000000007e+01	3.0645161290322584e+01	1.0000000000000000e+00
714	0.0000000000000000e+00	3.2258064516129032e+01	1.0000000000000000e+00
715	5.3763440860215062e-01	3.2258064516129039e+01	1.0000000000000000e+00
716	1.6129032258064517e+00	3.2258064516129032e+01	1.0000000000000000e+00
717	3.2258064516129030e+00	3.2258064516129032e+01	1.0000000000000000e+00
718	4.8387096774193559e+00	3.2258064516129032e+01	1.0000000000000000e+00
719	6.4516129032258061e+00	3.2258064516129032e+01	1.0000000000000000e+00
720	8.0645161290322598e+00	3.2258064516129032e+01	1.0000000000000000e+00
721	9.6774193548387100e+00	3.2258064516129032e+01	9.9999999999999989e-01
722	1.1290322580645160e+01	3.2258064516129032e+01	1.0000000000000000e+00
723	1.2903225806451612e+01	3.2258064516129032e+01	1.0000000000000000e+00
724	1.4516129032258064e+01	3.2258064516129025e+01	1.0000000000000002e+00
725	1.6129032258064520e+01	3.2258064516129032e+01	1.0000000000000000e+00
726	1.7741935483870964e+01	3.2258064516129025e+01	1.0000000000000002e+00
727	1.9354838709677420e+01	3.2258064516129039e+01	9.9999999999999989e-01
728	2.0967741935483872e+01	3.2258064516129039e+01	9.9999999999999978e-01
729	2.2580645161290324e+01	3.2258064516129032e+01	9.9999999999999978e-01
730	2.4193548387096772e+01	3.2258064516129032e+01	1.0000000000000000e+00
731	2.5806451612903228e+01	3.2258064516129039e+01	9.9999999999999989e-01
732	2.7419354838709673e+01	3.2258064516129032e+01	1.0000000000000000e+00
733	2.9032258064516128e+01	3.2258064516129032e+01	1.0000000000000000e+00
734	3.0645161290322584e+01	3.2258064516129032e+01	1.0000000000000000e+00
735	3.2258064516129039e+01	3.2258064516129032e+01	1.0000000000000000e+00
736	3.3870967741935488e+01	3.2258064516129032e+01	1.0000000000000000e+00
737	3.5483870967741936e+01	3.2258064516129032e+01	1.0000000000000000e+00
738	3.7096774193548391e+01	3.2258064516129039e+01	9.9999999999999989e-01
739	3.8709677419354833e+01	3.2258064516129032e+01	1.0000000000000000e+00
740	4.0322580645161288e+01	3.2258064516129032e+01	1.0000000000000000e+00
741	4.1935483870967744e+01	3.2258064516129032e+01	1.0000000000000000e+00
742	4.3548387096774192e+01	3.2258064516129032e+01	1.0000000000000000e+00
743	4.5161290322580648e+01	3.2258064516129032e+01	1.0000000000000000e+00
744	4.6774193548387103e+01	3.2258064516129032e+01	1.0000000000000000e+00
745	4.8387096774193544e+01	3.2258064516129032e+01	1.0000000000000000e+00
746	4.9462365591397848e+01	3.2258064516129032e+01	1.0000000000000000e+00
747	5.0000000000000000e+01	3.2258064516129032e+01	1.0000000000000000e+00
748	0.0000000000000000e+00	3.3870967741935488e+01	1.0000000000000000e+00
749	5.3763440860215062e-01	3.3870967741935488e+01	1.0000000000000000e+00
750	1.6129032258064517e+00	3.3870967741935488e+01	1.0000000000000000e+00
751	3.2258064516129030e+00	3.3870967741935488e+01	1.0000000000000000e+00
752	4.8387096774193550e+00	3.3870967741935480e+01	1.0000000000000000e+00
753	6.4516129032258061e+00	3.3870967741935488e+01	1.0000000000000000e+00
754	8.0645161290322580e+00	3.3870967741935480e+01	1.0000000000000000e+00
755	9.6774193548387100e+00	3.3870967741935480e+01	9.9999999999999978e-01
756	1.1290322580645160e+01	3.3870967741935488e+01	1.0000000000000000e+00
757	1.2903225806451612e+01	3.3870967741935488e+01	1.0000000000000000e+00
758	1.4516129032258062e+01	3.3870967741935480e+01	1.0000000000000002e+00
759	1.6129032258064516e+01	3.3870967741935488e+01	1.0000000000000000e+00
760	1.7741935483870964e+01	3.3870967741935480e+01	1.0000000000000002e+00
761	1.9354838709677420e+01	3.3870967741935495e+01	9.9999999999999978e-01
762	2.0967741935483872e+01	3.3870967741935488e+01	9.9999999999999978e-01
763	2.2580645161290324e+01	3.3870967741935480e+01	9.9999999999999978e-01
764	2.4193548387096772e+01	3.3870967741935480e+01	1.0000000000000000e+00
765	2.5806451612903231e+01	3.3870967741935495e+01	9.9999999999999978e-01
766	2.7419354838709673e+01	3.3870967741935480e+01	1.0000000000000000e+00
767	2.9032258064516128e+01	3.3870967741935488e+01	1.0000000000000000e+00
768	3.0645161290322584e+01	3.3870967741935488e+01	1.0000000000000000e+00
769	3.2258064516129032e+01	3.3870967741935488e+01	1.0000000000000000e+00
770	3.3870967741935488e+01	3.3870967741935488e+01	1.0000000000000000e+00
771	3.5483870967741936e+01	3.3870967741935488e+01	1.0000000000000000e+00
772	3.7096774193548391e+01	3.3870967741935495e+01	9.9999999999999978e-01
773	3.8709677419354833e+01	3.3870967741935488e+01	1.0000000000000000e+00
774	4.0322580645161288e+01	3.3870967741935488e+01	1.0000000000000000e+00
775	4.1935483870967744e+01	3.3870967741935480e+01	1.0000000000000000e+00
776	4.3548387096774192e+01	3.3870967741935488e+01	1.0000000000000000e+00
777	4.5161290322580655e+01	3.3870967741935488e+01	1.0000000000000000e+00
778	4.6774193548387103e+01	3.3870967741935488e+01	1.0000000000000000e+00
779	4.8387096774193544e+01	3.3870967741935488e+01	1.0000000000000000e+00
780	4.9462365591397855e+01	3.3870967741935480e+01	1.0000000000000000e+00
781	5.0000000000000000e+01	3.3870967741935488e+01	1.0000000000000000e+00
782	0.0000000000000000e+00	3.5483870967741936e+01	1.0000000000000000e+00
783	5.3763440860215062e-01	3.5483870967741936e+01	1.0000000000000000e+00
784	1.6129032258064520e+00	3.5483870967741936e+01	1.0000000000000000e+00
785	3.2258064516129030e+00	3.5483870967741936e+01	1.0000000000000000e+00
786	4.8387096774193559e+00	3.5483870967741936e+01	1.0000000000000000e+00
787	6.4516129032258061e+00	3.5483870967741936e+01	1.0000000000000000e+00
788	8.0645161290322580e+00	3.5483870967741936e+01	1.0000000000000000e+00
789	9.6774193548387082e+00	3.5483870967741929e+01	1.0000000000000000e+00
790	1.1290322580645160e+01	3.5483870967741936e+01	1.0000000000000000e+00
791	1.2903225806451612e+01	3.5483870967741936e+01	1.0000000000000000e+00
792	1.4516129032258062e+01	3.5483870967741929e+01	1.0000000000000002e+00
793	1.6129032258064516e+01	3.5483870967741936e+01	1.0000000000000000e+00
794	1.7741935483870964e+01	3.5483870967741929e+01	1.0000000000000002e+00
795	1.9354838709677416e+01	3.5483870967741936e+01	1.0000000000000000e+00
796	2.0967741935483872e+01	3.5483870967741936e+01	9.9999999999999978e-01
797	2.2580645161290324e+01	3.5483870967741929e+01	9.9999999999999978e-01
798	2.4193548387096772e+01	3.5483870967741936e+01	1.0000000000000000e+00
799	2.5806451612903224e+01	3.5483870967741936e+01	1.0000000000000000e+00
800	2.7419354838709673e+01	3.5483870967741936e+01	1.0000000000000000e+00
801	2.9032258064516128e+01	3.5483870967741936e+01	1.0000000000000000e+00
802	3.0645161290322584e+01	3.5483870967741936e+01	1.0000000000000000e+00
803	3.2258064516129032e+01	3.5483870967741936e+01	1.0000000000000000e+00
804	3.3870967741935488e+01	3.5483870967741936e+01	1.0000000000000000e+00
805	3.5483870967741936e+01	3.5483870967741936e+01	1.0000000000000000e+00
806	3.7096774193548384e+01	3.5483870967741936e+01	1.0000000000000000e+00
807	3.8709677419354833e+01	3.5483870967741936e+01	1.0000000000000000e+00
808	4.0322580645161288e+01	3.5483870967741936e+01	1.0000000000000000e+00
809	4.1935483870967744e+01	3.5483870967741936e+01	1.0000000000000000e+00
810	4.3548387096774192e+01	3.5483870967741936e+01	1.0000000000000000e+00
811	4.5161290322580648e+01	3.5483870967741936e+01	1.0000000000000000e+00
812	4.6774193548387103e+01	3.5483870967741936e+01	1.0000000000000000e+00
813	4.8387096774193544e+01	3.5483870967741936e+01	1.0000000000000000e+00
814	4.9462365591397848e+01	3.5483870967741936e+01	1.0000000000000000e+00
815	5.0000000000000000e+01	3.5483870967741936e+01	1.0000000000000000e+00
816	0.0000000000000000e+00	3.7096774193548391e+01	9.9999999999999989e-01
817	5.3763440860215062e-01	3.7096774193548391e+01	9.9999999999999989e-01
818	1.6129032258064520e+00	3.7096774193548391e+01	9.9999999999999989e-01
819	3.2258064516129035e+00	3.7096774193548391e+01	9.9999999999999989e-01
820	4.8387096774193559e+00	3.7096774193548391e+01	9.9999999999999989e-01
821	6.4516129032258069e+00	3.7096774193548391e+01	9.9999999999999989e-01
822	8.0645161290322598e+00	3.7096774193548391e+01	9.9999999999999989e-01
823	9.6774193548387100e+00	3.7096774193548384e+01	9.9999999999999978e-01
824	1.1290322580645162e+01	3.7096774193548391e+01	9.9999999999999989e-01
825	1.2903225806451614e+01	3.7096774193548391e+01	9.9999999999999989e-01
826	1.4516129032258061e+01	3.7096774193548377e+01	1.0000000000000002e+00
827	1.6129032258064520e+01	3.7096774193548391e+01	9.9999999999999989e-01
828	1.7741935483870964e+01	3.7096774193548377e+01	1.0000000000000002e+00
829	1.9354838709677420e+01	3.7096774193548391e+01	9.9999999999999978e-01
830	2.0967741935483872e+01	3.7096774193548391e+01	9.9999999999999967e-01
831	2.2580645161290327e+01	3.7096774193548384e+01	9.9999999999999967e-01
832	2.4193548387096772e+01	3.7096774193548384e+01	9.9999999999999989e-01
833	2.5806451612903231e+01	3.7096774193548391e+01	9.9999999999999978e-01
834	2.7419354838709676e+01	3.7096774193548384e+01	9.9999999999999989e-01
835	2.9032258064516132e+01	3.7096774193548391e+01	9.9999999999999989e-01
836	3.0645161290322587e+01	3.7096774193548391e+01	9.9999999999999989e-01
837	3.2258064516129039e+01	3.7096774193548391e+01	9.9999999999999989e-01
838	3.3870967741935495e+01	3.7096774193548391e+01	9.9999999999999989e-01
839	3.5483870967741943e+01	3.7096774193548391e+01	9.9999999999999989e-01
840	3.7096774193548391e+01	3.7096774193548391e+01	9.9999999999999978e-01
841	3.8709677419354840e+01	3.7096774193548391e+01	9.9999999999999989e-01
842	4.0322580645161288e+01	3.7096774193548391e+01	9.9999999999999989e-01
843	4.1935483870967751e+01	3.7096774193548391e+01	9.9999999999999989e-01
844	4.3548387096774199e+01	3.7096774193548391e+01	9.9999999999999989e-01
845	4.5161290322580655e+01	3.7096774193548391e+01	9.9999999999999989e-01
846	4.6774193548387110e+01	3.7096774193548391e+01	9.9999999999999989e-01
847	4.8387096774193544e+01	3.7096774193548391e+01	9.9999999999999989e-01
848	4.9462365591397855e+01	3.7096774193548391e+01	9.9999999999999989e-01
849	5.0000000000000007e+01	3.7096774193548391e+01	9.9999999999999989e-01
850	0.0000000000000000e+00	3.8709677419354833e+01	1.0000000000000000e+00
851	5.3763440860215062e-01	3.8709677419354840e+01	1.0000000000000000e+00
852	1.6129032258064517e+00	3.8709677419354840e+01	1.0000000000000000e+00
853	3.2258064516129030e+00	3.8709677419354840e+01	1.0000000000000000e+00
854	4.8387096774193559e+00	3.8709677419354833e+01	1.0000000000000000e+00
855	6.4516129032258061e+00	3.8709677419354833e+01	1.0000000000000000e+00
856	8.0645161290322580e+00	3.8709677419354833e+01	1.0000000000000000e+00
857	9.6774193548387082e+00	3.8709677419354833e+01	1.0000000000000000e+00
858	1.1290322580645160e+01	3.8709677419354833e+01	1.0000000000000000e+00
859	1.2903225806451612e+01	3.8709677419354840e+01	1.0000000000000000e+00
860	1.4516129032258059e+01	3.8709677419354826e+01	1.0000000000000004e+00
861	1.6129032258064516e+01	3.8709677419354833e+01	1.0000000000000000e+00
862	1.7741935483870961e+01	3.8709677419354826e+01	1.0000000000000004e+00
863	1.9354838709677416e+01	3.8709677419354833e+01	1.0000000000000000e+00
864	2.0967741935483875e+01	3.8709677419354840e+01	9.9999999999999978e-01
865	2.2580645161290324e+01	3.8709677419354833e+01	9.9999999999999978e-01
866	2.4193548387096776e+01	3.8709677419354833e+01	1.0000000000000000e+00
867	2.5806451612903224e+01	3.8709677419354833e+01	1.0000000000000000e+00
868	2.7419354838709673e+01	3.8709677419354833e+01	1.0000000000000000e+00
869	2.9032258064516128e+01	3.8709677419354833e+01	1.0000000000000000e+00
870	3.0645161290322584e+01	3.8709677419354840e+01	1.0000000000000000e+00
871	3.2258064516129032e+01	3.8709677419354833e+01	1.0000000000000000e+00
872	3.3870967741935488e+01	3.8709677419354833e+01	1.0000000000000000e+00
873	3.5483870967741936e+01	3.8709677419354833e+01	1.0000000000000000e+00
874	3.7096774193548384e+01	3.8709677419354833e+01	1.0000000000000000e+00
875	3.8709677419354833e+01	3.8709677419354833e+01	1.0000000000000000e+00
876	4.0322580645161295e+01	3.8709677419354833e+01	1.0000000000000000e+00
877	4.1935483870967744e+01	3.8709677419354833e+01	1.0000000000000000e+00
878	4.3548387096774192e+01	3.8709677419354833e+01	1.0000000000000000e+00
879	4.5161290322580648e+01	3.8709677419354833e+01	1.0000000000000000e+00
880	4.6774193548387103e+01	3.8709677419354840e+01	1.0000000000000000e+00
881	4.8387096774193552e+01	3.8709677419354833e+01	1.0000000000000000e+00
882	4.9462365591397848e+01	3.8709677419354833e+01	1.0000000000000000e+00
883	5.0000000000000000e+01	3.8709677419354833e+01	1.0000000000000000e+00
884	0.0000000000000000e+00	4.0322580645161288e+01	1.0000000000000000e+00
885	5.3763440860215062e-01	4.0322580645161288e+01	1.0000000000000000e+00
886	1.6129032258064517e+00	4.0322580645161295e+01	1.0000000000000000e+00
887	3.2258064516129030e+00	4.0322580645161295e+01	1.0000000000000000e+00
888	4.8387096774193550e+00	4.0322580645161288e+01	1.0000000000000000e+00
889	6.4516129032258061e+00	4.0322580645161288e+01	1.0000000000000000e+00
890	8.0645161290322580e+00	4.0322580645161288e+01	1.0000000000000000e+00
891	9.6774193548387100e+00	4.0322580645161288e+01	9.9999999999999978e-01
892	1.1290322580645160e+01	4.0322580645161288e+01	1.0000000000000000e+00
893	1.2903225806451612e+01	4.0322580645161295e+01	1.0000000000000000e+00
894	1.4516129032258062e+01	4.0322580645161288e+01	1.0000000000000002e+00
895	1.6129032258064516e+01	4.0322580645161288e+01	1.0000000000000000e+00
896	1.7741935483870964e+01	4.0322580645161288e+01	1.0000000000000002e+00
897	1.9354838709677420e+01	4.0322580645161295e+01	9.9999999999999978e-01
898	2.0967741935483872e+01	4.0322580645161288e+01	9.9999999999999978e-01
899	2.2580645161290324e+01	4.0322580645161288e+01	9.9999999999999978e-01
900	2.4193548387096772e+01	4.0322580645161281e+01	1.0000000000000000e+00
901	2.5806451612903231e+01	4.0322580645161295e+01	9.9999999999999978e-01
902	2.7419354838709673e+01	4.0322580645161281e+01	1.0000000000000000e+00
903	2.9032258064516128e+01	4.0322580645161288e+01	1.0000000000000000e+00
904	3.0645161290322584e+01	4.0322580645161295e+01	1.0000000000000000e+00
905	3.2258064516129032e+01	4.0322580645161288e+01	1.0000000000000000e+00
906	3.3870967741935488e+01	4.0322580645161288e+01	1.0000000000000000e+00
907	3.5483870967741936e+01	4.0322580645161288e+01	1.0000000000000000e+00
908	3.7096774193548391e+01	4.0322580645161295e+01	9.9999999999999978e-01
909	3.8709677419354833e+01	4.0322580645161288e+01	1.0000000000000000e+00
910	4.0322580645161288e+01	4.0322580645161288e+01	1.0000000000000000e+00
911	4.1935483870967744e+01	4.0322580645161288e+01	1.0000000000000000e+00
912	4.3548387096774192e+01	4.0322580645161288e+01	1.0000000000000000e+00
913	4.5161290322580648e+01	4.0322580645161288e+01	1.0000000000000000e+00
914	4.6774193548387103e+01	4.0322580645161295e+01	1.0000000000000000e+00
915	4.8387096774193544e+01	4.0322580645161288e+01	1.0000000000000000e+00
916	4.9462365591397848e+01	4.0322580645161288e+01	1.0000000000000000e+00
917	5.0000000000000000e+01	4.0322580645161288e+01	1.0000000000000000e+00
918	0.0000000000000000e+00	4.1935483870967744e+01	1.0000000000000000e+00
919	5.3763440860215050e-01	4.1935483870967744e+01	1.0000000000000000e+00
920	1.6129032258064515e+00	4.1935483870967744e+01	1.0000000000000000e+00
921	3.2258064516129030e+00	4.1935483870967744e+01	1.0000000000000000e+00
922	4.8387096774193541e+00	4.1935483870967744e+01	1.0000000000000000e+00
923	6.4516129032258061e+00	4.1935483870967744e+01	1.0000000000000000e+00
924	8.0645161290322562e+00	4.1935483870967744e+01	1.0000000000000000e+00
925	9.6774193548387100e+00	4.1935483870967737e+01	9.9999999999999978e-01
926	1.1290322580645160e+01	4.1935483870967744e+01	1.0000000000000000e+00
927	1.2903225806451612e+01	4.1935483870967744e+01	1.0000000000000000e+00
928	1.4516129032258064e+01	4.1935483870967744e+01	1.0000000000000000e+00
929	1.6129032258064512e+01	4.1935483870967744e+01	1.0000000000000000e+00
930	1.7741935483870968e+01	4.1935483870967744e+01	1.0000000000000000e+00
931	1.9354838709677420e+01	4.1935483870967751e+01	9.9999999999999978e-01
932	2.0967741935483868e+01	4.1935483870967737e+01	9.9999999999999978e-01
933	2.2580645161290324e+01	4.1935483870967737e+01	9.9999999999999978e-01
934	2.4193548387096769e+01	4.1935483870967730e+01	1.0000000000000000e+00
935	2.5806451612903231e+01	4.1935483870967751e+01	9.9999999999999978e-01
936	2.7419354838709673e+01	4.1935483870967730e+01	1.0000000000000000e+00
937	2.9032258064516125e+01	4.1935483870967744e+01	1.0000000000000000e+00
938	3.0645161290322584e+01	4.1935483870967744e+01	1.0000000000000000e+00
939	3.2258064516129025e+01	4.1935483870967744e+01	1.0000000000000000e+00
940	3.3870967741935488e+01	4.1935483870967744e+01	1.0000000000000000e+00
941	3.5483870967741936e+01	4.1935483870967744e+01	1.0000000000000000e+00
942	3.7096774193548391e+01	4.1935483870967751e+01	9.9999999999999978e-01
943	3.8709677419354833e+01	4.1935483870967744e+01	1.0000000000000000e+00
944	4.0322580645161288e+01	4.1935483870967744e+01	1.0000000000000000e+00
945	4.1935483870967744e+01	4.1935483870967744e+01	1.0000000000000000e+00
946	4.3548387096774192e+01	4.1935483870967744e+01	1.0000000000000000e+00
947	4.5161290322580641e+01	4.1935483870967744e+01	1.0000000000000000e+00
948	4.6774193548387103e+01	4.1935483870967744e+01	1.0000000000000000e+00
949	4.8387096774193537e+01	4.1935483870967744e+01	1.0000000000000000e+00
950	4.9462365591397841e+01	4.1935483870967744e+01	1.0000000000000000e+00
951	5.0000000000000000e+01	4.1935483870967744e+01	1.0000000000000000e+00
952	0.0000000000000000e+00	4.3548387096774192e+01	1.0000000000000000e+00
953	5.3763440860215062e-01	4.3548387096774192e+01	1.0000000000000000e+00
954	1.6129032258064517e+00	4.3548387096774199e+01	1.0000000000000000e+00
955	3.2258064516129030e+00	4.3548387096774199e+01	1.0000000000000000e+00
956	4.8387096774193550e+00	4.3548387096774192e+01	1.0000000000000000e+00
957	6.4516129032258061e+00	4.3548387096774192e+01	1.0000000000000000e+00
958	8.0645161290322580e+00	4.3548387096774192e+01	1.0000000000000000e+00
959	9.6774193548387100e+00	4.3548387096774199e+01	9.9999999999999978e-01
960	1.1290322580645160e+01	4.3548387096774192e+01	1.0000000000000000e+00
961	1.2903225806451612e+01	4.3548387096774199e+01	1.0000000000000000e+00
962	1.4516129032258064e+01	4.3548387096774192e+01	1.0000000000000002e+00
963	1.6129032258064516e+01	4.3548387096774192e+01	1.0000000000000000e+00
964	1.7741935483870964e+01	4.3548387096774192e+01	1.0000000000000002e+00
965	1.9354838709677420e+01	4.3548387096774199e+01	9.9999999999999978e-01
966	2.0967741935483872e+01	4.3548387096774199e+01	9.9999999999999978e-01
967	2.2580645161290324e+01	4.3548387096774185e+01	9.9999999999999978e-01
968	2.4193548387096772e+01	4.3548387096774192e+01	1.0000000000000000e+00
969	2.5806451612903231e+01	4.3548387096774199e+01	9.9999999999999978e-01
970	2.7419354838709673e+01	4.3548387096774192e+01	1.0000000000000000e+00
971	2.9032258064516128e+01	4.3548387096774192e+01	1.0000000000000000e+00
972	3.0645161290322584e+01	4.3548387096774199e+01	1.0000000000000000e+00
973	3.2258064516129032e+01	4.3548387096774192e+01	1.0000000000000000e+00
974	3.3870967741935488e+01	4.3548387096774192e+01	1.0000000000000000e+00
975	3.5483870967741936e+01	4.3548387096774192e+01	1.0000000000000000e+00
976	3.7096774193548391e+01	4.3548387096774199e+01	9.9999999999999978e-01
977	3.8709677419354833e+01	4.3548387096774192e+01	1.0000000000000000e+00
978	4.0322580645161288e+01	4.3548387096774192e+01	1.0000000000000000e+00
979	4.1935483870967744e+01	4.3548387096774192e+01	1.0000000000000000e+00
980	4.3548387096774192e+01	4.3548387096774192e+01	1.0000000000000000e+00
981	4.5161290322580648e+01	4.3548387096774192e+01	1.0000000000000000e+00
982	4.6774193548387103e+01	4.3548387096774199e+01	1.0000000000000000e+00
983	4.8387096774193544e+01	4.3548387096774192e+01	1.0000000000000000e+00
984	4.9462365591397855e+01	4.3548387096774192e+01	1.0000000000000000e+00
985	5.0000000000000000e+01	4.3548387096774192e+01	1.0000000000000000e+00
986	0.0000000000000000e+00	4.5161290322580648e+01	1.0000000000000000e+00
987	5.3763440860215062e-01	4.5161290322580648e+01	1.0000000000000000e+00
988	1.6129032258064517e+00	4.5161290322580648e+01	1.0000000000000000e+00
989	3.2258064516129030e+00	4.5161290322580648e+01	1.0000000000000000e+00
990	4.8387096774193550e+00	4.5161290322580648e+01	1.0000000000000000e+00
991	6.4516129032258061e+00	4.5161290322580648e+01	1.0000000000000000e+00
992	8.0645161290322580e+00	4.5161290322580648e+01	1.0000000000000000e+00
993	9.6774193548387100e+00	4.5161290322580648e+01	9.9999999999999989e-01
994	1.1290322580645160e+01	4.5161290322580648e+01	1.0000000000000000e+00
995	1.2903225806451612e+01	4.5161290322580648e+01	1.0000000000000000e+00
996	1.4516129032258061e+01	4.5161290322580641e+01	1.0000000000000002e+00
997	1.6129032258064516e+01	4.5161290322580648e+01	1.0000000000000000e+00
998	1.7741935483870964e+01	4.5161290322580641e+01	1.0000000000000002e+00
999	1.9354838709677420e+01	4.5161290322580655e+01	9.9999999999999989e-01
1000	2.0967741935483872e+01	4.5161290322580648e+01	9.9999999999999978e-01
1001	2.2580645161290324e+01	4.5161290322580633e+01	9.9999999999999978e-01
1002	2.4193548387096772e+01	4.5161290322580641e+01	1.0000000000000000e+00
1003	2.5806451612903228e+01	4.5161290322580655e+01	9.9999999999999989e-01
1004	2.7419354838709673e+01	4.5161290322580641e+01	1.0000000000000000e+00
1005	2.9032258064516128e+01	4.5161290322580648e+01	1.0000000000000000e+00
1006	3.0645161290322584e+01	4.5161290322580648e+01	1.0000000000000000e+00
1007	3.2258064516129032e+01	4.5161290322580648e+01	1.0000000000000000e+00
1008	3.3870967741935488e+01	4.5161290322580648e+01	1.0000000000000000e+00
1009	3.5483870967741936e+01	4.5161290322580648e+01	1.0000000000000000e+00
1010	3.7096774193548391e+01	4.5161290322580655e+01	9.9999999999999989e-01
1011	3.8709677419354833e+01	4.5161290322580648e+01	1.0000000000000000e+00
1012	4.0322580645161288e+01	4.5161290322580648e+01	1.0000000000000000e+00
1013	4.1935483870967744e+01	4.5161290322580648e+01	1.0000000000000000e+00
1014	4.3548387096774192e+01	4.5161290322580648e+01	1.0000000000000000e+00
1015	4.5161290322580648e+01	4.5161290322580648e+01	1.0000000000000000e+00
1016	4.6774193548387103e+01	4.5161290322580648e+01	1.0000000000000000e+00
1017	4.8387096774193544e+01	4.5161290322580648e+01	1.0000000000000000e+00
1018	4.9462365591397855e+01	4.5161290322580648e+01	1.0000000000000000e+00
1019	5.0000000000000000e+01	4.5161290322580648e+01	1.0000000000000000e+00
1020	0.0000000000000000e+00	4.6774193548387103e+01	1.0000000000000000e+00
1021	5.3763440860215073e-01	4.6774193548387103e+01	1.0000000000000000e+00
1022	1.6129032258064520e+00	4.6774193548387103e+01	1.0000000000000000e+00
1023	3.2258064516129035e+00	4.6774193548387103e+01	1.0000000000000000e+00
1024	4.8387096774193559e+00	4.6774193548387103e+01	1.0000000000000000e+00
1025	6.4516129032258069e+00	4.6774193548387103e+01	1.0000000000000000e+00
1026	8.0645161290322580e+00	4.6774193548387103e+01	1.0000000000000000e+00
1027	9.6774193548387082e+00	4.6774193548387089e+01	1.0000000000000000e+00
1028	1.1290322580645160e+01	4.6774193548387103e+01	1.0000000000000000e+00
1029	1.2903225806451614e+01	4.6774193548387103e+01	1.0000000000000000e+00
1030	1.4516129032258061e+01	4.6774193548387082e+01	1.0000000000000004e+00
1031	1.6129032258064516e+01	4.6774193548387103e+01	1.0000000000000000e+00
1032	1.7741935483870961e+01	4.6774193548387082e+01	1.0000000000000004e+00
1033	1.9354838709677416e+01	4.6774193548387103e+01	1.0000000000000000e+00
1034	2.0967741935483875e+01	4.6774193548387103e+01	9.9999999999999978e-01
1035	2.2580645161290324e+01	4.6774193548387096e+01	9.9999999999999978e-01
1036	2.4193548387096776e+01	4.6774193548387096e+01	1.0000000000000000e+00
1037	2.5806451612903228e+01	4.6774193548387103e+01	1.0000000000000000e+00
1038	2.7419354838709676e+01	4.6774193548387096e+01	1.0000000000000000e+00
1039	2.9032258064516128e+01	4.6774193548387103e+01	1.0000000000000000e+00
1040	3.0645161290322584e+01	4.6774193548387103e+01	1.0000000000000000e+00
1041	3.2258064516129032e+01	4.6774193548387103e+01	1.0000000000000000e+00
1042	3.3870967741935488e+01	4.6774193548387103e+01	1.0000000000000000e+00
1043	3.5483870967741936e+01	4.6774193548387103e+01	1.0000000000000000e+00
1044	3.7096774193548384e+01	4.6774193548387103e+01	1.0000000000000000e+00
1045	3.8709677419354833e+01	4.6774193548387103e+01	1.0000000000000000e+00
1046	4.0322580645161288e+01	4.6774193548387103e+01	1.0000000000000000e+00
1047	4.1935483870967751e+01	4.6774193548387103e+01	1.0000000000000000e+00
1048	4.3548387096774199e+01	4.6774193548387103e+01	1.0000000000000000e+00
1049	4.5161290322580655e+01	4.6774193548387103e+01	1.0000000000000000e+00
1050	4.6774193548387110e+01	4.6774193548387103e+01	1.0000000000000000e+00
1051	4.8387096774193552e+01	4.6774193548387103e+01	1.0000000000000000e+00
1052	4.9462365591397848e+01	4.6774193548387103e+01	1.0000000000000000e+00
1053	5.0000000000000007e+01	4.6774193548387103e+01	1.0000000000000000e+00
1054	0.0000000000000000e+00	4.8387096774193544e+01	1.0000000000000000e+00
1055	5.3763440860215062e-01	4.8387096774193552e+01	1.0000000000000000e+00
1056	1.6129032258064517e+00	4.8387096774193552e+01	1.0000000000000000e+00
1057	3.2258064516129030e+00	4.8387096774193552e+01	1.0000000000000000e+00
1058	4.8387096774193550e+00	4.8387096774193544e+01	1.0000000000000000e+00
1059	6.4516129032258061e+00	4.8387096774193544e+01	1.0000000000000000e+00
1060	8.0645161290322580e+00	4.8387096774193544e+01	1.0000000000000000e+00
1061	9.6774193548387100e+00	4.8387096774193544e+01	9.9999999999999989e-01
1062	1.1290322580645160e+01	4.8387096774193544e+01	1.0000000000000000e+00
1063	1.2903225806451612e+01	4.8387096774193552e+01	1.0000000000000000e+00
1064	1.4516129032258062e+01	4.8387096774193537e+01	1.0000000000000002e+00
1065	1.6129032258064516e+01	4.8387096774193544e+01	1.0000000000000000e+00
1066	1.7741935483870964e+01	4.8387096774193537e+01	1.0000000000000002e+00
1067	1.9354838709677420e+01	4.8387096774193552e+01	9.9999999999999989e-01
1068	2.0967741935483872e+01	4.8387096774193552e+01	9.9999999999999978e-01
1069	2.2580645161290324e+01	4.8387096774193544e+01	9.9999999999999978e-01
1070	2.4193548387096769e+01	4.8387096774193537e+01	1.0000000000000000e+00
1071	2.5806451612903228e+01	4.8387096774193552e+01	9.9999999999999989e-01
1072	2.7419354838709673e+01	4.8387096774193537e+01	1.0000000000000000e+00
1073	2.9032258064516128e+01	4.8387096774193544e+01	1.0000000000000000e+00
1074	3.0645161290322584e+01	4.8387096774193552e+01	1.0000000000000000e+00
1075	3.2258064516129032e+01	4.8387096774193544e+01	1.0000000000000000e+00
1076	3.3870967741935488e+01	4.8387096774193544e+01	1.0000000000000000e+00
1077	3.5483870967741936e+01	4.8387096774193544e+01	1.0000000000000000e+00
1078	3.7096774193548391e+01	4.8387096774193552e+01	9.9999999999999989e-01
1079	3.8709677419354833e+01	4.8387096774193544e+01	1.0000000000000000e+00
1080	4.0322580645161288e+01	4.8387096774193544e+01	1.0000000000000000e+00
1081	4.1935483870967744e+01	4.8387096774193544e+01	1.0000000000000000e+00
1082	4.3548387096774192e+01	4.8387096774193544e+01	1.0000000000000000e+00
1083	4.5161290322580641e+01	4.8387096774193544e+01	1.0000000000000000e+00
1084	4.6774193548387103e+01	4.8387096774193552e+01	1.0000000000000000e+00
1085	4.8387096774193537e+01	4.8387096774193544e+01	1.0000000000000000e+00
1086	4.9462365591397848e+01	4.8387096774193544e+01	1.0000000000000000e+00
1087	5.0000000000000000e+01	4.8387096774193544e+01	1.0000000000000000e+00
1088	0.0000000000000000e+00	4.9462365591397848e+01	1.0000000000000000e+00
1089	5.3763440860215062e-01	4.9462365591397855e+01	1.0000000000000000e+00
1090	1.6129032258064517e+00	4.9462365591397855e+01	1.0000000000000000e+00
1091	3.2258064516129030e+00	4.9462365591397855e+01	1.0000000000000000e+00
1092	4.8387096774193550e+00	4.9462365591397848e+01	1.0000000000000000e+00
1093	6.4516129032258061e+00	4.9462365591397848e+01	1.0000000000000000e+00
1094	8.0645161290322580e+00	4.9462365591397848e+01	1.0000000000000000e+00
1095	9.6774193548387100e+00	4.9462365591397848e+01	9.9999999999999989e-01
1096	1.1290322580645160e+01	4.9462365591397848e+01	1.0000000000000000e+00
1097	1.2903225806451612e+01	4.9462365591397855e+01	1.0000000000000000e+00
1098	1.4516129032258062e+01	4.9462365591397841e+01	1.0000000000000002e+00
1099	1.6129032258064516e+01	4.9462365591397848e+01	1.0000000000000000e+00
1100	1.7741935483870964e+01	4.9462365591397841e+01	1.0000000000000002e+00
1101	1.9354838709677420e+01	4.9462365591397855e+01	9.9999999999999989e-01
1102	2.0967741935483872e+01	4.9462365591397855e+01	9.9999999999999978e-01
1103	2.2580645161290324e+01	4.9462365591397848e+01	9.9999999999999978e-01
1104	2.4193548387096772e+01	4.9462365591397841e+01	1.0000000000000000e+00
1105	2.5806451612903228e+01	4.9462365591397855e+01	9.9999999999999989e-01
1106	2.7419354838709673e+01	4.9462365591397841e+01	1.0000000000000000e+00
1107	2.9032258064516128e+01	4.9462365591397848e+01	1.0000000000000000e+00
1108	3.0645161290322584e+01	4.9462365591397855e+01	1.0000000000000000e+00
1109	3.2258064516129032e+01	4.9462365591397848e+01	1.0000000000000000e+00
1110	3.3870967741935488e+01	4.9462365591397848e+01	1.0000000000000000e+00
1111	3.5483870967741936e+01	4.9462365591397848e+01	1.0000000000000000e+00
1112	3.7096774193548391e+01	4.9462365591397855e+01	9.9999999999999989e-01
1113	3.8709677419354833e+01	4.9462365591397848e+01	1.0000000000000000e+00
1114	4.0322580645161288e+01	4.9462365591397848e+01	1.0000000000000000e+00
1115	4.1935483870967744e+01	4.9462365591397848e+01	1.0000000000000000e+00
1116	4.3548387096774192e+01	4.9462365591397848e+01	1.0000000000000000e+00
1117	4.5161290322580648e+01	4.9462365591397848e+01	1.0000000000000000e+00
1118	4.6774193548387103e+01	4.9462365591397855e+01	1.0000000000000000e+00
1119	4.8387096774193544e+01	4.9462365591397848e+01	1.0000000000000000e+00
1120	4.9462365591397848e+01	4.9462365591397848e+01	1.0000000000000000e+00
1121	5.0000000000000000e+01	4.9462365591397848e+01	1.0000000000000000e+00
1122	0.0000000000000000e+00	5.0000000000000000e+01	1.0000000000000000e+00
1123	5.3763440860215062e-01	5.0000000000000000e+01	1.0000000000000000e+00
1124	1.6129032258064517e+00	5.0000000000000007e+01	1.0000000000000000e+00
1125	3.2258064516129030e+00	5.0000000000000007e+01	1.0000000000000000e+00
1126	4.8387096774193550e+00	5.0000000000000000e+01	1.0000000000000000e+00
1127	6.4516129032258061e+00	5.0000000000000000e+01	1.0000000000000000e+00
1128	8.0645161290322580e+00	5.0000000000000000e+01	1.0000000000000000e+00
1129	9.6774193548387100e+00	5.0000000000000000e+01	9.9999999999999989e-01
1130	1.1290322580645160e+01	5.0000000000000000e+01	1.0000000000000000e+00
1131	1.2903225806451612e+01	5.0000000000000007e+01	1.0000000000000000e+00
1132	1.4516129032258062e+01	4.9999999999999993e+01	1.0000000000000002e+00
1133	1.6129032258064516e+01	5.0000000000000000e+01	1.0000000000000000e+00
1134	1.7741935483870964e+01	4.9999999999999993e+01	1.0000000000000002e+00
1135	1.9354838709677420e+01	5.0000000000000007e+01	9.9999999999999989e-01
1136	2.0967741935483872e+01	5.0000000000000007e+01	9.9999999999999978e-01
1137	2.2580645161290324e+01	5.0000000000000000e+01	9.9999999999999978e-01
1138	2.4193548387096772e+01	4.9999999999999993e+01	1.0000000000000000e+00
1139	2.5806451612903228e+01	5.0000000000000007e+01	9.9999999999999989e-01
1140	2.7419354838709673e+01	4.9999999999999993e+01	1.0000000000000000e+00
1141	2.9032258064516128e+01	5.0000000000000000e+01	1.0000000000000000e+00
1142	3.0645161290322584e+01	5.0000000000000007e+01	1.0000000000000000e+00
1143	3.2258064516129032e+01	5.0000000000000000e+01	1.0000000000000000e+00
1144	3.3870967741935488e+01	5.0000000000000000e+01	1.0000000000000000e+00
1145	3.5483870967741936e+01	5.0000000000000000e+01	1.0000000000000000e+00
1146	3.7096774193548391e+01	5.0000000000000007e+01	9.9999999999999989e-01
1147	3.8709677419354833e+01	5.0000000000000000e+01	1.0000000000000000e+00
1148	4.0322580645161288e+01	5.0000000000000000e+01	1.0000000000000000e+00
1149	4.1935483870967744e+01	5.0000000000000000e+01	1.0000000000000000e+00
1150	4.3548387096774192e+01	5.0000000000000000e+01	1.0000000000000000e+00
1151	4.5161290322580648e+01	5.0000000000000000e+01	1.0000000000000000e+00
1152	4.6774193548387103e+01	5.0000000000000007e+01	1.0000000000000000e+00
1153	4.8387096774193544e+01	5.0000000000000000e+01	1.0000000000000000e+00
1154	4.9462365591397848e+01	5.0000000000000000e+01	1.0000000000000000e+00
1155	5.0000000000000000e+01	5.0000000000000000e+01	1.0000000000000000e+00
