input file name:	arc_glo2_10x10.txt

Total Control Point
100

Order
2	2

number of knot vector
13	13

number of Control Point
10	10

knot vector
0.0000000000000000e+00	0.0000000000000000e+00	0.0000000000000000e+00	1.2500000000000000e-01	2.5000000000000000e-01	3.7500000000000000e-01	5.0000000000000000e-01	6.2500000000000000e-01	7.5000000000000000e-01	8.7500000000000000e-01	1.0000000000000000e+00	1.0000000000000000e+00	1.0000000000000000e+00
0.0000000000000000e+00	0.0000000000000000e+00	0.0000000000000000e+00	1.2500000000000000e-01	2.5000000000000000e-01	3.7500000000000000e-01	5.0000000000000000e-01	6.2500000000000000e-01	7.5000000000000000e-01	8.7500000000000000e-01	1.0000000000000000e+00	1.0000000000000000e+00	1.0000000000000000e+00

coordinate of Control Point
0	0.0000000000000000e+00	0.0000000000000000e+00	1.0000000000000000e+00
1	3.1250000000000000e+00	0.0000000000000000e+00	1.0000000000000000e+00
2	9.3750000000000000e+00	0.0000000000000000e+00	1.0000000000000000e+00
3	1.5625000000000000e+01	0.0000000000000000e+00	1.0000000000000000e+00
4	2.1875000000000000e+01	0.0000000000000000e+00	1.0000000000000000e+00
5	2.8125000000000000e+01	0.0000000000000000e+00	1.0000000000000000e+00
6	3.4375000000000000e+01	0.0000000000000000e+00	1.0000000000000000e+00
7	4.0625000000000000e+01	0.0000000000000000e+00	1.0000000000000000e+00
8	4.6875000000000000e+01	0.0000000000000000e+00	1.0000000000000000e+00
9	5.0000000000000000e+01	0.0000000000000000e+00	1.0000000000000000e+00
10	0.0000000000000000e+00	3.1250000000000000e+00	1.0000000000000000e+00
11	3.1250000000000000e+00	3.1250000000000000e+00	1.0000000000000000e+00
12	9.3750000000000000e+00	3.1250000000000000e+00	1.0000000000000000e+00
13	1.5625000000000000e+01	3.1250000000000000e+00	1.0000000000000000e+00
14	2.1875000000000000e+01	3.1250000000000000e+00	1.0000000000000000e+00
15	2.8125000000000000e+01	3.1250000000000000e+00	1.0000000000000000e+00
16	3.4375000000000000e+01	3.1250000000000000e+00	1.0000000000000000e+00
17	4.0625000000000000e+01	3.1250000000000000e+00	1.0000000000000000e+00
18	4.6875000000000000e+01	3.1250000000000000e+00	1.0000000000000000e+00
19	5.0000000000000000e+01	3.1250000000000000e+00	1.0000000000000000e+00
20	0.0000000000000000e+00	9.3750000000000000e+00	1.0000000000000000e+00
21	3.1250000000000000e+00	9.3750000000000000e+00	1.0000000000000000e+00
22	9.3750000000000000e+00	9.3750000000000000e+00	1.0000000000000000e+00
23	1.5625000000000000e+01	9.3750000000000000e+00	1.0000000000000000e+00
24	2.1875000000000000e+01	9.3750000000000000e+00	1.0000000000000000e+00
25	2.8125000000000000e+01	9.3750000000000000e+00	1.0000000000000000e+00
26	3.4375000000000000e+01	9.3750000000000000e+00	1.0000000000000000e+00
27	4.0625000000000000e+01	9.3750000000000000e+00	1.0000000000000000e+00
28	4.6875000000000000e+01	9.3750000000000000e+00	1.0000000000000000e+00
29	5.0000000000000000e+01	9.3750000000000000e+00	1.0000000000000000e+00
30	0.0000000000000000e+00	1.5625000000000000e+01	1.0000000000000000e+00
31	3.1250000000000000e+00	1.5625000000000000e+01	1.0000000000000000e+00
32	9.3750000000000000e+00	1.5625000000000000e+01	1.0000000000000000e+00
33	1.5625000000000000e+01	1.5625000000000000e+01	1.0000000000000000e+00
34	2.1875000000000000e+01	1.5625000000000000e+01	1.0000000000000000e+00
35	2.8125000000000000e+01	1.5625000000000000e+01	1.0000000000000000e+00
36	3.4375000000000000e+01	1.5625000000000000e+01	1.0000000000000000e+00
37	4.0625000000000000e+01	1.5625000000000000e+01	1.0000000000000000e+00
38	4.6875000000000000e+01	1.5625000000000000e+01	1.0000000000000000e+00
39	5.0000000000000000e+01	1.5625000000000000e+01	1.0000000000000000e+00
40	0.0000000000000000e+00	2.1875000000000000e+01	1.0000000000000000e+00
41	3.1250000000000000e+00	2.1875000000000000e+01	1.0000000000000000e+00
42	9.3750000000000000e+00	2.1875000000000000e+01	1.0000000000000000e+00
43	1.5625000000000000e+01	2.1875000000000000e+01	1.0000000000000000e+00
44	2.1875000000000000e+01	2.1875000000000000e+01	1.0000000000000000e+00
45	2.8125000000000000e+01	2.1875000000000000e+01	1.0000000000000000e+00
46	3.4375000000000000e+01	2.1875000000000000e+01	1.0000000000000000e+00
47	4.0625000000000000e+01	2.1875000000000000e+01	1.0000000000000000e+00
48	4.6875000000000000e+01	2.1875000000000000e+01	1.0000000000000000e+00
49	5.0000000000000000e+01	2.1875000000000000e+01	1.0000000000000000e+00
50	0.0000000000000000e+00	2.8125000000000000e+01	1.0000000000000000e+00
51	3.1250000000000000e+00	2.8125000000000000e+01	1.0000000000000000e+00
52	9.3750000000000000e+00	2.8125000000000000e+01	1.0000000000000000e+00
53	1.5625000000000000e+01	2.8125000000000000e+01	1.0000000000000000e+00
54	2.1875000000000000e+01	2.8125000000000000e+01	1.0000000000000000e+00
55	2.8125000000000000e+01	2.8125000000000000e+01	1.0000000000000000e+00
56	3.4375000000000000e+01	2.8125000000000000e+01	1.0000000000000000e+00
57	4.0625000000000000e+01	2.8125000000000000e+01	1.0000000000000000e+00
58	4.6875000000000000e+01	2.8125000000000000e+01	1.0000000000000000e+00
59	5.0000000000000000e+01	2.8125000000000000e+01	1.0000000000000000e+00
60	0.0000000000000000e+00	3.4375000000000000e+01	1.0000000000000000e+00
61	3.1250000000000000e+00	3.4375000000000000e+01	1.0000000000000000e+00
62	9.3750000000000000e+00	3.4375000000000000e+01	1.0000000000000000e+00
63	1.5625000000000000e+01	3.4375000000000000e+01	1.0000000000000000e+00
64	2.1875000000000000e+01	3.4375000000000000e+01	1.0000000000000000e+00
65	2.8125000000000000e+01	3.4375000000000000e+01	1.0000000000000000e+00
66	3.4375000000000000e+01	3.4375000000000000e+01	1.0000000000000000e+00
67	4.0625000000000000e+01	3.4375000000000000e+01	1.0000000000000000e+00
68	4.6875000000000000e+01	3.4375000000000000e+01	1.0000000000000000e+00
69	5.0000000000000000e+01	3.4375000000000000e+01	1.0000000000000000e+00
70	0.0000000000000000e+00	4.0625000000000000e+01	1.0000000000000000e+00
71	3.1250000000000000e+00	4.0625000000000000e+01	1.0000000000000000e+00
72	9.3750000000000000e+00	4.0625000000000000e+01	1.0000000000000000e+00
73	1.5625000000000000e+01	4.0625000000000000e+01	1.0000000000000000e+00
74	2.1875000000000000e+01	4.0625000000000000e+01	1.0000000000000000e+00
75	2.8125000000000000e+01	4.0625000000000000e+01	1.0000000000000000e+00
76	3.4375000000000000e+01	4.0625000000000000e+01	1.0000000000000000e+00
77	4.0625000000000000e+01	4.0625000000000000e+01	1.0000000000000000e+00
78	4.6875000000000000e+01	4.0625000000000000e+01	1.0000000000000000e+00
79	5.0000000000000000e+01	4.0625000000000000e+01	1.0000000000000000e+00
80	0.0000000000000000e+00	4.6875000000000000e+01	1.0000000000000000e+00
81	3.1250000000000000e+00	4.6875000000000000e+01	1.0000000000000000e+00
82	9.3750000000000000e+00	4.6875000000000000e+01	1.0000000000000000e+00
83	1.5625000000000000e+01	4.6875000000000000e+01	1.0000000000000000e+00
84	2.1875000000000000e+01	4.6875000000000000e+01	1.0000000000000000e+00
85	2.8125000000000000e+01	4.6875000000000000e+01	1.0000000000000000e+00
86	3.4375000000000000e+01	4.6875000000000000e+01	1.0000000000000000e+00
87	4.0625000000000000e+01	4.6875000000000000e+01	1.0000000000000000e+00
88	4.6875000000000000e+01	4.6875000000000000e+01	1.0000000000000000e+00
89	5.0000000000000000e+01	4.6875000000000000e+01	1.0000000000000000e+00
90	0.0000000000000000e+00	5.0000000000000000e+01	1.0000000000000000e+00
91	3.1250000000000000e+00	5.0000000000000000e+01	1.0000000000000000e+00
92	9.3750000000000000e+00	5.0000000000000000e+01	1.0000000000000000e+00
93	1.5625000000000000e+01	5.0000000000000000e+01	1.0000000000000000e+00
94	2.1875000000000000e+01	5.0000000000000000e+01	1.0000000000000000e+00
95	2.8125000000000000e+01	5.0000000000000000e+01	1.0000000000000000e+00
96	3.4375000000000000e+01	5.0000000000000000e+01	1.0000000000000000e+00
97	4.0625000000000000e+01	5.0000000000000000e+01	1.0000000000000000e+00
98	4.6875000000000000e+01	5.0000000000000000e+01	1.0000000000000000e+00
99	5.0000000000000000e+01	5.0000000000000000e+01	1.0000000000000000e+00
