2

4

1   1

4   4

2   2

0.0 0.0 1.0 1.0
0.0 0.0 1.0 1.0

0   0.0 0.0 1.0
1   50.0 0.0 1.0
2   0.0 50.0 1.0
3   50.0 50.0 1.0

2   2

0   0

30  30

3.22580645161290313627e-02 6.45161290322580627254e-02 9.67741935483870940882e-02 1.29032258064516125451e-01 1.61290322580645156814e-01 1.93548387096774188176e-01 2.25806451612903219539e-01 2.58064516129032250902e-01 2.90322580645161310020e-01 3.22580645161290313627e-01 3.54838709677419372746e-01 3.87096774193548376353e-01 4.19354838709677435471e-01 4.51612903225806439078e-01 4.83870967741935498196e-01 5.16129032258064501804e-01 5.48387096774193505411e-01 5.80645161290322620040e-01 6.12903225806451623647e-01 6.45161290322580627254e-01 6.77419354838709630862e-01 7.09677419354838745491e-01 7.41935483870967749098e-01 7.74193548387096752705e-01 8.06451612903225756313e-01 8.38709677419354870942e-01 8.70967741935483874549e-01 9.03225806451612878156e-01 9.35483870967741881763e-01 9.67741935483870996393e-01
3.22580645161290313627e-02 6.45161290322580627254e-02 9.67741935483870940882e-02 1.29032258064516125451e-01 1.61290322580645156814e-01 1.93548387096774188176e-01 2.25806451612903219539e-01 2.58064516129032250902e-01 2.90322580645161310020e-01 3.22580645161290313627e-01 3.54838709677419372746e-01 3.87096774193548376353e-01 4.19354838709677435471e-01 4.51612903225806439078e-01 4.83870967741935498196e-01 5.16129032258064501804e-01 5.48387096774193505411e-01 5.80645161290322620040e-01 6.12903225806451623647e-01 6.45161290322580627254e-01 6.77419354838709630862e-01 7.09677419354838745491e-01 7.41935483870967749098e-01 7.74193548387096752705e-01 8.06451612903225756313e-01 8.38709677419354870942e-01 8.70967741935483874549e-01 9.03225806451612878156e-01 9.35483870967741881763e-01 9.67741935483870996393e-01