-1.011017e-02 
-2.806092e-02 
-5.585489e-02 
-8.372546e-02 
-1.115401e-01 
-1.394122e-01 
-1.672541e-01 
-1.858305e-01 
-1.951108e-01 
2.406326e-02 
-7.940107e-03 
2.248454e-02 
-2.885459e-02 
2.125211e-02 
-5.556865e-02 
2.186131e-02 
-8.384164e-02 
2.158873e-02 
-1.114961e-01 
2.171046e-02 
-1.394281e-01 
2.164884e-02 
-1.672484e-01 
2.167848e-02 
-1.858305e-01 
2.165741e-02 
-1.951125e-01 
2.166213e-02 
6.572279e-02 
-9.642941e-03 
6.592333e-02 
-2.732974e-02 
6.538545e-02 
-5.601043e-02 
6.488639e-02 
-8.357080e-02 
6.512732e-02 
-1.115900e-01 
6.494830e-02 
-1.393707e-01 
6.504539e-02 
-1.672658e-01 
6.496959e-02 
-1.858173e-01 
6.500189e-02 
-1.951043e-01 
6.498101e-02 
1.305205e-01 
-9.017077e-03 
1.304687e-01 
-2.790496e-02 
1.302758e-01 
-5.559894e-02 
1.302253e-01 
-8.365990e-02 
1.300197e-01 
-1.114637e-01 
1.300728e-01 
-1.393796e-01 
1.299935e-01 
-1.672126e-01 
1.300154e-01 
-1.857980e-01 
1.299732e-01 
-1.950788e-01 
1.299731e-01 
1.953320e-01 
-9.379036e-03 
1.953835e-01 
-2.773975e-02 
1.953727e-01 
-5.572261e-02 
1.951643e-01 
-8.353773e-02 
1.951511e-01 
-1.114698e-01 
1.950455e-01 
-1.393119e-01 
1.950454e-01 
-1.671948e-01 
1.949889e-01 
-1.857551e-01 
1.949857e-01 
-1.950439e-01 
1.949656e-01 
2.603423e-01 
-9.224335e-03 
2.603022e-01 
-2.785995e-02 
2.602656e-01 
-5.565192e-02 
2.602416e-01 
-8.356433e-02 
2.601294e-01 
-1.114063e-01 
2.601015e-01 
-1.392940e-01 
2.600340e-01 
-1.671420e-01 
2.600125e-01 
-1.857223e-01 
2.599753e-01 
-1.950053e-01 
2.599681e-01 
3.252616e-01 
-9.301152e-03 
3.252907e-01 
-2.781676e-02 
3.252816e-01 
-5.569071e-02 
3.252073e-01 
-8.351940e-02 
3.251678e-01 
-1.113982e-01 
3.250931e-01 
-1.392448e-01 
3.250569e-01 
-1.671140e-01 
3.250025e-01 
-1.856794e-01 
3.249840e-01 
-1.949674e-01 
3.249668e-01 
3.902809e-01 
-9.263983e-03 
3.902581e-01 
-2.783927e-02 
3.902482e-01 
-5.565530e-02 
3.902193e-01 
-8.351663e-02 
3.901525e-01 
-1.113526e-01 
3.901087e-01 
-1.392180e-01 
3.900495e-01 
-1.670658e-01 
3.900129e-01 
-1.856429e-01 
3.899787e-01 
-1.949262e-01 
3.899683e-01 
4.335814e-01 
-9.276452e-03 
4.335925e-01 
-2.781628e-02 
4.335802e-01 
-5.565042e-02 
4.335375e-01 
-8.348025e-02 
4.334903e-01 
-1.113345e-01 
4.334334e-01 
-1.391823e-01 
4.333881e-01 
-1.670436e-01 
4.333405e-01 
-1.856115e-01 
4.333159e-01 
-1.948989e-01 
4.333000e-01 
4.552493e-01 
-9.270929e-03 
4.552477e-01 
-2.781028e-02 
4.552403e-01 
-5.563117e-02 
4.552015e-01 
-8.346725e-02 
4.551529e-01 
-1.113139e-01 
4.551012e-01 
-1.391701e-01 
4.550530e-01 
-1.670265e-01 
4.550092e-01 
-1.855993e-01 
4.549810e-01 
-1.948842e-01 
4.549674e-01 
-7.217061e-04 
-8.666069e-04 
-1.016494e-03 
-9.811488e-04 
-8.168053e-04 
-5.965924e-04 
-3.657089e-04 
-1.537211e-04 
-4.399950e-05 
-7.453546e-04 
5.387607e-04 
-8.929899e-04 
4.665830e-04 
-1.043398e-03 
3.164658e-04 
-1.016153e-03 
1.539939e-04 
-8.592877e-04 
4.761833e-05 
-6.472801e-04 
-1.311137e-05 
-4.223781e-04 
-3.597123e-05 
-2.064963e-04 
-2.491062e-05 
-6.947606e-05 
-2.459106e-06 
-8.282102e-04 
1.650776e-03 
-9.698239e-04 
1.402385e-03 
-1.075526e-03 
9.446705e-04 
-9.879202e-04 
4.561077e-04 
-8.002067e-04 
1.404534e-04 
-5.797348e-04 
-4.056299e-05 
-3.599705e-04 
-1.159690e-04 
-1.577152e-04 
-1.066882e-04 
-4.492212e-05 
-4.960023e-05 
-9.771130e-04 
3.341521e-03 
-9.776505e-04 
2.737088e-03 
-8.348282e-04 
1.800307e-03 
-5.617726e-04 
9.142376e-04 
-3.216433e-04 
3.581666e-04 
-1.396108e-04 
3.101939e-05 
-2.247351e-05 
-1.232204e-04 
2.690878e-05 
-1.339554e-04 
1.460144e-05 
-5.565122e-05 
-1.062862e-03 
4.910183e-03 
-7.514511e-04 
4.041807e-03 
-2.808389e-04 
2.806905e-03 
1.318118e-04 
1.648396e-03 
3.513234e-04 
8.897776e-04 
4.269211e-04 
3.977684e-04 
3.864188e-04 
1.050151e-04 
2.455481e-04 
-2.695957e-05 
9.186332e-05 
-2.322385e-05 
-9.996512e-04 
6.173923e-03 
-4.485091e-04 
5.377136e-03 
2.267652e-04 
4.113842e-03 
6.961959e-04 
2.781046e-03 
8.699886e-04 
1.804818e-03 
8.521244e-04 
1.083622e-03 
6.900965e-04 
5.600040e-04 
4.077778e-04 
1.995461e-04 
1.473771e-04 
5.241644e-05 
-7.633055e-04 
7.036647e-03 
-2.887697e-04 
6.497311e-03 
3.537956e-04 
5.433575e-03 
8.097987e-04 
4.065611e-03 
9.703078e-04 
2.915592e-03 
9.356475e-04 
1.954383e-03 
7.540724e-04 
1.156259e-03 
4.458764e-04 
5.034015e-04 
1.603428e-04 
1.557709e-04 
-4.038743e-04 
7.506832e-03 
-1.744105e-04 
7.132464e-03 
1.901477e-04 
6.300893e-03 
4.887177e-04 
5.027862e-03 
6.087408e-04 
3.821597e-03 
6.004095e-04 
2.710191e-03 
4.926588e-04 
1.699867e-03 
3.003834e-04 
7.890146e-04 
1.152346e-04 
2.494509e-04 
-1.323350e-04 
7.591452e-03 
-5.973201e-05 
7.242737e-03 
6.032182e-05 
6.466544e-03 
1.597834e-04 
5.238572e-03 
2.006952e-04 
4.036208e-03 
1.980514e-04 
2.900304e-03 
1.601474e-04 
1.847002e-03 
8.984306e-05 
8.796388e-04 
2.646052e-05 
2.864420e-04 
7.574518e-03 
7.224413e-03 
6.446459e-03 
5.212025e-03 
4.003707e-03 
2.861657e-03 
1.804061e-03 
8.402052e-04 
2.678144e-04 



Displacement
0	0.0000000000000e+00	 0.0000000000000e+00	 
1	-1.0110172489247e-02	 0.0000000000000e+00	 
2	-2.8060915485603e-02	 0.0000000000000e+00	 
3	-5.5854888897695e-02	 0.0000000000000e+00	 
4	-8.3725460384282e-02	 0.0000000000000e+00	 
5	-1.1154005596217e-01	 0.0000000000000e+00	 
6	-1.3941220849746e-01	 0.0000000000000e+00	 
7	-1.6725412467388e-01	 0.0000000000000e+00	 
8	-1.8583045467104e-01	 0.0000000000000e+00	 
9	-1.9511076945759e-01	 0.0000000000000e+00	 
10	0.0000000000000e+00	 2.4063256416060e-02	 
11	-7.9401066759911e-03	 2.2484541640593e-02	 
12	-2.8854590065083e-02	 2.1252106803354e-02	 
13	-5.5568646598742e-02	 2.1861309595686e-02	 
14	-8.3841640171900e-02	 2.1588732881798e-02	 
15	-1.1149606187523e-01	 2.1710456141481e-02	 
16	-1.3942811986247e-01	 2.1648837027820e-02	 
17	-1.6724837655767e-01	 2.1678475462815e-02	 
18	-1.8583053305422e-01	 2.1657405806848e-02	 
19	-1.9511254277983e-01	 2.1662129812109e-02	 
20	0.0000000000000e+00	 6.5722786742549e-02	 
21	-9.6429408158644e-03	 6.5923331730373e-02	 
22	-2.7329741544362e-02	 6.5385454280661e-02	 
23	-5.6010434031303e-02	 6.4886387095038e-02	 
24	-8.3570800001558e-02	 6.5127317202663e-02	 
25	-1.1158997599963e-01	 6.4948295459945e-02	 
26	-1.3937074101275e-01	 6.5045390782687e-02	 
27	-1.6726578509730e-01	 6.4969590503917e-02	 
28	-1.8581730772348e-01	 6.5001886204881e-02	 
29	-1.9510434866911e-01	 6.4981008973523e-02	 
30	0.0000000000000e+00	 1.3052052280657e-01	 
31	-9.0170768514111e-03	 1.3046867230911e-01	 
32	-2.7904961510637e-02	 1.3027582786928e-01	 
33	-5.5598937120772e-02	 1.3022532828315e-01	 
34	-8.3659902812212e-02	 1.3001973790163e-01	 
35	-1.1146370180806e-01	 1.3007280026482e-01	 
36	-1.3937964590359e-01	 1.2999353389140e-01	 
37	-1.6721257782127e-01	 1.3001539185468e-01	 
38	-1.8579796199004e-01	 1.2997321982920e-01	 
39	-1.9507876014023e-01	 1.2997312744854e-01	 
40	0.0000000000000e+00	 1.9533200504914e-01	 
41	-9.3790357610156e-03	 1.9538353518494e-01	 
42	-2.7739751568327e-02	 1.9537271683816e-01	 
43	-5.5722606546871e-02	 1.9516428706194e-01	 
44	-8.3537725841446e-02	 1.9515105557028e-01	 
45	-1.1146975175858e-01	 1.9504551780732e-01	 
46	-1.3931185928565e-01	 1.9504541305123e-01	 
47	-1.6719479052357e-01	 1.9498888605612e-01	 
48	-1.8575508278429e-01	 1.9498570906725e-01	 
49	-1.9504386177975e-01	 1.9496558749502e-01	 
50	0.0000000000000e+00	 2.6034232289588e-01	 
51	-9.2243351360522e-03	 2.6030222874684e-01	 
52	-2.7859945073053e-02	 2.6026557650277e-01	 
53	-5.5651918666815e-02	 2.6024158551522e-01	 
54	-8.3564331051520e-02	 2.6012943061965e-01	 
55	-1.1140632816406e-01	 2.6010146096608e-01	 
56	-1.3929401964899e-01	 2.6003404654153e-01	 
57	-1.6714199760652e-01	 2.6001246148890e-01	 
58	-1.8572225110828e-01	 2.5997534554242e-01	 
59	-1.9500532682022e-01	 2.5996813409012e-01	 
60	0.0000000000000e+00	 3.2526160869683e-01	 
61	-9.3011521652760e-03	 3.2529066107139e-01	 
62	-2.7816757084758e-02	 3.2528160639653e-01	 
63	-5.5690714218764e-02	 3.2520729558929e-01	 
64	-8.3519400953941e-02	 3.2516775105541e-01	 
65	-1.1139816616382e-01	 3.2509309148208e-01	 
66	-1.3924481852659e-01	 3.2505687397284e-01	 
67	-1.6711396606649e-01	 3.2500251772149e-01	 
68	-1.8567935388194e-01	 3.2498398172390e-01	 
69	-1.9496741489784e-01	 3.2496676420314e-01	 
70	0.0000000000000e+00	 3.9028093581961e-01	 
71	-9.2639834934047e-03	 3.9025808387803e-01	 
72	-2.7839266823094e-02	 3.9024820433075e-01	 
73	-5.5655295668204e-02	 3.9021932555317e-01	 
74	-8.3516634081385e-02	 3.9015252585230e-01	 
75	-1.1135264361879e-01	 3.9010865650248e-01	 
76	-1.3921798941301e-01	 3.9004948302088e-01	 
77	-1.6706577369860e-01	 3.9001293537251e-01	 
78	-1.8564286774681e-01	 3.8997866702814e-01	 
79	-1.9492620415602e-01	 3.8996828018201e-01	 
80	0.0000000000000e+00	 4.3358144959550e-01	 
81	-9.2764520130164e-03	 4.3359254441237e-01	 
82	-2.7816284257726e-02	 4.3358023102865e-01	 
83	-5.5650417830543e-02	 4.3353753462763e-01	 
84	-8.3480249104375e-02	 4.3349030829352e-01	 
85	-1.1133445405664e-01	 4.3343335158331e-01	 
86	-1.3918230930008e-01	 4.3338811519985e-01	 
87	-1.6704360431685e-01	 4.3334049606534e-01	 
88	-1.8561154999569e-01	 4.3331585385310e-01	 
89	-1.9489893261403e-01	 4.3329996033210e-01	 
90	0.0000000000000e+00	 4.5524925095491e-01	 
91	-9.2709289276277e-03	 4.5524772879219e-01	 
92	-2.7810283755749e-02	 4.5524025582624e-01	 
93	-5.5631167445666e-02	 4.5520154888998e-01	 
94	-8.3467250990398e-02	 4.5515292952805e-01	 
95	-1.1131393915292e-01	 4.5510116680804e-01	 
96	-1.3917009790762e-01	 4.5505295404581e-01	 
97	-1.6702654965851e-01	 4.5500922336051e-01	 
98	-1.8559925479688e-01	 4.5498097835024e-01	 
99	-1.9488423079635e-01	 4.5496736896732e-01	 



Strain
0	0	-3.9753964285772e-03	9.6788318701433e-03	1.6957786970030e-05	0.0000000000000e+00	
0	1	-3.9431066197825e-03	9.3273918416452e-03	2.4202680759635e-04	0.0000000000000e+00	
0	2	-3.9083809854430e-03	9.1453790391661e-03	8.4388131314899e-05	0.0000000000000e+00	
0	3	-3.7456046451202e-03	9.1469134866773e-03	-3.2456082929107e-04	0.0000000000000e+00	
0	4	-3.9708285747738e-03	9.1732508462635e-03	-1.6751527756349e-04	0.0000000000000e+00	
0	5	-4.0064111204094e-03	9.1619359691848e-03	-4.0686155190481e-05	0.0000000000000e+00	
0	6	-3.8174792035132e-03	8.9548555785693e-03	-2.2070559671633e-04	0.0000000000000e+00	
0	7	-3.9164717842604e-03	9.0930741088605e-03	-2.0259697259448e-04	0.0000000000000e+00	
0	8	-3.9450154055838e-03	9.1444019136090e-03	-7.4607223186392e-05	0.0000000000000e+00	
1	0	-3.8881767365436e-03	9.0985411251181e-03	-3.5353620047448e-06	0.0000000000000e+00	
1	1	-3.8706531014536e-03	9.0847598805942e-03	-2.9851260425082e-05	0.0000000000000e+00	
1	2	-3.8773125990823e-03	9.1082837766035e-03	1.1051107332034e-05	0.0000000000000e+00	
1	3	-3.9503027344338e-03	9.1483301726110e-03	8.4867647760564e-06	0.0000000000000e+00	
1	4	-3.8817486381208e-03	9.1243840354120e-03	4.0454899825357e-05	0.0000000000000e+00	
1	5	-3.8711831157272e-03	9.1063834100749e-03	2.5877394113608e-05	0.0000000000000e+00	
1	6	-3.9325977523073e-03	9.1489739801638e-03	-1.0484864171285e-05	0.0000000000000e+00	
1	7	-3.9132394169387e-03	9.1340812142790e-03	2.6726615302757e-05	0.0000000000000e+00	
1	8	-3.9037708843921e-03	9.1108943688289e-03	1.2318850371465e-05	0.0000000000000e+00	
2	0	-3.8906908223961e-03	9.1177753500804e-03	2.3554788931106e-05	0.0000000000000e+00	
2	1	-3.9051509661569e-03	9.1145337296013e-03	1.5398469367091e-05	0.0000000000000e+00	
2	2	-3.9052897987890e-03	9.1018127075848e-03	-3.2468538044230e-06	0.0000000000000e+00	
2	3	-3.8884637703908e-03	9.1015664365664e-03	7.8910822105434e-06	0.0000000000000e+00	
2	4	-3.9086304289403e-03	9.1024547418853e-03	-3.7319811906730e-06	0.0000000000000e+00	
2	5	-3.9096611009586e-03	9.1071690852773e-03	1.9067751768228e-06	0.0000000000000e+00	
2	6	-3.9024273270631e-03	9.1027999257816e-03	1.5335374581573e-06	0.0000000000000e+00	
2	7	-3.9013976483926e-03	9.1020605489626e-03	1.2004262280992e-06	0.0000000000000e+00	
2	8	-3.9011468307440e-03	9.1077816734772e-03	9.2846874690514e-06	0.0000000000000e+00	
3	0	-3.8996695925497e-03	9.0972517034852e-03	-7.6710969868837e-06	0.0000000000000e+00	
3	1	-3.8938134751168e-03	9.0978784020647e-03	-4.4884947894194e-06	0.0000000000000e+00	
3	2	-3.8946996648455e-03	9.1026017583752e-03	2.2074403686561e-06	0.0000000000000e+00	
3	3	-3.9025930294678e-03	9.1080913305717e-03	7.1350002328398e-06	0.0000000000000e+00	
3	4	-3.8946738201095e-03	9.1051481529275e-03	8.2676096432833e-06	0.0000000000000e+00	
3	5	-3.8945758764384e-03	9.1007283622600e-03	3.4846088599077e-06	0.0000000000000e+00	
3	6	-3.9013018421378e-03	9.1093211344106e-03	1.0489263536532e-05	0.0000000000000e+00	
3	7	-3.9012077335671e-03	9.1066289687698e-03	6.3320468564543e-06	0.0000000000000e+00	
3	8	-3.9005328805077e-03	9.1018205598018e-03	1.3768143738657e-06	0.0000000000000e+00	
4	0	-3.8978866221190e-03	9.1041352634438e-03	3.5908581771781e-06	0.0000000000000e+00	
4	1	-3.9013567304465e-03	9.1031645080696e-03	2.2252529231307e-06	0.0000000000000e+00	
4	2	-3.9013512025769e-03	9.1005358448993e-03	-1.7486631772218e-07	0.0000000000000e+00	
4	3	-3.8976509509240e-03	9.0994565309061e-03	6.2743492510028e-07	0.0000000000000e+00	
4	4	-3.9011744969440e-03	9.1001642017191e-03	-3.8355544293228e-07	0.0000000000000e+00	
4	5	-3.9014551781708e-03	9.1018928168701e-03	1.2383704444804e-06	0.0000000000000e+00	
4	6	-3.8999283097510e-03	9.1002179053383e-03	9.7509665755929e-07	0.0000000000000e+00	
4	7	-3.8993721986870e-03	9.1004020521763e-03	2.5725994039874e-06	0.0000000000000e+00	
4	8	-3.8995469494681e-03	9.1018198398371e-03	3.6353346101143e-06	0.0000000000000e+00	
5	0	-3.8999666188100e-03	9.0996031785524e-03	-5.9862960490042e-07	0.0000000000000e+00	
5	1	-3.8985474519147e-03	9.0995938612730e-03	-2.1202978396553e-07	0.0000000000000e+00	
5	2	-3.8988167544064e-03	9.1000775476947e-03	3.0874191880513e-07	0.0000000000000e+00	
5	3	-3.9003160614238e-03	9.1021425129857e-03	2.0617495344157e-06	0.0000000000000e+00	
5	4	-3.8990233826910e-03	9.1008833120736e-03	1.7973441337406e-06	0.0000000000000e+00	
5	5	-3.8989844777256e-03	9.0991709703754e-03	6.5167521892248e-07	0.0000000000000e+00	
5	6	-3.8999300368389e-03	9.1020549316090e-03	2.8161785434300e-06	0.0000000000000e+00	
5	7	-3.9002321994858e-03	9.1009994676759e-03	1.0708970266410e-06	0.0000000000000e+00	
5	8	-3.8999645783662e-03	9.0994877445048e-03	5.3403481521918e-07	0.0000000000000e+00	
6	0	-3.8996110525862e-03	9.0998783969807e-03	2.3370836388197e-07	0.0000000000000e+00	
6	1	-3.8999411866597e-03	9.0986711048542e-03	7.7206542602268e-08	0.0000000000000e+00	
6	2	-3.8986597565406e-03	9.0978080444582e-03	1.2697196075851e-07	0.0000000000000e+00	
6	3	-3.8994506917619e-03	9.0987431912301e-03	2.3858373266275e-07	0.0000000000000e+00	
6	4	-3.8997452373343e-03	9.0988831218649e-03	3.5791481228916e-07	0.0000000000000e+00	
6	5	-3.8992075677712e-03	9.0981817234292e-03	4.1960222511564e-07	0.0000000000000e+00	
6	6	-3.8995909873541e-03	9.0990420971444e-03	1.1804148213049e-06	0.0000000000000e+00	
6	7	-3.8992526239761e-03	9.0989809801880e-03	1.4483369069880e-06	0.0000000000000e+00	
6	8	-3.8993946097822e-03	9.0983066748867e-03	-5.1799089027546e-07	0.0000000000000e+00	
7	0	-3.8706725865376e-03	8.9839914437979e-03	-1.0456010762406e-04	0.0000000000000e+00	
7	1	-3.8896441845095e-03	9.0779223931562e-03	-1.2964713771147e-04	0.0000000000000e+00	
7	2	-3.9078177863641e-03	9.1208466645294e-03	-7.2773465945841e-05	0.0000000000000e+00	
7	3	-3.8913730105989e-03	9.0392014181243e-03	-6.0558880556051e-06	0.0000000000000e+00	
7	4	-3.8791742439433e-03	9.0673179809387e-03	-4.7591531915178e-05	0.0000000000000e+00	
7	5	-3.8909238466869e-03	9.0931570630294e-03	-6.2092448057775e-05	0.0000000000000e+00	
7	6	-3.8715491245366e-03	9.0671547322391e-03	2.6544094201867e-06	0.0000000000000e+00	
7	7	-3.8904167745502e-03	9.0707048271141e-03	-2.5198023451600e-05	0.0000000000000e+00	
7	8	-3.9024928127608e-03	9.0867194873306e-03	-4.7185959473976e-05	0.0000000000000e+00	
8	0	-3.9174958928105e-03	9.1295179310855e-03	-3.4431144734140e-05	0.0000000000000e+00	
8	1	-3.9244797653469e-03	9.1273745696060e-03	-2.6082662403890e-06	0.0000000000000e+00	
8	2	-3.9181152271124e-03	9.1158765591628e-03	3.0526386468059e-06	0.0000000000000e+00	
8	3	-3.9069990145805e-03	9.1045997146320e-03	-5.3256830656883e-05	0.0000000000000e+00	
8	4	-3.9232378719350e-03	9.1163797735172e-03	-2.9151084473759e-05	0.0000000000000e+00	
8	5	-3.9212038164224e-03	9.1194217400633e-03	-5.3741102095108e-06	0.0000000000000e+00	
8	6	-3.9065411450192e-03	9.0965104253464e-03	-4.5854074293971e-05	0.0000000000000e+00	
8	7	-3.9106142152284e-03	9.1091525094174e-03	-2.9451221454518e-05	0.0000000000000e+00	
8	8	-3.9113612939957e-03	9.1153346290166e-03	-9.9355086099972e-06	0.0000000000000e+00	
9	0	-3.9092038661875e-03	9.1103995453134e-03	4.0266103484590e-06	0.0000000000000e+00	
9	1	-3.8992402783664e-03	9.1065027983600e-03	8.2054407959131e-06	0.0000000000000e+00	
9	2	-3.8980750699065e-03	9.1062487948871e-03	9.6031116987266e-06	0.0000000000000e+00	
9	3	-3.9127187383455e-03	9.1177817376730e-03	4.2266173733349e-06	0.0000000000000e+00	
9	4	-3.9025269005737e-03	9.1113772927084e-03	9.2517187036775e-06	0.0000000000000e+00	
9	5	-3.9002946513817e-03	9.1048569757365e-03	5.0237682792767e-06	0.0000000000000e+00	
9	6	-3.9103921121837e-03	9.1154949107377e-03	-2.9017231041873e-06	0.0000000000000e+00	
9	7	-3.9082529234194e-03	9.1112278320196e-03	4.2365215842119e-07	0.0000000000000e+00	
9	8	-3.9057908161254e-03	9.1056749114165e-03	-8.5807104477971e-07	0.0000000000000e+00	
10	0	-3.9009191931183e-03	9.1061911497892e-03	6.8028609883822e-06	0.0000000000000e+00	
10	1	-3.9038072357298e-03	9.1051533759705e-03	2.2538366832304e-06	0.0000000000000e+00	
10	2	-3.9030211461576e-03	9.1036103504300e-03	1.2391713248725e-06	0.0000000000000e+00	
10	3	-3.9022105300990e-03	9.1030198673447e-03	1.3386112838755e-06	0.0000000000000e+00	
10	4	-3.9041785957668e-03	9.1035951327508e-03	-5.6959766920018e-08	0.0000000000000e+00	
10	5	-3.9034972426876e-03	9.1054508297233e-03	2.7193766405197e-06	0.0000000000000e+00	
10	6	-3.9042750900477e-03	9.1038944167817e-03	-8.1899476739965e-07	0.0000000000000e+00	
10	7	-3.9025323424462e-03	9.1039837507335e-03	1.4306999224519e-06	0.0000000000000e+00	
10	8	-3.9020219504680e-03	9.1052717166278e-03	3.6597993676480e-06	0.0000000000000e+00	
11	0	-3.9011147459898e-03	9.1028094466504e-03	2.8953373419097e-06	0.0000000000000e+00	
11	1	-3.8990463788267e-03	9.1018307773846e-03	4.8292686672029e-06	0.0000000000000e+00	
11	2	-3.8990310482849e-03	9.1012214682108e-03	4.1036448322333e-06	0.0000000000000e+00	
11	3	-3.9020486655941e-03	9.1055274871595e-03	4.7007699798990e-06	0.0000000000000e+00	
11	4	-3.9003075659565e-03	9.1034476423593e-03	5.2243831606109e-06	0.0000000000000e+00	
11	5	-3.8998761202165e-03	9.1007989855446e-03	3.2531294727015e-06	0.0000000000000e+00	
11	6	-3.9022115220438e-03	9.1052790993449e-03	3.7788733101382e-06	0.0000000000000e+00	
11	7	-3.9021430126180e-03	9.1035697439466e-03	2.8233835827546e-06	0.0000000000000e+00	
11	8	-3.9014007893557e-03	9.1013645958945e-03	1.9156789340907e-06	0.0000000000000e+00	
12	0	-3.8998354004758e-03	9.1009713804682e-03	2.3460064956564e-06	0.0000000000000e+00	
12	1	-3.9006048373407e-03	9.1006023235246e-03	4.9990969416248e-07	0.0000000000000e+00	
12	2	-3.9003133651625e-03	9.1001515172902e-03	7.9880416560167e-07	0.0000000000000e+00	
12	3	-3.9001542385987e-03	9.1000296284388e-03	1.8146287429911e-06	0.0000000000000e+00	
12	4	-3.9004180498657e-03	9.1002706416801e-03	1.0015687738655e-06	0.0000000000000e+00	
12	5	-3.9002511729573e-03	9.1008388506387e-03	1.5963262476694e-06	0.0000000000000e+00	
12	6	-3.9007162407093e-03	9.1006349228803e-03	1.9578077849905e-06	0.0000000000000e+00	
12	7	-3.8999835945020e-03	9.1005460848828e-03	2.2809508519540e-06	0.0000000000000e+00	
12	8	-3.8999367697444e-03	9.1007713051295e-03	2.1044790532216e-06	0.0000000000000e+00	
13	0	-3.8997317454076e-03	9.0997805115503e-03	1.8110794715154e-06	0.0000000000000e+00	
13	1	-3.8991893280171e-03	9.0989970331096e-03	1.8142515714358e-06	0.0000000000000e+00	
13	2	-3.8993905668589e-03	9.0982860673742e-03	-7.9443005974848e-07	0.0000000000000e+00	
13	3	-3.8999795932392e-03	9.1005595299751e-03	2.0487485627854e-06	0.0000000000000e+00	
13	4	-3.8995761659901e-03	9.0991320080871e-03	1.4863773422381e-06	0.0000000000000e+00	
13	5	-3.8993043725537e-03	9.0984131139434e-03	-1.7632110844328e-07	0.0000000000000e+00	
13	6	-3.9001656279836e-03	9.1005114100344e-03	1.5289932919491e-06	0.0000000000000e+00	
13	7	-3.9000901380404e-03	9.0994280657914e-03	7.4049677463050e-07	0.0000000000000e+00	
13	8	-3.8992925872204e-03	9.0987915367321e-03	8.1195487486343e-07	0.0000000000000e+00	
14	0	-3.8650922993973e-03	9.0720461009004e-03	-7.1442348373437e-06	0.0000000000000e+00	
14	1	-3.8958031460117e-03	9.0782668663949e-03	-2.9325144713488e-05	0.0000000000000e+00	
14	2	-3.9073613629752e-03	9.0916040542023e-03	-3.8312376102697e-05	0.0000000000000e+00	
14	3	-3.8757133900741e-03	9.0787466276524e-03	-1.0623099418127e-05	0.0000000000000e+00	
14	4	-3.8961958533442e-03	9.0879086993402e-03	-2.9608315260714e-05	0.0000000000000e+00	
14	5	-3.9036521782992e-03	9.0972609189106e-03	-2.7125157969676e-05	0.0000000000000e+00	
14	6	-3.8950622120072e-03	9.0858353740137e-03	-2.7608706313900e-06	0.0000000000000e+00	
14	7	-3.8922263252045e-03	9.0914670244207e-03	-1.9154647323518e-05	0.0000000000000e+00	
14	8	-3.8947610960954e-03	9.0969559288504e-03	-1.9504094545512e-05	0.0000000000000e+00	
15	0	-3.9062045674927e-03	9.0986720772139e-03	-3.4709194590017e-05	0.0000000000000e+00	
15	1	-3.9049010595422e-03	9.1065620132641e-03	-2.3761030850391e-05	0.0000000000000e+00	
15	2	-3.9064899850622e-03	9.1099548449897e-03	-1.3345665192738e-05	0.0000000000000e+00	
15	3	-3.9026596634093e-03	9.1008089682759e-03	-2.2685668416195e-05	0.0000000000000e+00	
15	4	-3.9019245718720e-03	9.1030774847668e-03	-1.9123092404683e-05	0.0000000000000e+00	
15	5	-3.9038597729101e-03	9.1033663259287e-03	-1.7658557511080e-05	0.0000000000000e+00	
15	6	-3.8983592758875e-03	9.0990451902178e-03	-1.8432905479631e-05	0.0000000000000e+00	
15	7	-3.9028625125775e-03	9.1005571080597e-03	-1.8766517360008e-05	0.0000000000000e+00	
15	8	-3.9044836877989e-03	9.1012477403198e-03	-1.7998341634077e-05	0.0000000000000e+00	
16	0	-3.9084817737456e-03	9.1103134865076e-03	-9.6469377571226e-06	0.0000000000000e+00	
16	1	-3.9097053595847e-03	9.1090999338258e-03	-5.8821877930032e-06	0.0000000000000e+00	
16	2	-3.9075746380660e-03	9.1069802392667e-03	-2.8276878256355e-06	0.0000000000000e+00	
16	3	-3.9059833208360e-03	9.1039513723601e-03	-1.5949738447195e-05	0.0000000000000e+00	
16	4	-3.9078088123702e-03	9.1060817181230e-03	-1.0443444079002e-05	0.0000000000000e+00	
16	5	-3.9068253131319e-03	9.1077823857876e-03	-3.9785595047279e-06	0.0000000000000e+00	
16	6	-3.9042418346147e-03	9.1021061715490e-03	-1.5371054341422e-05	0.0000000000000e+00	
16	7	-3.9039452790287e-03	9.1044606873598e-03	-9.4596520731357e-06	0.0000000000000e+00	
16	8	-3.9041063294547e-03	9.1063548163276e-03	-4.5548741106774e-06	0.0000000000000e+00	
17	0	-3.9050332181954e-03	9.1059699810754e-03	-5.2056621768580e-07	0.0000000000000e+00	
17	1	-3.9021319663610e-03	9.1049637964456e-03	2.3330510588696e-06	0.0000000000000e+00	
17	2	-3.9016108932836e-03	9.1043632288520e-03	2.8922720776834e-06	0.0000000000000e+00	
17	3	-3.9051371991473e-03	9.1077166200968e-03	-9.7916741773407e-07	0.0000000000000e+00	
17	4	-3.9030239986744e-03	9.1057726332655e-03	9.8422172513518e-07	0.0000000000000e+00	
17	5	-3.9022915852282e-03	9.1033332943567e-03	4.4645864425957e-07	0.0000000000000e+00	
17	6	-3.9043579053514e-03	9.1065199502514e-03	-3.1654409152168e-06	0.0000000000000e+00	
17	7	-3.9042562144899e-03	9.1051658627219e-03	-2.3108411346855e-06	0.0000000000000e+00	
17	8	-3.9033647518372e-03	9.1032473171417e-03	-1.7593914531113e-06	0.0000000000000e+00	
18	0	-3.9022520484842e-03	9.1039568547544e-03	2.0910703135745e-06	0.0000000000000e+00	
18	1	-3.9026697112801e-03	9.1030399705640e-03	1.2474929589138e-06	0.0000000000000e+00	
18	2	-3.9018939746632e-03	9.1020699748498e-03	1.5945815668987e-06	0.0000000000000e+00	
18	3	-3.9024200208575e-03	9.1025262235561e-03	-1.0329194147191e-07	0.0000000000000e+00	
18	4	-3.9023595929925e-03	9.1024279622553e-03	3.0422910842816e-07	0.0000000000000e+00	
18	5	-3.9017679233564e-03	9.1027290146102e-03	1.6156633289418e-06	0.0000000000000e+00	
18	6	-3.9025434587454e-03	9.1025673915023e-03	-9.6717330569088e-07	0.0000000000000e+00	
18	7	-3.9015440786469e-03	9.1023826325702e-03	5.6420609848221e-07	0.0000000000000e+00	
18	8	-3.9011980377189e-03	9.1025180777466e-03	1.4525381180529e-06	0.0000000000000e+00	
19	0	-3.9009824793252e-03	9.1015858583111e-03	2.3011819762254e-06	0.0000000000000e+00	
19	1	-3.8999881909141e-03	9.1009426176774e-03	2.7419731746555e-06	0.0000000000000e+00	
19	2	-3.8999110018803e-03	9.1004375163155e-03	1.9896343765248e-06	0.0000000000000e+00	
19	3	-3.9012183952579e-03	9.1025176923698e-03	2.2704898782320e-06	0.0000000000000e+00	
19	4	-3.9005219139512e-03	9.1013702836031e-03	2.2704989222814e-06	0.0000000000000e+00	
19	5	-3.9002241682129e-03	9.1001664989767e-03	1.4263209001097e-06	0.0000000000000e+00	
19	6	-3.9012536968045e-03	9.1023153015874e-03	1.3895494800496e-06	0.0000000000000e+00	
19	7	-3.9011245533997e-03	9.1013832692241e-03	1.0132567373279e-06	0.0000000000000e+00	
19	8	-3.9006162794787e-03	9.1003931250245e-03	8.7835374950305e-07	0.0000000000000e+00	
20	0	-3.9002147942333e-03	9.1001597667417e-03	1.1235019589831e-06	0.0000000000000e+00	
20	1	-3.9002158241044e-03	9.0996602395115e-03	5.0779263094557e-07	0.0000000000000e+00	
20	2	-3.8993986413922e-03	9.0991086688225e-03	1.0513200519089e-06	0.0000000000000e+00	
20	3	-3.9002094039281e-03	9.0998705474864e-03	9.1221025789820e-07	0.0000000000000e+00	
20	4	-3.9000746916658e-03	9.0999442865977e-03	6.6481733387355e-07	0.0000000000000e+00	
20	5	-3.8997473558704e-03	9.0995330348953e-03	5.8765302931686e-07	0.0000000000000e+00	
20	6	-3.9001865182867e-03	9.1001036612784e-03	1.0663279364889e-06	0.0000000000000e+00	
20	7	-3.8998366228286e-03	9.1000520667570e-03	9.7259875015323e-07	0.0000000000000e+00	
20	8	-3.9000660849089e-03	9.0997641076896e-03	-2.0128389713416e-07	0.0000000000000e+00	
21	0	-3.9015176820269e-03	9.0899649047177e-03	2.3480493774597e-06	0.0000000000000e+00	
21	1	-3.8911591801387e-03	9.0910686647938e-03	-1.0053456778923e-05	0.0000000000000e+00	
21	2	-3.8919754056039e-03	9.0944373487115e-03	-1.5795164164902e-05	0.0000000000000e+00	
21	3	-3.9005325985490e-03	9.0944029036084e-03	2.6552939414590e-06	0.0000000000000e+00	
21	4	-3.8930047590499e-03	9.0911920251401e-03	-2.1624219951556e-06	0.0000000000000e+00	
21	5	-3.8934079764967e-03	9.0922384037664e-03	-1.1006731237264e-05	0.0000000000000e+00	
21	6	-3.8937855219560e-03	9.0951015247687e-03	-2.6690424859012e-06	0.0000000000000e+00	
21	7	-3.8963413138734e-03	9.0930563031599e-03	-2.9273699995332e-06	0.0000000000000e+00	
21	8	-3.8976782669540e-03	9.0936069164002e-03	-8.2454847149903e-06	0.0000000000000e+00	
22	0	-3.8969281019332e-03	9.0965211602964e-03	-1.7606853417260e-05	0.0000000000000e+00	
22	1	-3.9029684576642e-03	9.0995289675363e-03	-1.8546440952914e-05	0.0000000000000e+00	
22	2	-3.9044385954339e-03	9.1018262921402e-03	-1.5968450362549e-05	0.0000000000000e+00	
22	3	-3.8968342415355e-03	9.0941565982020e-03	-1.4668829948289e-05	0.0000000000000e+00	
22	4	-3.9012003672541e-03	9.0984375316620e-03	-1.5556717188976e-05	0.0000000000000e+00	
22	5	-3.9026454690027e-03	9.1021796817856e-03	-1.2236436458847e-05	0.0000000000000e+00	
22	6	-3.8979721535824e-03	9.0949331751991e-03	-1.0598686372901e-05	0.0000000000000e+00	
22	7	-3.8988173594771e-03	9.0981884558321e-03	-1.1215035910646e-05	0.0000000000000e+00	
22	8	-3.9002597219875e-03	9.1011882866549e-03	-9.8273154412299e-06	0.0000000000000e+00	
23	0	-3.9034460924515e-03	9.1028520447555e-03	-1.2771629605837e-05	0.0000000000000e+00	
23	1	-3.9024650370535e-03	9.1040888518252e-03	-8.0950919325117e-06	0.0000000000000e+00	
23	2	-3.9029553243065e-03	9.1046498466131e-03	-5.5007624381056e-06	0.0000000000000e+00	
23	3	-3.9022956435552e-03	9.1033025582672e-03	-9.8293684052627e-06	0.0000000000000e+00	
23	4	-3.9019937286808e-03	9.1033403443080e-03	-7.7571738226549e-06	0.0000000000000e+00	
23	5	-3.9024042045481e-03	9.1025404087020e-03	-7.2173032498167e-06	0.0000000000000e+00	
23	6	-3.9013052906604e-03	9.1021384725186e-03	-9.2120159368554e-06	0.0000000000000e+00	
23	7	-3.9024075307125e-03	9.1022977231148e-03	-8.7728355269829e-06	0.0000000000000e+00	
23	8	-3.9024826206657e-03	9.1017986472819e-03	-7.9512146312567e-06	0.0000000000000e+00	
24	0	-3.9037971313383e-03	9.1046612395831e-03	-5.0461251644504e-06	0.0000000000000e+00	
24	1	-3.9043569684667e-03	9.1042460061050e-03	-4.0694372694325e-06	0.0000000000000e+00	
24	2	-3.9035333900787e-03	9.1035592974298e-03	-2.3114332120485e-06	0.0000000000000e+00	
24	3	-3.9029075546684e-03	9.1024082124575e-03	-6.8840614226726e-06	0.0000000000000e+00	
24	4	-3.9032588503540e-03	9.1029868714072e-03	-5.0649334776363e-06	0.0000000000000e+00	
24	5	-3.9028229378555e-03	9.1036115619550e-03	-2.5135337677353e-06	0.0000000000000e+00	
24	6	-3.9021140707847e-03	9.1017630141812e-03	-6.8275517537948e-06	0.0000000000000e+00	
24	7	-3.9016963241319e-03	9.1023186048410e-03	-4.5348209053075e-06	0.0000000000000e+00	
24	8	-3.9016826680777e-03	9.1028946387453e-03	-2.6765587040535e-06	0.0000000000000e+00	
25	0	-3.9025143428411e-03	9.1031625283878e-03	-9.2146488325925e-07	0.0000000000000e+00	
25	1	-3.9013166858852e-03	9.1025741802017e-03	6.3486479863852e-07	0.0000000000000e+00	
25	2	-3.9010295225831e-03	9.1020497699735e-03	9.2333257093118e-07	0.0000000000000e+00	
25	3	-3.9022568903871e-03	9.1035449043246e-03	-1.2067957501128e-06	0.0000000000000e+00	
25	4	-3.9015104943085e-03	9.1026230771665e-03	-2.2174694008936e-07	0.0000000000000e+00	
25	5	-3.9011587833307e-03	9.1014891196730e-03	-2.4048683750857e-07	0.0000000000000e+00	
25	6	-3.9018261111260e-03	9.1028868469643e-03	-2.1148040906345e-06	0.0000000000000e+00	
25	7	-3.9018047038841e-03	9.1022244197947e-03	-1.6160705514935e-06	0.0000000000000e+00	
25	8	-3.9013694067489e-03	9.1013563272971e-03	-1.1365994258042e-06	0.0000000000000e+00	
26	0	-3.9012203810138e-03	9.1017478656333e-03	5.8925313178903e-07	0.0000000000000e+00	
26	1	-3.9012309621774e-03	9.1012225859678e-03	3.6728463515906e-07	0.0000000000000e+00	
26	2	-3.9007074675822e-03	9.1007149804362e-03	7.4145760131069e-07	0.0000000000000e+00	
26	3	-3.9011116089297e-03	9.1011055028817e-03	-3.4578004838579e-07	0.0000000000000e+00	
26	4	-3.9009326220646e-03	9.1010028465652e-03	-2.4378850298218e-09	0.0000000000000e+00	
26	5	-3.9005773133412e-03	9.1009978551296e-03	6.1447183217351e-07	0.0000000000000e+00	
26	6	-3.9009577945991e-03	9.1010411386036e-03	-6.6754770059061e-07	0.0000000000000e+00	
26	7	-3.9004704272883e-03	9.1009035691906e-03	7.2364740933788e-08	0.0000000000000e+00	
26	8	-3.9003311211209e-03	9.1008541977390e-03	3.6001043473921e-07	0.0000000000000e+00	
27	0	-3.9002092304444e-03	9.1004402678743e-03	1.1436804452936e-06	0.0000000000000e+00	
27	1	-3.8998177896153e-03	9.1000440982417e-03	9.5958581374720e-07	0.0000000000000e+00	
27	2	-3.9001273710593e-03	9.0998183431333e-03	-4.2352734729820e-07	0.0000000000000e+00	
27	3	-3.9003082544722e-03	9.1007613936584e-03	8.4785114263513e-07	0.0000000000000e+00	
27	4	-3.9000270419976e-03	9.1000682410704e-03	5.5725150122740e-07	0.0000000000000e+00	
27	5	-3.9000158261837e-03	9.0999068418202e-03	-1.4255560048241e-07	0.0000000000000e+00	
27	6	-3.9003825324637e-03	9.1006714539169e-03	2.1811687444461e-07	0.0000000000000e+00	
27	7	-3.9002755298314e-03	9.1001629138886e-03	4.1081438291502e-08	0.0000000000000e+00	
27	8	-3.8998613051984e-03	9.1000083871256e-03	3.5905673520492e-07	0.0000000000000e+00	
28	0	-3.8916540073428e-03	9.0940381308846e-03	-5.1922078695490e-06	0.0000000000000e+00	
28	1	-3.8974880392156e-03	9.0948053043354e-03	-5.5340701350425e-06	0.0000000000000e+00	
28	2	-3.8991177442132e-03	9.0958006826914e-03	-7.4526223600033e-06	0.0000000000000e+00	
28	3	-3.8931818271153e-03	9.0935185937850e-03	-3.8648634132889e-06	0.0000000000000e+00	
28	4	-3.8974305452917e-03	9.0968563632667e-03	-6.6457776160008e-06	0.0000000000000e+00	
28	5	-3.8986727284285e-03	9.0982361959436e-03	-6.4421817764518e-06	0.0000000000000e+00	
28	6	-3.8969338364914e-03	9.0951984005229e-03	4.9173096800470e-07	0.0000000000000e+00	
28	7	-3.8963545866981e-03	9.0974026388131e-03	-4.2453684759722e-06	0.0000000000000e+00	
28	8	-3.8968120131955e-03	9.0984531872766e-03	-5.4299259340429e-06	0.0000000000000e+00	
29	0	-3.8983801164385e-03	9.0966246169027e-03	-8.3973010969918e-06	0.0000000000000e+00	
29	1	-3.8980173524316e-03	9.0983863271133e-03	-9.1494593420408e-06	0.0000000000000e+00	
29	2	-3.8993399734693e-03	9.1000942383933e-03	-9.4347251797598e-06	0.0000000000000e+00	
29	3	-3.8981872842085e-03	9.0985117506635e-03	-6.3969788201826e-06	0.0000000000000e+00	
29	4	-3.8979552471172e-03	9.0986300830038e-03	-7.5170311205649e-06	0.0000000000000e+00	
29	5	-3.8988659895986e-03	9.0988811007347e-03	-8.9861583721638e-06	0.0000000000000e+00	
29	6	-3.8974934140033e-03	9.0986617460378e-03	-5.8333455807830e-06	0.0000000000000e+00	
29	7	-3.8984315996319e-03	9.0986545321738e-03	-7.0655287062275e-06	0.0000000000000e+00	
29	8	-3.8989408997478e-03	9.0987324139911e-03	-7.9638690285931e-06	0.0000000000000e+00	
30	0	-3.9007519750927e-03	9.1008370622240e-03	-9.6245267604427e-06	0.0000000000000e+00	
30	1	-3.9022445789659e-03	9.1015853471451e-03	-9.2015416806090e-06	0.0000000000000e+00	
30	2	-3.9022666954285e-03	9.1019137937493e-03	-7.5802498060557e-06	0.0000000000000e+00	
30	3	-3.8998370016540e-03	9.0993485513256e-03	-9.3908166592608e-06	0.0000000000000e+00	
30	4	-3.9009655723729e-03	9.1006344255498e-03	-8.5348088143508e-06	0.0000000000000e+00	
30	5	-3.9012267488116e-03	9.1017894000989e-03	-6.5430906257057e-06	0.0000000000000e+00	
30	6	-3.8990674768609e-03	9.0990644912340e-03	-7.8633258621738e-06	0.0000000000000e+00	
30	7	-3.8994140615837e-03	9.1000935471394e-03	-6.9028659454864e-06	0.0000000000000e+00	
30	8	-3.8999838219139e-03	9.1010778256621e-03	-5.7128262279046e-06	0.0000000000000e+00	
31	0	-3.9016943649324e-03	9.1020278177953e-03	-6.1255959728375e-06	0.0000000000000e+00	
31	1	-3.9011040561220e-03	9.1021676476318e-03	-4.1437893046640e-06	0.0000000000000e+00	
31	2	-3.9012099874771e-03	9.1021775290092e-03	-3.0794703574711e-06	0.0000000000000e+00	
31	3	-3.9010278020560e-03	9.1020605165895e-03	-5.3447162734617e-06	0.0000000000000e+00	
31	4	-3.9008201868505e-03	9.1017981840313e-03	-4.2196179460193e-06	0.0000000000000e+00	
31	5	-3.9008873048201e-03	9.1012568563037e-03	-3.7785628903599e-06	0.0000000000000e+00	
31	6	-3.9003900833513e-03	9.1013424052804e-03	-5.2288996619542e-06	0.0000000000000e+00	
31	7	-3.9007884578251e-03	9.1012156083835e-03	-4.6667655947443e-06	0.0000000000000e+00	
31	8	-3.9007469853141e-03	9.1008477848276e-03	-3.9872567822366e-06	0.0000000000000e+00	
32	0	-3.9015375855738e-03	9.1020954878806e-03	-2.8531594676584e-06	0.0000000000000e+00	
32	1	-3.9017255167983e-03	9.1018143732389e-03	-2.2766644362817e-06	0.0000000000000e+00	
32	2	-3.9013208746651e-03	9.1014438934482e-03	-1.3258243848085e-06	0.0000000000000e+00	
32	3	-3.9010296394954e-03	9.1011102049867e-03	-3.5196407098231e-06	0.0000000000000e+00	
32	4	-3.9010979370942e-03	9.1012307845415e-03	-2.5675088879657e-06	0.0000000000000e+00	
32	5	-3.9008929928422e-03	9.1013879888036e-03	-1.3583935447784e-06	0.0000000000000e+00	
32	6	-3.9005485841400e-03	9.1007516666035e-03	-3.3635664401868e-06	0.0000000000000e+00	
32	7	-3.9003384773899e-03	9.1008609541965e-03	-2.2317241242156e-06	0.0000000000000e+00	
32	8	-3.9003550249281e-03	9.1010014301166e-03	-1.3702064397821e-06	0.0000000000000e+00	
33	0	-3.9008563588783e-03	9.1012278683245e-03	-6.4206477433187e-07	0.0000000000000e+00	
33	1	-3.9003320516700e-03	9.1008918785247e-03	5.1087804514138e-08	0.0000000000000e+00	
33	2	-3.9002490334770e-03	9.1006026773070e-03	7.1077742648480e-08	0.0000000000000e+00	
33	3	-3.9006665172105e-03	9.1012952349489e-03	-7.6657706201587e-07	0.0000000000000e+00	
33	4	-3.9003765494578e-03	9.1008081716075e-03	-3.4117261263895e-07	0.0000000000000e+00	
33	5	-3.9002523341787e-03	9.1003155914773e-03	-3.6487313437814e-07	0.0000000000000e+00	
33	6	-3.9004503199448e-03	9.1009511414399e-03	-1.1106974249917e-06	0.0000000000000e+00	
33	7	-3.9004765228375e-03	9.1006236873229e-03	-8.4308053224126e-07	0.0000000000000e+00	
33	8	-3.9002882780437e-03	9.1002737109987e-03	-5.4821538381931e-07	0.0000000000000e+00	
34	0	-3.9003680952165e-03	9.1004565122955e-03	-1.5563511724347e-07	0.0000000000000e+00	
34	1	-3.9003149200655e-03	9.1002421381399e-03	-1.4031781887266e-07	0.0000000000000e+00	
34	2	-3.8998581844091e-03	9.1000696959150e-03	4.5176032987476e-07	0.0000000000000e+00	
34	3	-3.9002452914596e-03	9.1002139033772e-03	-4.0037807237049e-07	0.0000000000000e+00	
34	4	-3.9001767610204e-03	9.1002925253978e-03	-1.5164114415177e-07	0.0000000000000e+00	
34	5	-3.9000128766293e-03	9.1001209722738e-03	1.5704595406269e-07	0.0000000000000e+00	
34	6	-3.9001018670332e-03	9.1001893508213e-03	-2.8760090881113e-07	0.0000000000000e+00	
34	7	-3.8999828857267e-03	9.1002163954714e-03	-2.7094630736885e-08	0.0000000000000e+00	
34	8	-3.9001659171803e-03	9.1000956504347e-03	-2.5448612955951e-07	0.0000000000000e+00	
35	0	-3.8981082011278e-03	9.0970058515903e-03	2.1183932001831e-06	0.0000000000000e+00	
35	1	-3.8959825070860e-03	9.0971192173746e-03	-2.2087634962181e-06	0.0000000000000e+00	
35	2	-3.8961433615718e-03	9.0976991622871e-03	-4.7098680530130e-06	0.0000000000000e+00	
35	3	-3.8974817469783e-03	9.0987527249642e-03	1.0311460138625e-06	0.0000000000000e+00	
35	4	-3.8960821608981e-03	9.0969921317293e-03	-8.0531777139903e-07	0.0000000000000e+00	
35	5	-3.8961783994521e-03	9.0970404229845e-03	-3.4684428580395e-06	0.0000000000000e+00	
35	6	-3.8956276033345e-03	9.0983850422459e-03	-1.5735818829979e-06	0.0000000000000e+00	
35	7	-3.8963100472436e-03	9.0975185451233e-03	-1.3059203496578e-06	0.0000000000000e+00	
35	8	-3.8965884143617e-03	9.0974930794552e-03	-2.4798892198523e-06	0.0000000000000e+00	
36	0	-3.8971558057855e-03	9.0980579131394e-03	-5.6482044892658e-06	0.0000000000000e+00	
36	1	-3.8984345425813e-03	9.0985792039175e-03	-6.7019827668821e-06	0.0000000000000e+00	
36	2	-3.8988399927402e-03	9.0990679225611e-03	-6.8904337248939e-06	0.0000000000000e+00	
36	3	-3.8968404091834e-03	9.0974880003375e-03	-4.6512759744652e-06	0.0000000000000e+00	
36	4	-3.8977598006509e-03	9.0984697006142e-03	-5.4053434459520e-06	0.0000000000000e+00	
36	5	-3.8982240232243e-03	9.0993332011306e-03	-5.1937935463795e-06	0.0000000000000e+00	
36	6	-3.8965963718798e-03	9.0977450954183e-03	-3.2416186755736e-06	0.0000000000000e+00	
36	7	-3.8968327290645e-03	9.0984101571118e-03	-3.8862071383405e-06	0.0000000000000e+00	
36	8	-3.8974200527640e-03	9.0990573767225e-03	-4.0820165699731e-06	0.0000000000000e+00	
37	0	-3.8987323171576e-03	9.0993791736231e-03	-6.5659601757332e-06	0.0000000000000e+00	
37	1	-3.8988468151970e-03	9.0999483086158e-03	-5.9726129823499e-06	0.0000000000000e+00	
37	2	-3.8994667690752e-03	9.1004402767992e-03	-5.5353313709382e-06	0.0000000000000e+00	
37	3	-3.8983123732116e-03	9.0996093202235e-03	-4.9807777108416e-06	0.0000000000000e+00	
37	4	-3.8985743004747e-03	9.0996970993575e-03	-5.0138333200052e-06	0.0000000000000e+00	
37	5	-3.8990356485537e-03	9.0996757762171e-03	-5.1393925712054e-06	0.0000000000000e+00	
37	6	-3.8978949115124e-03	9.0992850922504e-03	-4.1997077418252e-06	0.0000000000000e+00	
37	7	-3.8985045515403e-03	9.0994020557448e-03	-4.3758873081477e-06	0.0000000000000e+00	
37	8	-3.8987914380562e-03	9.0994315455280e-03	-4.2367489638267e-06	0.0000000000000e+00	
38	0	-3.9000141361964e-03	9.1006354973330e-03	-5.3647635374404e-06	0.0000000000000e+00	
38	1	-3.9005719733492e-03	9.1007966089654e-03	-4.7646725542551e-06	0.0000000000000e+00	
38	2	-3.9005458247500e-03	9.1008130668815e-03	-3.7288065391405e-06	0.0000000000000e+00	
38	3	-3.8993765718029e-03	9.0997881661541e-03	-5.0185128461549e-06	0.0000000000000e+00	
38	4	-3.8997913431907e-03	9.1002161522143e-03	-4.2249341069262e-06	0.0000000000000e+00	
38	5	-3.8999478100484e-03	9.1006125428800e-03	-3.0812688447784e-06	0.0000000000000e+00	
38	6	-3.8988310233372e-03	9.0995282812647e-03	-3.9061490861918e-06	0.0000000000000e+00	
38	7	-3.8990033871641e-03	9.0998514862864e-03	-3.1795292674313e-06	0.0000000000000e+00	
38	8	-3.8993537213266e-03	9.1001640699095e-03	-2.5023888399525e-06	0.0000000000000e+00	
39	0	-3.9002999164210e-03	9.1007915162157e-03	-2.9741551666811e-06	0.0000000000000e+00	
39	1	-3.9000626016399e-03	9.1007327980202e-03	-2.0008081973639e-06	0.0000000000000e+00	
39	2	-3.9001423096984e-03	9.1006500277304e-03	-1.4847590667543e-06	0.0000000000000e+00	
39	3	-3.8999335848668e-03	9.1006770542528e-03	-2.4710083862905e-06	0.0000000000000e+00	
39	4	-3.8999359341499e-03	9.1004895955873e-03	-1.8784361718501e-06	0.0000000000000e+00	
39	5	-3.9000017476899e-03	9.1002221437338e-03	-1.5925522053678e-06	0.0000000000000e+00	
39	6	-3.8996212907611e-03	9.1002444168479e-03	-2.2189883359159e-06	0.0000000000000e+00	
39	7	-3.8999122208862e-03	9.1001927217815e-03	-1.8203855143851e-06	0.0000000000000e+00	
39	8	-3.8999500802275e-03	9.1000726690268e-03	-1.3743465252817e-06	0.0000000000000e+00	
40	0	-3.9003094812545e-03	9.1005919706529e-03	-1.3521547510714e-06	0.0000000000000e+00	
40	1	-3.9004206819191e-03	9.1004768900944e-03	-1.0081955016835e-06	0.0000000000000e+00	
40	2	-3.9002546736850e-03	9.1003440601975e-03	-4.9568281541023e-07	0.0000000000000e+00	
40	3	-3.9000632987374e-03	9.1001668318160e-03	-1.4120269891145e-06	0.0000000000000e+00	
40	4	-3.9001180249834e-03	9.1002630712489e-03	-9.0356484307550e-07	0.0000000000000e+00	
40	5	-3.9000952700675e-03	9.1003508724504e-03	-3.6384223657762e-07	0.0000000000000e+00	
40	6	-3.8998727253075e-03	9.1000506930661e-03	-1.0427429667809e-06	0.0000000000000e+00	
40	7	-3.8998299329661e-03	9.1001129440985e-03	-5.5834500976055e-07	0.0000000000000e+00	
40	8	-3.8999382490207e-03	9.1001740382311e-03	-2.9887802850973e-07	0.0000000000000e+00	
41	0	-3.9000565193097e-03	9.1002595686652e-03	-1.6756452085923e-07	0.0000000000000e+00	
41	1	-3.8999390902447e-03	9.1001233726629e-03	-8.4035493343746e-09	0.0000000000000e+00	
41	2	-3.9001602853883e-03	9.1000503199801e-03	-3.3102987250611e-07	0.0000000000000e+00	
41	3	-3.9000514914519e-03	9.1002833932449e-03	-1.5558450010397e-07	0.0000000000000e+00	
41	4	-3.9000020582216e-03	9.1000250658130e-03	-9.6501396330996e-08	0.0000000000000e+00	
41	5	-3.8999963785912e-03	9.0999910407104e-03	-1.1184392937906e-07	0.0000000000000e+00	
41	6	-3.9000538511746e-03	9.1001503213549e-03	-2.7219525215206e-07	0.0000000000000e+00	
41	7	-3.9000836296586e-03	9.1000252393848e-03	-1.5959188585654e-07	0.0000000000000e+00	
41	8	-3.8998630100857e-03	9.0999654295894e-03	1.7319612920333e-07	0.0000000000000e+00	
42	0	-3.8949707541340e-03	9.0973672098561e-03	-2.0301396326944e-06	0.0000000000000e+00	
42	1	-3.8961257412294e-03	9.0980467438050e-03	-1.8201330106403e-06	0.0000000000000e+00	
42	2	-3.8964754094065e-03	9.0981632231118e-03	-2.1100748239339e-06	0.0000000000000e+00	
42	3	-3.8947865144056e-03	9.0968226948134e-03	-2.2079553038071e-07	0.0000000000000e+00	
42	4	-3.8951590401743e-03	9.0981309527009e-03	-1.3469685205408e-06	0.0000000000000e+00	
42	5	-3.8955004431136e-03	9.0984137746369e-03	-1.5284299400339e-06	0.0000000000000e+00	
42	6	-3.8942047051782e-03	9.0981691788905e-03	5.6407360754507e-07	0.0000000000000e+00	
42	7	-3.8939206372653e-03	9.0970026137564e-03	7.6021088946745e-09	0.0000000000000e+00	
42	8	-3.8942306231219e-03	9.0972974229753e-03	-4.6532390457880e-07	0.0000000000000e+00	
43	0	-3.8963627963947e-03	9.0982011806022e-03	-2.5060322977211e-06	0.0000000000000e+00	
43	1	-3.8964587555813e-03	9.0983915856513e-03	-3.1913269504620e-06	0.0000000000000e+00	
43	2	-3.8970392868203e-03	9.0986881332553e-03	-3.7425747610930e-06	0.0000000000000e+00	
43	3	-3.8956900020987e-03	9.0983793388535e-03	-1.6331847400562e-06	0.0000000000000e+00	
43	4	-3.8960791993863e-03	9.0982818552269e-03	-2.1137251602670e-06	0.0000000000000e+00	
43	5	-3.8965599426181e-03	9.0983106880774e-03	-2.5847773025733e-06	0.0000000000000e+00	
43	6	-3.8946556257960e-03	9.0976306948054e-03	-6.0200053567742e-07	0.0000000000000e+00	
43	7	-3.8953658805216e-03	9.0980587171201e-03	-5.3072867416781e-07	0.0000000000000e+00	
43	8	-3.8959881139405e-03	9.0983458737115e-03	-3.3210306479555e-07	0.0000000000000e+00	
44	0	-3.8975643263484e-03	9.0988829542775e-03	-3.9457864866943e-06	0.0000000000000e+00	
44	1	-3.8982408206825e-03	9.0992138920053e-03	-3.8737622356848e-06	0.0000000000000e+00	
44	2	-3.8985540625202e-03	9.0994916203920e-03	-3.3847374242901e-06	0.0000000000000e+00	
44	3	-3.8968780352625e-03	9.0984619928924e-03	-2.6640033387760e-06	0.0000000000000e+00	
44	4	-3.8974319044938e-03	9.0989191420139e-03	-2.3979408578982e-06	0.0000000000000e+00	
44	5	-3.8979866759637e-03	9.0993737479296e-03	-1.9427001354069e-06	0.0000000000000e+00	
44	6	-3.8963167318786e-03	9.0984731126662e-03	-2.9472457250037e-07	0.0000000000000e+00	
44	7	-3.8969305984709e-03	9.0986685975823e-03	-5.1784328344351e-07	0.0000000000000e+00	
44	8	-3.8976219087652e-03	9.0988953516089e-03	-7.9378269509836e-07	0.0000000000000e+00	
45	0	-3.8985929573503e-03	9.0996070473815e-03	-3.0017570648239e-06	0.0000000000000e+00	
45	1	-3.8987764575360e-03	9.0997306357241e-03	-2.5531986115190e-06	0.0000000000000e+00	
45	2	-3.8991591867511e-03	9.0998186615278e-03	-2.2789743328772e-06	0.0000000000000e+00	
45	3	-3.8983047133917e-03	9.0995214508950e-03	-1.7467083122479e-06	0.0000000000000e+00	
45	4	-3.8987628525716e-03	9.0995586670599e-03	-1.6417395505183e-06	0.0000000000000e+00	
45	5	-3.8990979239398e-03	9.0995335750099e-03	-1.5644600917011e-06	0.0000000000000e+00	
45	6	-3.8980490134807e-03	9.0990687489861e-03	-8.1910135471755e-07	0.0000000000000e+00	
45	7	-3.8986595474055e-03	9.0994145214995e-03	-5.3919429285454e-07	0.0000000000000e+00	
45	8	-3.8990905176076e-03	9.0997029957405e-03	-1.4278088333878e-07	0.0000000000000e+00	
46	0	-3.8994543202489e-03	9.0998805936859e-03	-2.1208302778287e-06	0.0000000000000e+00	
46	1	-3.8997911752954e-03	9.1000054582444e-03	-1.6560578239606e-06	0.0000000000000e+00	
46	2	-3.8998708057490e-03	9.1000949916820e-03	-1.0458425559497e-06	0.0000000000000e+00	
46	3	-3.8992410679483e-03	9.0995880126609e-03	-1.4073926577759e-06	0.0000000000000e+00	
46	4	-3.8994709449336e-03	9.0998146366374e-03	-9.7370290152706e-07	0.0000000000000e+00	
46	5	-3.8996908996910e-03	9.1000337848639e-03	-5.3375538470142e-07	0.0000000000000e+00	
46	6	-3.8992648368147e-03	9.0997906707478e-03	-9.5447612881247e-09	0.0000000000000e+00	
46	7	-3.8995268510157e-03	9.0998115609206e-03	-1.1002781334695e-07	0.0000000000000e+00	
46	8	-3.8997548294615e-03	9.0998057597907e-03	-3.1944250284787e-07	0.0000000000000e+00	
47	0	-3.8998152157150e-03	9.1001039472095e-03	-6.9904244836454e-07	0.0000000000000e+00	
47	1	-3.8997957928815e-03	9.1000547863748e-03	-3.8056018966204e-07	0.0000000000000e+00	
47	2	-3.8999083683675e-03	9.1000066929336e-03	-3.1495884203044e-07	0.0000000000000e+00	
47	3	-3.8998103692599e-03	9.1000767903618e-03	-3.6530296361215e-07	0.0000000000000e+00	
47	4	-3.8999403838129e-03	9.1000034410531e-03	-2.5855758043962e-07	0.0000000000000e+00	
47	5	-3.8999666153655e-03	9.0999150718790e-03	-2.0927866712719e-07	0.0000000000000e+00	
47	6	-3.8998695188692e-03	9.0998531271397e-03	-3.3529221280336e-07	0.0000000000000e+00	
47	7	-3.9000002508395e-03	9.1000132871235e-03	-1.1397777998647e-07	0.0000000000000e+00	
47	8	-3.9000420765195e-03	9.1001148264532e-03	1.4215984448043e-07	0.0000000000000e+00	
48	0	-3.9000200136771e-03	9.1000166847329e-03	-3.1236996759533e-07	0.0000000000000e+00	
48	1	-3.9000679389887e-03	9.1000616593051e-03	-1.0938413776238e-07	0.0000000000000e+00	
48	2	-3.8999021332019e-03	9.0999656436215e-03	1.8934891641679e-07	0.0000000000000e+00	
48	3	-3.8999426555052e-03	9.0999350154819e-03	-1.2955893084781e-07	0.0000000000000e+00	
48	4	-3.8999644417016e-03	9.1000491763516e-03	2.0810015732918e-08	0.0000000000000e+00	
48	5	-3.9000843909396e-03	9.0999862011887e-03	-3.1351157962867e-08	0.0000000000000e+00	
48	6	-3.9000292618498e-03	9.1000752275296e-03	1.6934945452685e-07	0.0000000000000e+00	
48	7	-3.9000008951468e-03	9.0999222122001e-03	-1.4561233643621e-08	0.0000000000000e+00	
48	8	-3.8999726953215e-03	9.1000314585115e-03	-6.9895519147949e-09	0.0000000000000e+00	











Stress
0	0	2.3244627122883e-01	1.0735698808706e+01	6.5222257577040e-03	3.2904435239805e+00	
0	1	7.3159458934278e-02	1.0281235198494e+01	9.3087233690906e-02	3.1063183972285e+00	
0	2	1.4898119114819e-02	1.0056251984199e+01	3.2456973582653e-02	3.0213450309941e+00	
0	3	2.3490537388277e-01	1.0152227013727e+01	-1.2483108818887e-01	3.1161397162829e+00	
0	4	-5.3086054735811e-02	1.0057744269139e+01	-6.4428952909033e-02	3.0013974643210e+00	
0	5	-1.0751344909833e-01	1.0021984312128e+01	-1.5648521227108e-02	2.9743412589089e+00	
0	6	2.7348521368419e-02	9.8522214306626e+00	-8.4886767967820e-02	2.9638709856093e+00	
0	7	-2.6169262161760e-02	9.9811737325466e+00	-7.7921912536337e-02	2.9865013411154e+00	
0	8	-3.4981172742217e-02	1.0033801380483e+01	-2.8695085840920e-02	2.9996460623222e+00	
1	0	1.5074272990180e-02	1.0004857243499e+01	-1.3597546172095e-03	3.0059794549468e+00	
1	1	3.0713063770651e-02	9.9964153576536e+00	-1.1481254009647e-02	3.0081385264273e+00	
1	2	3.5319833891195e-02	1.0024240122880e+01	4.2504258969362e-03	3.0178679870314e+00	
1	3	-3.9832427539144e-02	1.0036039039418e+01	3.2641402984832e-03	2.9988619835638e+00	
1	4	3.8636853728926e-02	1.0043354294908e+01	1.5559576855906e-02	3.0245973445911e+00	
1	5	4.2474696179696e-02	1.0025218177566e+01	9.9528438898491e-03	3.0203078621237e+00	
1	6	-1.5627370319172e-02	1.0047120116197e+01	-4.0326400658789e-03	3.0094478237634e+00	
1	7	1.8399469742878e-03	1.0038240432526e+01	1.0279467424137e-02	3.0120241138502e+00	
1	8	1.2090222580170e-03	1.0012489986274e+01	4.7380193736404e-03	3.0041097025597e+00	
2	0	2.2786594897774e-02	1.0029299035264e+01	9.0595342042717e-03	3.0156256890486e+00	
2	1	1.4508510972115e-03	1.0016592924757e+01	5.9224882181118e-03	3.0054131327564e+00	
2	2	-6.0750901477729e-03	9.9993883762936e+00	-1.2487899247781e-03	2.9979939858437e+00	
2	3	1.6433253262295e-02	1.0008764181691e+01	3.0350316194398e-03	3.0075592304860e+00	
2	4	-1.0201687870391e-02	9.9983253666108e+00	-1.4353773810281e-03	2.9964371036221e+00	
2	5	-8.8693174766679e-03	1.0004076979628e+01	7.3337506800878e-04	2.9985622986454e+00	
2	6	-1.6522138647908e-03	1.0002368749862e+01	5.8982209929127e-04	3.0002149607991e+00	
2	7	-6.9267151158936e-04	1.0001967480300e+01	4.6170239542278e-04	3.0003824426366e+00	
2	8	2.9456163891686e-03	1.0009813696559e+01	3.5710336419428e-03	3.0038277938845e+00	
3	0	-1.1407764216216e-03	9.9964909897591e+00	-2.9504219180322e-03	2.9986050640012e+00	
3	1	7.1040154569575e-03	1.0000713151750e+01	-1.7263441497767e-03	3.0023451501622e+00	
3	2	8.6360810013302e-03	1.0006560252710e+01	8.4901552640620e-04	3.0045589001133e+00	
3	3	1.1774587386002e-03	1.0009396197230e+01	2.7442308587845e-03	3.0031720967907e+00	
3	4	1.0139945772273e-02	1.0010003001955e+01	3.1798498628013e-03	3.0060428843181e+00	
3	5	7.7219137906006e-03	1.0004109789712e+01	1.3402341768876e-03	3.0035495110509e+00	
3	6	3.6250977437042e-03	1.0011796618166e+01	4.0343321294354e-03	3.0046265147728e+00	
3	7	2.1986098729982e-03	1.0008226842440e+01	2.4354026370978e-03	3.0031276356938e+00	
3	8	3.3298381756897e-04	1.0002143322517e+01	5.2954398994834e-04	3.0007428919004e+00	
4	0	5.2306606726971e-03	1.0006785957259e+01	1.3810992989147e-03	3.0036049853796e+00	
4	1	-6.9017629478196e-07	1.0003477185605e+01	8.5586650889642e-04	3.0010429486287e+00	
4	2	-1.5097852578592e-03	9.9999417897238e+00	-6.7256276046991e-05	2.9995296013398e+00	
4	3	2.8486415865547e-03	1.0000623627610e+01	2.4132112503857e-04	3.0010416807589e+00	
4	4	-1.4863218175121e-03	9.9995434463849e+00	-1.4752132420472e-04	2.9994171373702e+00	
4	5	-8.6688395872603e-04	1.0001708496842e+01	4.7629632480015e-04	3.0002524838650e+00	
4	6	2.2222072264189e-04	1.0000334693868e+01	3.7503717598434e-04	3.0001670743773e+00	
4	7	1.0770703307053e-03	1.0000903417149e+01	9.8946130922593e-04	3.0005941462438e+00	
4	8	1.6597833144258e-03	1.0002711159703e+01	1.3982056192747e-03	3.0013112829052e+00	
5	0	-1.8399923323820e-04	9.9994850756610e+00	-2.3024215573093e-04	2.9997903229283e+00	
5	1	1.7210423877039e-03	1.0000291283301e+01	-8.1549916909818e-05	3.0006036977067e+00	
5	2	1.6375696614750e-03	1.0000787032816e+01	1.1874689184813e-04	3.0007273807433e+00	
5	3	8.1059788285565e-04	1.0002701808967e+01	7.9298059015988e-04	3.0010537220550e+00	
5	4	1.8242802661357e-03	1.0001752507008e+01	6.9128620528483e-04	3.0010730361823e+00	
5	5	8.8876289364848e-04	9.9994698768175e+00	2.5064431497018e-04	3.0001075919133e+00	
5	6	1.2797186451632e-03	1.0002806617451e+01	1.0831455936269e-03	3.0012259008289e+00	
5	7	2.6403973599454e-04	1.0001211476014e+01	4.1188347178500e-04	3.0004426547251e+00	
5	8	-2.4784904780972e-04	9.9993308608530e+00	2.0539800585353e-04	2.9997249035415e+00	
6	0	4.5342746893873e-04	1.0000060696367e+01	8.9887832262294e-05	3.0001542371507e+00	
6	1	-6.8749847222094e-04	9.9982450334616e+00	2.9694824077796e-05	2.9992672604968e+00	
6	2	5.3958415193112e-04	9.9978225079972e+00	4.8835369522506e-05	2.9995086276447e+00	
6	3	1.4371414769343e-05	9.9986250506394e+00	9.1762974101056e-05	2.9995918266163e+00	
6	4	-3.0140302789139e-04	9.9986434886638e+00	1.3765954318814e-04	2.9995026256908e+00	
6	5	1.7729978710079e-05	9.9980094924406e+00	1.6138547119832e-04	2.9994081667258e+00	
6	6	-2.0423163720196e-06	9.9989464842209e+00	4.5400570050189e-04	2.9996833325714e+00	
6	7	4.1818706364438e-04	9.9990594210360e+00	5.5705265653386e-04	2.9998432824299e+00	
6	8	-1.6196996447704e-04	9.9980697874731e+00	-1.9922726549056e-04	2.9993723452526e+00	
7	0	-2.7448802763370e-02	9.8607542974947e+00	-4.0215426009252e-02	2.9499916484194e+00	
7	1	1.2034399810883e-03	9.9762546535701e+00	-4.9864283735180e-02	2.9932374280654e+00	
7	2	1.5029786614145e-03	1.0023552556272e+01	-2.7989794594554e-02	3.0075166604800e+00	
7	3	-2.3462849965197e-02	9.9231328644372e+00	-2.3291877136943e-03	2.9699010043416e+00	
7	4	9.1796606179013e-03	9.9680198336040e+00	-1.8304435351992e-02	2.9931598482666e+00	
7	5	8.2700504384752e-03	9.9960245963741e+00	-2.3881710791452e-02	3.0012883940438e+00	
7	6	1.9350062492571e-02	9.9721991830892e+00	1.0209267000718e-03	2.9974647736745e+00	
7	7	-4.0005654825004e-03	9.9660929742593e+00	-9.6915474813846e-03	2.9886277226330e+00	
7	8	-1.1017543718018e-02	9.9806842255830e+00	-1.8148445951529e-02	2.9909000045595e+00	
8	0	-6.5225877724835e-03	1.0029641892148e+01	-1.3242747974669e-02	3.0069357913125e+00	
8	1	-1.7160509348116e-02	1.0022727440616e+01	-1.0031793232266e-03	3.0016700793803e+00	
8	2	-1.5226329288134e-02	1.0010921198616e+01	1.1740917872330e-03	2.9987084607983e+00	
8	3	-6.7680688784089e-03	1.0002154030516e+01	-2.0483396406493e-02	2.9986157884912e+00	
8	4	-2.1831881344891e-02	1.0008643230541e+01	-1.1211955566830e-02	2.9960434047590e+00	
8	5	-1.7338748993654e-02	1.0013911679072e+01	-2.0669654651965e-03	2.9989718790236e+00	
8	6	-1.0818603672145e-02	9.9915287581475e+00	-1.7636182420758e-02	2.9942130463426e+00	
8	7	-9.0080727589665e-03	1.0006197100046e+01	-1.1327392867122e-02	2.9991567081860e+00	
8	8	-6.4471482538053e-03	1.0014088177140e+01	-3.8213494653835e-03	3.0022923086659e+00	
9	0	-6.3900821869449e-03	1.0008689465121e+01	1.5486962878688e-03	3.0006898148803e+00	
9	1	4.7743166375831e-03	1.0009192067966e+01	3.1559387676589e-03	3.0041899153810e+00	
9	2	6.1963260222297e-03	1.0009522375863e+01	3.6935044995102e-03	3.0047156105657e+00	
9	3	-6.8626837307235e-03	1.0016599220899e+01	1.6256220666673e-03	3.0029209611505e+00	
9	4	3.1622257902795e-03	1.0013857759084e+01	3.5583533475683e-03	3.0051059954624e+00	
9	5	2.4054552956239e-03	1.0006368245387e+01	1.9322185689526e-03	3.0026321102047e+00	
9	6	-5.0500102063076e-03	1.0014863084349e+01	-1.1160473477643e-03	3.0029439222427e+00	
9	7	-4.6321092071242e-03	1.0010353087284e+01	1.6294313785430e-04	3.0017162934232e+00	
9	8	-4.5213420438266e-03	1.0004298448373e+01	-3.3002732491527e-04	2.9999331318988e+00	
10	0	2.3344418344369e-03	1.0007803936379e+01	2.6164849955316e-03	3.0030415134639e+00	
10	1	-2.1520234994883e-03	1.0004740754732e+01	8.6686026278094e-04	3.0007766193696e+00	
10	2	-1.9840330409782e-03	1.0003117118180e+01	4.7660435572020e-04	3.0003399255418e+00	
10	3	-1.2334824344249e-03	1.0002789900215e+01	5.1485049379827e-04	3.0004669253340e+00	
10	4	-3.5509177144073e-03	1.0002428873453e+01	-2.1907602661545e-05	2.9996633867216e+00	
10	5	-1.5631172391002e-03	1.0005320015385e+01	1.0459140925076e-03	3.0011270694437e+00	
10	6	-3.5081499978498e-03	1.0002776086025e+01	-3.1499798746140e-04	2.9997803808081e+00	
10	7	-1.1106047928537e-03	1.0003901774576e+01	5.5026920094304e-04	3.0008373509350e+00	
10	8	3.1951857831647e-04	1.0005930031729e+01	1.4076151414031e-03	3.0018748650922e+00	
11	0	1.2021500440351e-04	1.0003138824728e+01	1.1135912853499e-03	3.0009777119196e+00	
11	1	2.3399385320388e-03	1.0003014674079e+01	1.8574110258473e-03	3.0016063837834e+00	
11	2	2.0090512765440e-03	1.0002203294735e+01	1.5783249354743e-03	3.0012637038034e+00	
11	3	4.3111583079725e-04	1.0006258925641e+01	1.8079884538073e-03	3.0020070124416e+00	
11	4	1.5749933427829e-03	1.0004463615124e+01	2.0093781386965e-03	3.0018115825401e+00	
11	5	6.2771444576804e-04	1.0001147026570e+01	1.2512036433467e-03	3.0005324223046e+00	
11	6	6.8585332308579e-05	1.0005830601785e+01	1.4534128115916e-03	3.0017697561352e+00	
11	7	-8.2535701650155e-04	1.0003569071110e+01	1.0859167625979e-03	3.0008231142281e+00	
11	8	-1.0984111165957e-03	1.0001028808307e+01	7.3679959003488e-04	2.9999791191570e+00	
12	0	7.8198809117325e-04	1.0001402588817e+01	9.0231019063708e-04	3.0006553730725e+00	
12	1	-4.6670977138596e-04	1.0000461875510e+01	1.9227295929326e-04	2.9999985497215e+00	
12	2	-3.3442389752647e-04	1.0000023177989e+01	3.0723237138526e-04	2.9999066262275e+00	
12	3	-1.9053555279758e-04	9.9999509006299e+00	6.9793413191967e-04	2.9999281095231e+00	
12	4	-4.0662000375757e-04	1.0000123142724e+01	3.8521875917905e-04	2.9999149568160e+00	
12	5	1.4583484900665e-04	1.0000984314538e+01	6.1397163371899e-04	3.0003390448162e+00	
12	6	-5.9786852392385e-04	1.0000441488083e+01	7.5300299422713e-04	2.9999530858679e+00	
12	7	3.3713329508167e-04	1.0000744578976e+01	8.7728878921308e-04	3.0003245136812e+00	
12	8	5.3010138028764e-04	1.0001074774360e+01	8.0941502046983e-04	3.0004814627222e+00	
13	0	2.3448399962689e-04	9.9998592970441e+00	6.9656902750591e-04	3.0000281343131e+00	
13	1	5.1265446322990e-04	9.9991175476377e+00	6.9778906593685e-04	2.9998890606303e+00	
13	2	-1.6841651726640e-04	9.9980443790467e+00	-3.0555002298019e-04	2.9993627887588e+00	
13	3	3.5027639441942e-04	1.0000764986559e+01	7.8798021645591e-04	3.0003345788861e+00	
13	4	6.9781217475473e-05	9.9990760689692e+00	5.7168359316852e-04	2.9997437550560e+00	
13	5	2.0910375823746e-05	9.9982651307582e+00	-6.7815810939723e-05	2.9994858123402e+00	
13	6	7.2083503447118e-05	1.0000592881979e+01	5.8807434305736e-04	3.0001994896447e+00	
13	7	-4.5130171316821e-04	9.9991780858498e+00	2.8480645178096e-04	2.9996180352410e+00	
13	8	2.5509608719432e-04	9.9987813452814e+00	3.1229033648594e-04	2.9997109324106e+00	
14	0	3.0863885946087e-02	9.9825088092520e+00	-2.7477826297476e-03	3.0040118085594e+00	
14	1	-6.8887351725770e-03	9.9731651205248e+00	-1.1278901812880e-02	2.9898829156057e+00	
14	2	-1.4753341965292e-02	9.9844508250943e+00	-1.4735529270268e-02	2.9909092449387e+00	
14	3	2.0431952391991e-02	9.9854011967971e+00	-4.0858074685102e-03	3.0017499447567e+00	
14	4	-1.8547837286693e-03	9.9859179491055e+00	-1.1387813561813e-02	2.9952189496130e+00	
14	5	-6.4966329543026e-03	9.9942057495147e+00	-1.0432753065260e-02	2.9963127349681e+00	
14	6	-1.5248773094045e-03	9.9837809580913e+00	-1.0618733197654e-03	2.9946768242346e+00	
14	7	5.5416916981699e-03	9.9929981144868e+00	-7.3671720475068e-03	2.9995619418555e+00	
14	8	5.2961757467695e-03	9.9989246564744e+00	-7.5015748251969e-03	3.0012662496663e+00	
15	0	-9.1184116937724e-03	9.9946328534651e+00	-1.3349690226930e-02	2.9956543325314e+00	
15	1	-2.8118032698252e-03	1.0006005945043e+01	-9.1388580193813e-03	3.0009582425319e+00	
15	2	-2.9933385512013e-03	1.0009656530720e+01	-5.1329481510530e-03	3.0019989576505e+00	
15	3	-3.1136036609798e-03	9.9995545745584e+00	-8.7252570831520e-03	2.9989322912692e+00	
15	4	-8.1529784690471e-04	1.0003032438029e+01	-7.3550355402626e-03	3.0006651420547e+00	
15	5	-3.2537370355650e-03	1.0002304800533e+01	-6.7917528888771e-03	2.9997153190492e+00	
15	6	1.6578152771096e-03	9.9996612507427e+00	-7.0895790306273e-03	3.0003957198059e+00	
15	7	-3.5319738198947e-03	9.9990985035934e+00	-7.2178912923109e-03	2.9986699589320e+00	
15	8	-5.3158833909555e-03	9.9990929074696e+00	-6.9224390900296e-03	2.9981331072236e+00	
16	0	-5.4676839800889e-03	1.0008990208522e+01	-3.7103606758164e-03	3.0010567573627e+00	
16	1	-7.8149453107139e-03	1.0006650665005e+01	-2.2623799203858e-03	2.9996507159083e+00	
16	2	-6.1695670504172e-03	1.0005026492436e+01	-1.0875722406290e-03	2.9996570776157e+00	
16	3	-5.7748324561580e-03	1.0001867239233e+01	-6.1345147873828e-03	2.9988277220331e+00	
16	4	-7.0031792735072e-03	1.0003681844183e+01	-4.0167092611546e-03	2.9990035994728e+00	
16	5	-4.6980835692665e-03	1.0006538607907e+01	-1.5302151941261e-03	3.0005521573014e+00	
16	6	-4.4950630107330e-03	1.0000388018654e+01	-5.9119439774701e-03	2.9987678866929e+00	
16	7	-2.7374790618371e-03	1.0003728648929e+01	-3.6383277204368e-03	3.0002973509602e+00	
16	8	-1.8615109999995e-03	1.0006185524217e+01	-1.7518746579529e-03	3.0012972039651e+00	
17	0	-3.3312661810188e-03	1.0005132733258e+01	-2.0021777603300e-04	3.0005404401231e+00	
17	1	-6.2259981081780e-06	1.0005452053084e+01	8.9732733033445e-04	3.0016337481257e+00	
17	2	3.4873722513673e-04	1.0004944215791e+01	1.1124123375705e-03	3.0015878859048e+00	
17	3	-2.4635641808963e-03	1.0007423989084e+01	-3.7660285297464e-04	3.0014881274709e+00	
17	4	-7.4040210082948e-04	1.0006026237853e+01	3.7854681735969e-04	3.0015857507256e+00	
17	5	-1.1617718322192e-03	1.0003165058618e+01	1.7171486317676e-04	3.0006009860357e+00	
17	6	-2.1049012895444e-03	1.0006262679943e+01	-1.2174772750834e-03	3.0012473335962e+00	
17	7	-2.7492140892251e-03	1.0004498537612e+01	-8.8878505180212e-04	3.0005247970569e+00	
17	8	-2.6560214299129e-03	1.0002430185477e+01	-6.7668902042740e-04	2.9999322492141e+00	
18	0	-7.4880290889912e-04	1.0004027276505e+01	8.0425781291326e-04	3.0009835420790e+00	
18	1	-1.8400129361966e-03	1.0002552050021e+01	4.7980498419761e-04	3.0002136111254e+00	
18	2	-1.3553650178855e-03	1.0001693826915e+01	6.1330060265334e-04	3.0001015385692e+00	
18	3	-1.8002837181541e-03	1.0002004519677e+01	-3.9727669796890e-05	3.0000612707876e+00	
18	4	-1.7756277272065e-03	1.0001907107079e+01	1.1701119554929e-04	3.0000394438055e+00	
18	5	-8.0546531995651e-04	1.0002653717731e+01	6.2140897266993e-04	3.0005544757234e+00	
18	6	-1.9426993674054e-03	1.0001988723900e+01	-3.7198973295803e-04	3.0000138073598e+00	
18	7	-7.0397169570580e-04	1.0002316575394e+01	2.1700234557008e-04	3.0004837811096e+00	
18	8	-1.6000592159049e-04	1.0002698544437e+01	5.5866850694343e-04	3.0007615615545e+00	
19	0	-4.0765006601529e-04	1.0001567994270e+01	8.8506999085592e-04	3.0003481032611e+00	
19	1	5.5971473719740e-04	1.0001275721346e+01	1.0546050671752e-03	3.0005506308250e+00	
19	2	3.7221842006474e-04	1.0000640309340e+01	7.6524399097107e-04	3.0003037583280e+00	
19	3	-1.8763263386035e-04	1.0002686280926e+01	8.7326533778152e-04	3.0007495944876e+00	
19	4	8.7971759834993e-05	1.0001543508340e+01	8.7326881626207e-04	3.0004894440300e+00	
19	5	-2.0570780010054e-04	1.0000094805423e+01	5.4858496158067e-04	2.9999667292868e+00	
19	6	-3.5191785947220e-04	1.0002393465519e+01	5.3444210771139e-04	3.0006124642978e+00	
19	7	-7.1578194726118e-04	1.0001213312379e+01	3.8971412974149e-04	3.0001492591294e+00	
19	8	-6.0280409180624e-04	1.0000173660911e+01	3.3782836519348e-04	2.9998712570456e+00	
20	0	-1.9697296304066e-04	1.0000091150864e+01	4.3211613807041e-04	2.9999682533702e+00	
20	1	-4.8654811473003e-04	9.9994181162052e+00	1.9530485805599e-04	2.9996794704271e+00	
20	2	2.9529167731912e-04	9.9991470687656e+00	4.0435386611882e-04	2.9998327081329e+00	
20	3	-3.5657404566702e-04	9.9997049270424e+00	3.5085009919162e-04	2.9998045058990e+00	
20	4	-1.3268882062345e-04	9.9998819098436e+00	2.5569897456675e-04	2.9999247663069e+00	
20	5	7.0694921681103e-05	9.9995171493568e+00	2.2602039589110e-04	2.9998763532836e+00	
20	6	-1.9127772525174e-04	1.0000031937325e+01	4.1012612941881e-04	2.9999521978799e+00	
20	7	2.4996932130072e-04	1.0000164345926e+01	3.7407644236663e-04	3.0001242945741e+00	
20	8	-2.2505217181212e-04	9.9996443267501e+00	-7.7416883513139e-05	2.9998257823735e+00	
21	0	-7.8325115452627e-03	9.9856156321044e+00	9.0309591440757e-04	2.9933349361678e+00	
21	1	6.7484102712845e-03	9.9930775217578e+00	-3.8667141457395e-03	2.9999477796087e+00	
21	2	7.5931167128562e-03	9.9971413892632e+00	-6.0750631403469e-03	3.0014203517928e+00	
21	3	-3.9460536572706e-03	9.9921581787714e+00	1.0212669005612e-03	2.9964636375343e+00	
21	4	4.3351465521386e-03	9.9921788266982e+00	-8.3170076736752e-04	2.9989541919751e+00	
21	5	4.3960338119602e-03	9.9933547878605e+00	-4.2333581681785e-03	2.9993252465017e+00	
21	6	5.5396001180359e-03	9.9969911745217e+00	-1.0265548022697e-03	3.0007592323919e+00	
21	7	9.1917545496756e-04	9.9927634962499e+00	-1.1259115382820e-03	2.9981048015114e+00	
21	8	-5.6290759179412e-04	9.9927333872960e+00	-3.1713402749963e-03	2.9976511439113e+00	
22	0	2.1282244916900e-03	9.9970891954375e+00	-6.7718666989463e-03	2.9997652259788e+00	
22	1	-4.2677502001371e-03	9.9976533461080e+00	-7.1332465203517e-03	2.9980156787724e+00	
22	2	-4.9214022340047e-03	9.9998977420538e+00	-6.1417116779035e-03	2.9984929019459e+00	
22	3	8.9040458803868e-04	9.9939602813091e+00	-5.6418576724188e-03	2.9984552057692e+00	
22	4	-2.5173030371253e-03	9.9972041576676e+00	-5.9833527649908e-03	2.9984060563891e+00	
22	5	-2.3036995504260e-03	1.0001407954902e+01	-4.7063217149412e-03	2.9997312766055e+00	
22	6	-1.9337489984839e-04	9.9943491857013e+00	-4.0764178357313e-03	2.9982467432404e+00	
22	7	5.4689445316214e-04	9.9982436754602e+00	-4.3134753502485e-03	2.9996371709740e+00	
22	8	3.3592424083562e-04	1.0001449777043e+01	-3.7797367081654e-03	3.0005357103850e+00	
23	0	-2.9935601719684e-03	1.0001851160757e+01	-4.9121652330142e-03	2.9996572801754e+00	
23	1	-9.5936613439651e-04	1.0004082086849e+01	-3.1134968971199e-03	3.0009368162144e+00	
23	2	-1.2957173666539e-03	1.0004554414110e+01	-2.1156778608098e-03	3.0009776090230e+00	
23	3	-1.1849673240274e-03	1.0003121341770e+01	-3.7805263097164e-03	3.0005809123338e+00	
23	4	-7.5674381571389e-04	1.0003346389253e+01	-2.9835283933288e-03	3.0007768936311e+00	
23	5	-1.7708087943777e-03	1.0002032739860e+01	-2.7758858653141e-03	3.0000785793195e+00	
23	6	-5.2338789751172e-04	1.0002125660702e+01	-3.5430830526367e-03	3.0004806818413e+00	
23	7	-1.9152972391128e-03	1.0001704128782e+01	-3.3741675103780e-03	2.9999366494628e+00	
23	8	-2.3043082335104e-03	1.0000988974803e+01	-3.0581594735603e-03	2.9996053999709e+00	
24	0	-2.4223462728212e-03	1.0004084092897e+01	-1.9408173709425e-03	3.0004985239874e+00	
24	1	-3.4155309523367e-03	1.0003202141795e+01	-1.5651681805510e-03	2.9999359832528e+00	
24	2	-2.7030458195156e-03	1.0002752867649e+01	-8.8901277386482e-04	3.0000149465487e+00	
24	3	-2.5246625589492e-03	1.0001564389076e+01	-2.6477159317972e-03	2.9997119179552e+00	
24	4	-2.6637188955370e-03	1.0002140682459e+01	-1.9480513375524e-03	2.9998430890691e+00	
24	5	-1.7165152160841e-03	1.0003233100023e+01	-9.6674375682125e-04	3.0004549754420e+00	
24	6	-1.8287409518187e-03	1.0001153632099e+01	-2.6259814437672e-03	2.9997974673441e+00	
24	7	-9.4585661543611e-04	1.0002142550287e+01	-1.7441618866567e-03	3.0003590081014e+00	
24	8	-5.9514621312129e-04	1.0002925859035e+01	-1.0294456554052e-03	3.0006992138467e+00	
25	0	-1.5601566777921e-03	1.0002806667344e+01	-3.5440957048433e-04	3.0003739532000e+00	
25	1	-2.8735780595834e-04	1.0002705616107e+01	2.4417876870712e-04	3.0007254774903e+00	
25	2	-2.0333618491719e-04	1.0002165350397e+01	3.5512791189661e-04	3.0005886042637e+00	
25	3	-9.9298456451358e-04	1.0003469934444e+01	-4.6415221158183e-04	3.0007430849640e+00	
25	4	-5.2004397311123e-04	1.0002659626392e+01	-8.5287284649754e-05	3.0006418747257e+00	
25	5	-7.0079313380500e-04	1.0001336055331e+01	-9.2494937503297e-05	3.0001905786590e+00	
25	6	-7.9273788250767e-04	1.0002832614495e+01	-8.1338618870556e-04	3.0006119629836e+00	
25	7	-1.1460899624485e-03	1.0001953235944e+01	-6.2156559672826e-04	3.0002421437946e+00	
25	8	-1.0609356444444e-03	1.0001035782853e+01	-4.3715362530929e-04	2.9999924541624e+00	
26	0	-6.3443657633222e-04	1.0001648830075e+01	2.2663581991886e-04	3.0003043180497e+00	
26	1	-9.5172641120378e-04	1.0000935618316e+01	1.4126332121502e-04	2.9999951675714e+00	
26	2	-5.3987149365931e-04	1.0000554319290e+01	2.8517600050411e-04	3.0000043343388e+00	
26	3	-8.5860651213210e-04	1.0000846864112e+01	-1.3299232630223e-04	2.9999964772800e+00	
26	4	-6.7688745316197e-04	1.0000811934570e+01	-9.3764808839299e-07	3.0000405141350e+00	
26	5	-2.0146692301992e-04	1.0001010201131e+01	2.3633532006673e-04	3.0002426202625e+00	
26	6	-6.8868199673666e-04	1.0000848958928e+01	-2.5674911561177e-04	3.0000480830795e+00	
26	7	-1.1197758581183e-04	1.0000944942783e+01	2.7832592666842e-05	3.0002498895590e+00	
26	8	4.7066417394603e-05	1.0000958850156e+01	1.3846555182277e-04	3.0003017749720e+00	
27	0	-2.7655670661098e-05	1.0000471958421e+01	4.3987709434371e-04	3.0001332908250e+00	
27	1	2.7072450346299e-04	1.0000164484393e+01	3.6907146682585e-04	3.0001305626691e+00	
27	2	-2.7626307981699e-04	9.9996819786068e+00	-1.6289513357623e-04	2.9998217146581e+00	
27	3	2.4307628856413e-05	1.0000847113883e+01	3.2609659332120e-04	3.0002614264536e+00	
27	4	2.9671592685077e-06	1.0000076261827e+01	2.1432750047208e-04	3.0000237686959e+00	
27	5	-7.5049581778508e-05	9.9998654642674e+00	-5.4829077108618e-05	2.9999371244057e+00	
27	6	-1.2757028752652e-04	1.0000683188467e+01	8.3891105555619e-05	3.0001666854538e+00	
27	7	-2.7691676040309e-04	1.0000060347640e+01	1.5800553189039e-05	2.9999350292638e+00	
27	8	1.9154326696125e-04	1.0000091306593e+01	1.3809874430958e-04	3.0000848549580e+00	
28	0	7.7954502411828e-03	9.9967894027238e+00	-1.9970030267496e-03	3.0013754558895e+00	
28	1	3.8454586484082e-04	9.9944563485964e+00	-2.1284885134779e-03	2.9984522683384e+00	
28	2	-1.2350310420066e-03	9.9948560665769e+00	-2.8663932153859e-03	2.9980863106605e+00	
28	3	5.4390368360506e-03	9.9952085913747e+00	-1.4864859281880e-03	3.0001942884632e+00	
28	4	1.6452447612023e-03	9.9972505590369e+00	-2.5560683138465e-03	2.9996687411394e+00	
28	5	7.6913246755161e-04	9.9983913819846e+00	-2.4777622217122e-03	2.9997481543356e+00	
28	6	1.3573742556119e-03	9.9953052488820e+00	1.8912729538642e-04	2.9989987869413e+00	
28	7	3.4088095292892e-03	9.9986066753072e+00	-1.6328340292201e-03	3.0006046454509e+00	
28	8	3.3991287425712e-03	9.9997569752595e+00	-2.0884330515550e-03	3.0009468312006e+00	
29	0	2.3327608435952e-04	9.9963907632699e+00	-3.2297311911507e-03	2.9989872118063e+00	
29	1	1.7379835229114e-03	9.9989715831728e+00	-3.5190228238619e-03	3.0002128700087e+00	
29	2	9.4286555676071e-04	1.0000507643913e+01	-3.6287404537538e-03	3.0004351528408e+00	
29	3	1.5815889482065e-03	9.9990423850036e+00	-2.4603764693010e-03	3.0001871921856e+00	
29	4	1.9622152289953e-03	9.9993355460914e+00	-2.8911658156019e-03	3.0003893283961e+00	
29	5	8.8103365652348e-04	9.9991480262206e+00	-3.4562147585246e-03	3.0000087179631e+00	
29	6	2.6021807865728e-03	9.9996446115874e+00	-2.2435944541473e-03	3.0006740377122e+00	
29	7	1.3350767496343e-03	9.9990936396771e+00	-2.7175110408567e-03	3.0001286149280e+00	
29	8	6.9441225747724e-04	9.9989046535950e+00	-3.0630265494589e-03	2.9998797197557e+00	
30	0	-5.2935364938111e-04	1.0000692982748e+01	-3.7017410617087e-03	3.0000490887296e+00	
30	1	-2.1069252550134e-03	1.0000839171753e+01	-3.5390544925419e-03	2.9996196739495e+00	
30	2	-1.9472089906767e-03	1.0001268551915e+01	-2.9154806946368e-03	2.9997964028774e+00	
30	3	-1.5641492332286e-04	9.9992170873686e+00	-3.6118525612542e-03	2.9997182017336e+00	
30	4	-9.3379422324791e-04	1.0000296973410e+01	-3.2826187747503e-03	2.9998089537559e+00	
30	5	-6.1904642005217e-04	1.0001701068127e+01	-2.5165733175791e-03	3.0003246065119e+00	
30	6	7.1560301453566e-04	9.9992786553952e+00	-3.0243561008361e-03	2.9999982775229e+00	
30	7	8.4273275626945e-04	1.0000463970236e+01	-2.6549484405717e-03	3.0003920108976e+00	
30	8	6.4360069020353e-04	1.0001460252672e+01	-2.1972408568864e-03	3.0006311560086e+00	
31	0	-1.1109809886296e-03	1.0001752236494e+01	-2.3559984510914e-03	3.0001923766517e+00	
31	1	-2.3566345362624e-04	1.0002281031742e+01	-1.5937651171784e-03	3.0006136104864e+00	
31	2	-3.7256256001417e-04	1.0002233219353e+01	-1.1844116759504e-03	3.0005581970377e+00	
31	3	-1.9482011984362e-04	1.0002180809607e+01	-2.0556601051776e-03	3.0005957968463e+00	
31	4	-6.6683819099467e-05	1.0001947447628e+01	-1.6229299792382e-03	3.0005642291428e+00	
31	5	-4.6933939027749e-04	1.0001180015320e+01	-1.4532934193692e-03	3.0002132027790e+00	
31	6	2.4935238112622e-04	1.0001582035944e+01	-2.0111152545978e-03	3.0005494164975e+00	
31	7	-3.6007300479657e-04	1.0001181516386e+01	-1.7949098441324e-03	3.0002464330145e+00	
31	8	-5.1645052232896e-04	1.0000710295741e+01	-1.5335603008602e-03	3.0000581535655e+00	
32	0	-8.6089141821510e-04	1.0001933780470e+01	-1.0973690260225e-03	3.0003218667155e+00	
32	1	-1.2760572829160e-03	1.0001446935053e+01	-8.7564016780064e-04	3.0000512633311e+00	
32	2	-9.4508505982205e-04	1.0001181659643e+01	-5.0993245569560e-04	3.0000709723749e+00	
32	3	-7.4555028997825e-04	1.0000900483927e+01	-1.3537079653166e-03	3.0000464800911e+00	
32	4	-7.6792423752181e-04	1.0001023400098e+01	-9.8750341844833e-04	3.0000766427580e+00	
32	5	-4.0134297785865e-04	1.0001353258288e+01	-5.2245905568398e-04	3.0002855745931e+00	
32	6	-3.0482484035144e-04	1.0000695368039e+01	-1.2936794000718e-03	3.0001171629597e+00	
32	7	4.1061703885070e-05	1.0000963701386e+01	-8.5835543239061e-04	3.0003014289269e+00	
32	8	9.9829971659915e-05	1.0001143256929e+01	-5.2700247683926e-04	3.0003729260702e+00	
33	0	-4.4440522585898e-04	1.0001158846469e+01	-2.4694799012764e-04	3.0002143323728e+00	
33	1	6.7552670000914e-05	1.0001009037435e+01	1.9649155582361e-05	3.0003229770316e+00	
33	2	1.2461073436221e-05	1.0000667623215e+01	2.7337593326338e-05	3.0002040252865e+00	
33	3	-1.4998377440989e-04	1.0001359056348e+01	-2.9483733154457e-04	3.0003627217721e+00	
33	4	-4.0640650395218e-05	1.0000870683246e+01	-1.3122023563036e-04	3.0002490127787e+00	
33	5	-1.5760861899228e-04	1.0000279257270e+01	-1.4033582091467e-04	3.0000364945954e+00	
33	6	-5.7464479653824e-05	1.0001020582739e+01	-4.2719131730449e-04	3.0002889354779e+00	
33	7	-2.8165344104281e-04	1.0000564662067e+01	-3.2426174316972e-04	3.0000849025878e+00	
33	8	-2.3015640566726e-04	1.0000202142858e+01	-2.1085207069974e-04	2.9999915959356e+00	
34	0	-2.3214031334451e-04	1.0000402173157e+01	-5.9859660478256e-05	3.0000510098532e+00	
34	1	-2.8423577665038e-04	1.0000144270535e+01	-5.3968391874098e-05	2.9999580104276e+00	
34	2	2.3111478480331e-04	1.0000175638111e+01	1.7375397302876e-04	3.0001220258688e+00	
34	3	-2.0679424718573e-04	1.0000146432550e+01	-1.5399156629634e-04	2.9999818914910e+00	
34	4	-6.9182874826268e-05	1.0000291806678e+01	-5.8323516981451e-05	3.0000667871408e+00	
34	5	5.2457772308223e-05	1.0000155418467e+01	6.0402290024111e-05	3.0000623628718e+00	
34	6	-2.7887840121643e-05	1.0000196125894e+01	-1.1061573415813e-04	3.0000504714162e+00	
34	7	1.4788198607896e-04	1.0000301175215e+01	-1.0421011821879e-05	3.0001347171604e+00	
34	8	-1.6816710727596e-04	1.0000033038750e+01	-9.7879280599813e-05	2.9999594614929e+00	
35	0	8.1925901463364e-04	9.9970608380286e+00	8.1476661545503e-04	2.9993640291130e+00	
35	1	3.7461735618942e-03	9.9984398077624e+00	-8.4952442162236e-04	3.0006557943973e+00	
35	2	3.8642222805541e-03	9.9991277021720e+00	-1.8114877126973e-03	3.0008975773358e+00	
35	3	2.6703742393579e-03	9.9997738141951e+00	3.9659462071636e-04	3.0007332565303e+00	
35	4	3.5387055579434e-03	9.9982112383482e+00	-3.0973760438424e-04	3.0005249831718e+00	
35	5	3.4370139977877e-03	9.9982207235644e+00	-1.3340164838614e-03	3.0004973212687e+00	
35	6	4.9542121915582e-03	1.0000348554946e+01	-6.0522380115302e-04	3.0015908301412e+00	
35	7	3.5356355125087e-03	9.9987883988716e+00	-5.0227705756068e-04	3.0006972103152e+00	
35	8	3.1462188141216e-03	9.9985935217502e+00	-9.5380354609702e-04	3.0005219221693e+00	
36	0	2.7082882538121e-03	9.9990265335806e+00	-2.1723863420253e-03	3.0005204465503e+00	
36	1	1.2876564775324e-03	9.9989905383997e+00	-2.5776856795700e-03	3.0000834584632e+00	
36	2	1.0238112503984e-03	9.9994145153283e+00	-2.6501668172669e-03	3.0001314979736e+00	
36	3	2.8040647555327e-03	9.9984413028485e+00	-1.7889522978712e-03	3.0003736102812e+00	
36	4	2.1327879396091e-03	9.9992324042974e+00	-2.0789782484431e-03	3.0004095576711e+00	
36	5	2.0060463118456e-03	1.0000126988123e+01	-1.9976129024537e-03	3.0006399103305e+00	
36	6	3.2809005954020e-03	9.9989281831324e+00	-1.2467764136821e-03	3.0006627251184e+00	
36	7	3.3464169007855e-03	9.9996870985749e+00	-1.4946950532079e-03	3.0009100546427e+00	
36	8	2.9291847730226e-03	1.0000219515147e+01	-1.5700063730666e-03	3.0009446099761e+00	
37	0	1.3483270704757e-03	9.9998956276710e+00	-2.5253692983589e-03	3.0003731864224e+00	
37	1	1.5225422055174e-03	1.0000595714369e+01	-2.2971588393654e-03	3.0006354769724e+00	
37	2	9.7181670599067e-04	1.0000900313532e+01	-2.1289736042070e-03	3.0005616390715e+00	
37	3	2.0464131133178e-03	1.0000447715756e+01	-1.9156837349391e-03	3.0007482386607e+00	
37	4	1.7444605286956e-03	1.0000414768092e+01	-1.9283974307712e-03	3.0006477685862e+00	
37	5	1.1111132260382e-03	1.0000119901511e+01	-1.9766894504636e-03	3.0003693044212e+00	
37	6	2.4213261854760e-03	1.0000252098311e+01	-1.6152722083943e-03	3.0008020273488e+00	
37	7	1.6681358561614e-03	1.0000057833768e+01	-1.6830335800568e-03	3.0005177908872e+00	
37	8	1.2989558059262e-03	9.9999320201014e+00	-1.6295188322410e-03	3.0003692927722e+00	
38	0	3.4760358158170e-04	1.0000847321681e+01	-2.0633705913232e-03	3.0003584775788e+00	
38	1	-3.1038202851974e-04	1.0000742373598e+01	-1.8325663670212e-03	3.0001295974709e+00	
38	2	-2.6568703952545e-04	1.0000779614216e+01	-1.4341563612079e-03	3.0001541781528e+00	
38	3	7.1701843112404e-04	1.0000074509167e+01	-1.9301972485211e-03	3.0002374582795e+00	
38	4	4.0558736690333e-04	1.0000411353063e+01	-1.6249746565101e-03	3.0002450821290e+00	
38	5	4.2364582715759e-04	1.0000854686541e+01	-1.1851034018378e-03	3.0003834997105e+00	
38	6	1.3014770064528e-03	1.0000039403623e+01	-1.5023650331507e-03	3.0004022641889e+00	
38	7	1.2559132135133e-03	1.0000375046637e+01	-1.2228958720890e-03	3.0004892879551e+00	
38	8	9.6464623883463e-04	1.0000593716420e+01	-9.6245724613556e-04	3.0004675087978e+00	
39	0	5.2910326987288e-05	1.0000892473894e+01	-1.1439058333389e-03	3.0002836152662e+00	
39	1	3.3849665021268e-04	1.0000950342543e+01	-7.6954161437073e-04	3.0003866517579e+00	
39	2	1.8344525047098e-04	1.0000792935580e+01	-5.7106117952088e-04	3.0002929142492e+00	
39	3	4.8001320975466e-04	1.0000949735609e+01	-9.5038784088094e-04	3.0004289246458e+00	
39	4	3.6870148313195e-04	1.0000696032050e+01	-7.2247545071156e-04	3.0003194200600e+00	
39	5	1.2580718697119e-04	1.0000298031359e+01	-6.1252007898760e-04	3.0001271515638e+00	
39	6	6.5081061840822e-04	1.0000547508779e+01	-8.5345705227533e-04	3.0003594958193e+00	
39	7	2.2934983487399e-04	1.0000310074964e+01	-7.0014827476350e-04	3.0001618274396e+00	
39	8	1.0912413224240e-04	1.0000126623559e+01	-5.2859481741605e-04	3.0000707243073e+00	
40	0	-7.5087850579081e-05	1.0000618336694e+01	-5.2005951964283e-04	3.0001629746529e+00	
40	1	-2.9117368278975e-04	1.0000399266328e+01	-3.8776750064748e-04	3.0000324277935e+00	
40	2	-1.4433369273981e-04	1.0000316230832e+01	-1.9064723669624e-04	3.0000515691418e+00	
40	3	1.1039285763736e-05	1.0000188062788e+01	-5.4308730350556e-04	3.0000597306223e+00	
40	4	-7.1079109309480e-06	1.0000286043037e+01	-3.4752493964442e-04	3.0000836805378e+00	
40	5	7.4178245867529e-05	1.0000417364798e+01	-1.3993932176062e-04	3.0001474629132e+00	
40	6	2.0057731651946e-04	1.0000141668373e+01	-4.0105498722343e-04	3.0001026737069e+00	
40	7	2.9409644858358e-04	1.0000250155729e+01	-2.1474808067714e-04	3.0001632756533e+00	
40	8	1.8353299009011e-04	1.0000269907799e+01	-1.1495308788836e-04	3.0001360322368e+00	
41	0	7.3667466897298e-05	1.0000316812063e+01	-6.4447892638166e-05	3.0001171438590e+00	
41	1	1.5317043768093e-04	1.0000201218828e+01	-3.2321343593748e-06	3.0001063167798e+00	
41	2	-1.8673803414426e-04	9.9999752660954e+00	-1.2731918173312e-04	2.9999365584184e+00	
41	3	9.4180686862622e-05	1.0000351784300e+01	-5.9840192347681e-05	3.0001337894960e+00	
41	4	1.1690362955896e-05	1.0000032555005e+01	-3.7115921665768e-05	3.0000132736104e+00	
41	5	-2.9384750366290e-07	9.9999900286922e+00	-4.3016895915024e-05	2.9999969204534e+00	
41	6	1.4231892804695e-05	1.0000171287685e+01	-1.0469048159695e-04	3.0000556558733e+00	
41	7	-9.8017203018053e-05	9.9999857282149e+00	-6.1381494560206e-05	2.9999663133036e+00	
41	8	1.6446503233691e-04	1.0000032495552e+01	6.6613895847436e-05	3.0000590881752e+00	
42	0	5.2512212750724e-03	9.9993573474212e+00	-7.8082293565169e-04	3.0013825706089e+00	
42	1	4.0884697709620e-03	9.9996057659513e+00	-7.0005115793858e-04	3.0011082707167e+00	
42	2	3.6849622095501e-03	9.9995608333775e+00	-8.1156723997457e-04	3.0009737386761e+00	
42	3	5.1850930001995e-03	9.9987306385533e+00	-8.4921357838736e-05	3.0011747194661e+00	
42	4	5.4383801696947e-03	1.0000276836228e+01	-5.1806481559263e-04	3.0017145649192e+00	
42	5	5.1419657915099e-03	1.0000460594830e+01	-5.8785766924380e-04	3.0016807681866e+00	
42	6	6.7451154661056e-03	1.0000878872442e+01	2.1695138751734e-04	3.0022871963724e+00	
42	7	6.4544962330899e-03	9.9994723816344e+00	2.9238880364133e-06	3.0017780633602e+00	
42	8	6.2072898217069e-03	9.9996904022042e+00	-1.7897073253031e-04	3.0017693076078e+00	
43	0	3.8584552007750e-03	9.9996768990445e+00	-9.6385857604659e-04	3.0010606062736e+00	
43	1	3.8391284393438e-03	9.9998778524644e+00	-1.2274334424854e-03	3.0011150942711e+00	
43	2	3.2287292353708e-03	9.9999421292936e+00	-1.4394518311896e-03	3.0009512575587e+00	
43	3	4.8669234364951e-03	1.0000304878015e+01	-6.2814797694468e-04	3.0015515404355e+00	
43	4	4.2867634570518e-03	9.9999491131595e+00	-8.1297121548730e-04	3.0012707629850e+00	
43	5	3.6562434433263e-03	9.9997105747476e+00	-9.9414511637435e-04	3.0010100454573e+00	
43	6	5.8274430470062e-03	9.9998938435096e+00	-2.3153866756824e-04	3.0017163859670e+00	
43	7	5.1182668671421e-03	1.0000060265053e+01	-2.0412641314147e-04	3.0015535595760e+00	
43	8	4.4463122213099e-03	1.0000087841184e+01	-1.2773194799829e-04	3.0013602460217e+00	
44	0	2.6343419988279e-03	9.9999014809418e+00	-1.5176101871901e-03	3.0007607468822e+00	
44	1	1.9146021611647e-03	9.9999566888441e+00	-1.4899085521865e-03	3.0005613873016e+00	
44	2	1.6531583720489e-03	1.0000149837535e+01	-1.3018220862654e-03	3.0005408987722e+00	
44	3	3.3153330461024e-03	9.9997307393191e+00	-1.0246166687600e-03	3.0009138217095e+00	
44	4	2.8334797279470e-03	1.0000026592426e+01	-9.2228494534545e-04	3.0008580216462e+00	
44	5	2.3489446236038e-03	1.0000318501465e+01	-7.4719235977189e-04	3.0008002338265e+00	
44	6	4.0773490093873e-03	1.0000069537121e+01	-1.1335560480784e-04	3.0012440658390e+00	
44	7	3.3637698942872e-03	9.9999785360890e+00	-1.9917049363212e-04	3.0010026917950e+00	
44	8	2.5639795135053e-03	9.9998849490321e+00	-3.0530103657629e-04	3.0007346785637e+00	
45	0	1.6673924409121e-03	1.0000282780696e+01	-1.1545219480092e-03	3.0005850519411e+00	
45	1	1.4916739269752e-03	1.0000343284127e+01	-9.8199946596886e-04	3.0005504874162e+00	
45	2	1.0272456395626e-03	1.0000240975085e+01	-8.7652858956816e-04	3.0003804662173e+00	
45	3	2.0060305659193e-03	1.0000333849248e+01	-6.7181088932613e-04	3.0007019639442e+00	
45	4	1.4107756112791e-03	1.0000119636866e+01	-6.3143828866089e-04	3.0004591237433e+00	
45	5	9.4524181746980e-04	9.9998925487018e+00	-6.0171541988502e-04	3.0002513371558e+00	
45	6	2.0890678064180e-03	9.9998719620116e+00	-3.1503898258367e-04	3.0005883089454e+00	
45	7	1.4666793577751e-03	9.9999851939001e+00	-2.0738242032867e-04	3.0004355619774e+00	
45	8	1.0529546093316e-03	1.0000124887954e+01	-5.4915724361069e-05	3.0003533527690e+00	
46	0	6.6568063753447e-04	1.0000154075972e+01	-8.1570395301103e-04	3.0002459269829e+00	
46	1	2.8425916645691e-04	1.0000127823428e+01	-6.3694531690793e-04	3.0001236247783e+00	
46	2	2.2871823132320e-04	1.0000202408563e+01	-4.0224713690372e-04	3.0001293380383e+00	
46	3	7.8395429704781e-04	9.9998832470734e+00	-5.4130486837535e-04	3.0002001604111e+00	
46	4	6.0524911102977e-04	1.0000055696473e+01	-3.7450111597194e-04	3.0001982836753e+00	
46	5	4.3558783746267e-04	1.0000223806726e+01	-2.0529053257747e-04	3.0001978183690e+00	
46	6	8.6887587317008e-04	1.0000142343229e+01	-3.6710620338941e-06	3.0003033657306e+00	
46	7	5.2821647158208e-04	1.0000019302576e+01	-4.2318389748827e-05	3.0001642557144e+00	
46	8	2.1797560417358e-04	9.9998799673367e+00	-1.2286250109534e-04	3.0000293828822e+00	
47	0	3.0871761994167e-04	1.0000246535254e+01	-2.6886248014021e-04	3.0001665758622e+00	
47	1	3.0650172184554e-04	1.0000191562688e+01	-1.4636930371617e-04	3.0001494193230e+00	
47	2	1.2721158237294e-04	1.0000061874122e+01	-1.2113801616556e-04	3.0000567257112e+00	
47	3	2.9957428199623e-04	1.0000212773991e+01	-1.4050113985083e-04	3.0001537044819e+00	
47	4	8.2237782494943e-05	1.0000039026141e+01	-9.9445223246008e-05	3.0000363791770e+00	
47	5	-4.0561387715243e-06	9.9999049340494e+00	-8.0491795048920e-05	2.9999702633732e+00	
47	6	9.0913333663956e-05	9.9998775641097e+00	-1.2895854338591e-04	2.9999905432330e+00	
47	7	7.3279796222181e-06	1.0000017741797e+01	-4.3837607687104e-05	3.0000075209331e+00	
47	8	9.6045621900132e-06	1.0000130299157e+01	5.4676863261703e-05	3.0000419711156e+00	
48	0	-1.7315681042795e-05	1.0000010913865e+01	-1.2014229522897e-04	2.9999980794552e+00	
48	1	-5.5883654908051e-05	1.0000043807340e+01	-4.2070822216300e-05	2.9999963771056e+00	
48	2	1.1192277909444e-04	1.0000010212643e+01	7.2826506314150e-05	3.0000366406267e+00	
48	3	3.9703444103978e-05	9.9999456042034e+00	-4.9830358018389e-05	2.9999955922943e+00	
48	4	7.6237912253418e-05	1.0000086713338e+01	8.0038522049683e-06	3.0000488853750e+00	
48	5	-1.2156404053876e-04	9.9999327375966e+00	-1.2058137678026e-05	2.9999433520668e+00	
48	6	4.0095462461309e-06	1.0000084385992e+01	6.5134405587250e-05	3.0000265186614e+00	
48	7	-4.6082582172424e-05	9.9998947692232e+00	-5.6004744783159e-06	2.9999546059923e+00	
48	8	5.4905439275998e-05	1.0000058100695e+01	-2.6882891979980e-06	3.0000339018404e+00	



Reaction Force
-2.6154842735797e-01	 -1.8683321970113e+01	 
1.6747779612878e-01	 -3.6474127539397e+01	 
-1.7500181205494e-02	 -5.3822268218701e+01	 
-1.4779524257202e-03	 -7.1550607165655e+01	 
2.8569392417312e-09	 -7.1468425291565e+01	 
-2.9606222783405e-10	 -7.1453884957408e+01	 
-3.1464938258553e-09	 -7.1437495323685e+01	 
4.2745987799857e-09	 -5.3571617708424e+01	 
-7.6620374242195e-09	 -3.5709930214631e+01	 
-5.6011380432437e-10	 -1.7853453027712e+01	 
-2.6196237444157e-01	 9.6552216305671e-01	 
6.0358537893750e-01	 4.3129994962522e-01	 
5.3422215693487e-02	 3.7523206407364e-02	 
1.0667193038668e-03	 7.0806363313198e-04	 
8.2588012535534e-11	 -9.5659631815845e-09	 
9.1744960302440e-09	 -1.5266037727653e-08	 
-2.5874159255009e-09	 1.5140835394873e-08	 
-8.7996493854418e-09	 -3.2290533252749e-09	 
-1.1226259460246e-08	 2.1566062517447e-09	 
1.3713239562348e-08	 -1.7583703030861e-09	 
-1.8220716544907e-01	 4.3292402552346e-01	 
9.3791156810295e-02	 1.2426232931595e-01	 
8.3586273223794e-03	 8.6273207220949e-03	 
1.7637078856775e-04	 1.5072893304355e-04	 
-2.1589096144710e-09	 3.6900024020341e-09	 
-4.1607925494133e-09	 -9.1486491811223e-09	 
4.2772551816609e-09	 6.7528033192621e-09	 
-5.1601205872069e-09	 5.7077427080960e-09	 
-3.0808324112944e-08	 8.8063068701166e-10	 
2.6095004198919e-08	 -1.0001742635576e-09	 
-7.9961223478016e-02	 1.8977857641057e-02	 
2.9102101798924e-03	 4.8234940477756e-03	 
2.4895565595819e-04	 3.0718071612049e-04	 
5.1289332511245e-06	 5.1026356315613e-06	 
5.3471608112981e-09	 -6.2056015088893e-09	 
4.1884622928290e-09	 1.1694771312263e-09	 
7.0438775026621e-09	 -5.7147238981681e-09	 
-1.4418101392242e-08	 -5.5342415708130e-09	 
-2.4785351542269e-08	 6.5278979823089e-10	 
3.2553399179340e-08	 6.4170425986079e-09	 
-3.3179055350741e-02	 4.2981121735696e-09	 
6.1613844714423e-09	 -9.1548128262117e-09	 
9.2415319015807e-09	 1.2034842827930e-11	 
2.6808425572857e-09	 4.1111585278896e-09	 
4.2924921888702e-09	 9.5039898758963e-09	 
-5.1500821728671e-09	 1.3789856134972e-09	 
8.4077702067007e-09	 2.3707763631587e-09	 
-7.7732201369022e-09	 4.3421207297583e-09	 
-1.5767352929866e-09	 -2.6691750802178e-09	 
1.8142328706185e-08	 3.5928397109982e-09	 
-1.7753455713346e-02	 -1.3096037428805e-10	 
-1.0833506715682e-08	 -3.0938321729635e-09	 
5.3386870140441e-10	 -1.3339944950689e-08	 
-4.6370947992991e-09	 -4.1569248096112e-09	 
-9.2267921676511e-09	 -1.3397088645406e-10	 
1.2257455974147e-09	 1.1645640189115e-08	 
-1.3597605784584e-08	 4.2119465584836e-09	 
-3.1028117598108e-10	 1.8367191431311e-09	 
1.0999763442987e-08	 1.3351849382765e-08	 
-2.3193305223772e-08	 7.7488744458597e-09	 
-2.3992105266643e-02	 -4.8609563638075e-09	 
1.9166611370476e-09	 -6.5042383078370e-09	 
-2.1734321922496e-09	 5.6604887929405e-09	 
-3.4216850504438e-09	 -1.7644957569341e-09	 
1.0179421258732e-09	 -8.7144583706567e-09	 
3.3469413151063e-09	 3.4772353689284e-09	 
-2.7647297914875e-09	 1.3222638628347e-08	 
1.8054157782693e-08	 -1.2006853041929e-08	 
1.1804547258194e-08	 -3.2373975807363e-10	 
-3.2103018865433e-08	 -4.4139737341063e-10	 
-2.0774944837211e-02	 -1.8357027408661e-09	 
-2.1305253355032e-09	 -4.0647408236163e-09	 
1.5773544112434e-09	 -4.4156034061457e-10	 
5.9867172017317e-09	 -9.4284906835025e-09	 
1.0044181409711e-08	 9.5082845797646e-09	 
6.5067649598656e-09	 -1.2466520558547e-09	 
3.6886440448685e-09	 2.1520373790262e-10	 
2.0397447798324e-09	 -1.3194782301525e-08	 
2.8610635197899e-08	 -8.2090243036116e-09	 
-2.9001839428196e-08	 3.2629112930634e-09	 
-1.9449095078506e-02	 5.5413099162364e-09	 
3.9855020118231e-09	 1.7533553625596e-08	 
3.9876857878761e-09	 2.6276009086622e-08	 
-1.8937305281159e-10	 2.6837155552192e-08	 
1.3867675414545e-09	 5.6487178594566e-09	 
-1.3660497138866e-08	 -1.8764816769801e-08	 
-1.5992458176090e-09	 -1.8373032333261e-08	 
1.1007472999695e-08	 -8.6725933360045e-09	 
2.0416099225411e-08	 -1.8932717130707e-08	 
-1.4944410286796e-08	 -8.4128230191413e-09	 
-1.1236586704849e-02	 1.7857142854470e+01	 
6.5855583382009e-09	 3.5714285698782e+01	 
-5.7735881616411e-10	 5.3571428542738e+01	 
6.5576192042634e-09	 7.1428571414689e+01	 
-6.9327661796116e-09	 7.1428571430363e+01	 
-6.1268141990440e-09	 7.1428571432560e+01	 
-4.4353468463832e-09	 7.1428571459969e+01	 
-7.1660656080059e-09	 5.3571428589567e+01	 
5.8822681532419e-09	 3.5714285725795e+01	 
1.1545067626681e-09	 1.7857142854240e+01	 
