206000  0.3

1

25

2   2

8	8

5	5

0   1   2   3   4   5   6   7   8   9   10   11   12   13   14   15   16   17   18   19   20   21   22   23   24

18  0   0

0.0000000000000000e+00	0.0000000000000000e+00	0.0000000000000000e+00	3.3333333333333331e-01	6.6666666666666663e-01	1.0000000000000000e+00	1.0000000000000000e+00	1.0000000000000000e+00
0.0000000000000000e+00	0.0000000000000000e+00	0.0000000000000000e+00	3.3333333333333331e-01	6.6666666666666663e-01	1.0000000000000000e+00	1.0000000000000000e+00	1.0000000000000000e+00

0	1.0000000000000000e+00	0.0000000000000000e+00	1.0000000000000000e+00
1	1.1666666666666667e+00	0.0000000000000000e+00	1.0000000000000000e+00
2	1.5000000000000000e+00	0.0000000000000000e+00	1.0000000000000000e+00
3	1.8333333333333333e+00	0.0000000000000000e+00	1.0000000000000000e+00
4	2.0000000000000000e+00	0.0000000000000000e+00	1.0000000000000000e+00
5	1.0000000000000000e+00	2.6120387496374142e-01	9.0236892706218264e-01
6	1.1666666666666665e+00	3.0473785412436494e-01	9.0236892706218264e-01
7	1.4999999999999998e+00	3.9180581244561213e-01	9.0236892706218264e-01
8	1.8333333333333330e+00	4.7887377076685916e-01	9.0236892706218264e-01
9	2.0000000000000000e+00	5.2240774992748285e-01	9.0236892706218264e-01
10	7.3459080339013583e-01	7.3459080339013583e-01	8.3728154510363761e-01
11	8.5702260395515850e-01	8.5702260395515839e-01	8.3728154510363761e-01
12	1.1018862050852039e+00	1.1018862050852039e+00	8.3728154510363761e-01
13	1.3467498062152490e+00	1.3467498062152488e+00	8.3728154510363761e-01
14	1.4691816067802717e+00	1.4691816067802717e+00	8.3728154510363761e-01
15	2.6120387496374148e-01	1.0000000000000000e+00	9.0236892706218252e-01
16	3.0473785412436505e-01	1.1666666666666667e+00	9.0236892706218252e-01
17	3.9180581244561224e-01	1.5000000000000002e+00	9.0236892706218252e-01
18	4.7887377076685939e-01	1.8333333333333333e+00	9.0236892706218252e-01
19	5.2240774992748296e-01	2.0000000000000000e+00	9.0236892706218252e-01
20	0.0000000000000000e+00	1.0000000000000000e+00	1.0000000000000000e+00
21	0.0000000000000000e+00	1.1666666666666667e+00	1.0000000000000000e+00
22	0.0000000000000000e+00	1.5000000000000000e+00	1.0000000000000000e+00
23	0.0000000000000000e+00	1.8333333333333333e+00	1.0000000000000000e+00
24	0.0000000000000000e+00	2.0000000000000000e+00	1.0000000000000000e+00

0   1   0.0
1   1   0.0
2   1   0.0
3   1   0.0
4   1   0.0
9   1   0.0
14  1   0.0
19  1   0.0
24  1   0.0
4   0   0.0
9   0   0.0
14  0   0.0
19  0   0.0
20  0   0.0
21  0   0.0
22  0   0.0
23  0   0.0
24  0   0.0