206000  0.3

1

900

2   2

33	33

30	30

0   1   2   3   4   5   6   7   8   9   10   11   12   13   14   15   16   17   18   19   20   21   22   23   24   25   26   27   28   29   30   31   32   33   34   35   36   37   38   39   40   41   42   43   44   45   46   47   48   49   50   51   52   53   54   55   56   57   58   59   60   61   62   63   64   65   66   67   68   69   70   71   72   73   74   75   76   77   78   79   80   81   82   83   84   85   86   87   88   89   90   91   92   93   94   95   96   97   98   99   100   101   102   103   104   105   106   107   108   109   110   111   112   113   114   115   116   117   118   119   120   121   122   123   124   125   126   127   128   129   130   131   132   133   134   135   136   137   138   139   140   141   142   143   144   145   146   147   148   149   150   151   152   153   154   155   156   157   158   159   160   161   162   163   164   165   166   167   168   169   170   171   172   173   174   175   176   177   178   179   180   181   182   183   184   185   186   187   188   189   190   191   192   193   194   195   196   197   198   199   200   201   202   203   204   205   206   207   208   209   210   211   212   213   214   215   216   217   218   219   220   221   222   223   224   225   226   227   228   229   230   231   232   233   234   235   236   237   238   239   240   241   242   243   244   245   246   247   248   249   250   251   252   253   254   255   256   257   258   259   260   261   262   263   264   265   266   267   268   269   270   271   272   273   274   275   276   277   278   279   280   281   282   283   284   285   286   287   288   289   290   291   292   293   294   295   296   297   298   299   300   301   302   303   304   305   306   307   308   309   310   311   312   313   314   315   316   317   318   319   320   321   322   323   324   325   326   327   328   329   330   331   332   333   334   335   336   337   338   339   340   341   342   343   344   345   346   347   348   349   350   351   352   353   354   355   356   357   358   359   360   361   362   363   364   365   366   367   368   369   370   371   372   373   374   375   376   377   378   379   380   381   382   383   384   385   386   387   388   389   390   391   392   393   394   395   396   397   398   399   400   401   402   403   404   405   406   407   408   409   410   411   412   413   414   415   416   417   418   419   420   421   422   423   424   425   426   427   428   429   430   431   432   433   434   435   436   437   438   439   440   441   442   443   444   445   446   447   448   449   450   451   452   453   454   455   456   457   458   459   460   461   462   463   464   465   466   467   468   469   470   471   472   473   474   475   476   477   478   479   480   481   482   483   484   485   486   487   488   489   490   491   492   493   494   495   496   497   498   499   500   501   502   503   504   505   506   507   508   509   510   511   512   513   514   515   516   517   518   519   520   521   522   523   524   525   526   527   528   529   530   531   532   533   534   535   536   537   538   539   540   541   542   543   544   545   546   547   548   549   550   551   552   553   554   555   556   557   558   559   560   561   562   563   564   565   566   567   568   569   570   571   572   573   574   575   576   577   578   579   580   581   582   583   584   585   586   587   588   589   590   591   592   593   594   595   596   597   598   599   600   601   602   603   604   605   606   607   608   609   610   611   612   613   614   615   616   617   618   619   620   621   622   623   624   625   626   627   628   629   630   631   632   633   634   635   636   637   638   639   640   641   642   643   644   645   646   647   648   649   650   651   652   653   654   655   656   657   658   659   660   661   662   663   664   665   666   667   668   669   670   671   672   673   674   675   676   677   678   679   680   681   682   683   684   685   686   687   688   689   690   691   692   693   694   695   696   697   698   699   700   701   702   703   704   705   706   707   708   709   710   711   712   713   714   715   716   717   718   719   720   721   722   723   724   725   726   727   728   729   730   731   732   733   734   735   736   737   738   739   740   741   742   743   744   745   746   747   748   749   750   751   752   753   754   755   756   757   758   759   760   761   762   763   764   765   766   767   768   769   770   771   772   773   774   775   776   777   778   779   780   781   782   783   784   785   786   787   788   789   790   791   792   793   794   795   796   797   798   799   800   801   802   803   804   805   806   807   808   809   810   811   812   813   814   815   816   817   818   819   820   821   822   823   824   825   826   827   828   829   830   831   832   833   834   835   836   837   838   839   840   841   842   843   844   845   846   847   848   849   850   851   852   853   854   855   856   857   858   859   860   861   862   863   864   865   866   867   868   869   870   871   872   873   874   875   876   877   878   879   880   881   882   883   884   885   886   887   888   889   890   891   892   893   894   895   896   897   898   899

118 0   0

0.0000000000000000e+00	0.0000000000000000e+00	0.0000000000000000e+00	3.5714285714285712e-02	7.1428571428571425e-02	1.0714285714285714e-01	1.4285714285714285e-01	1.7857142857142858e-01	2.1428571428571427e-01	2.5000000000000000e-01	2.8571428571428570e-01	3.2142857142857145e-01	3.5714285714285715e-01	3.9285714285714285e-01	4.2857142857142855e-01	4.6428571428571430e-01	5.0000000000000000e-01	5.3571428571428570e-01	5.7142857142857140e-01	6.0714285714285710e-01	6.4285714285714290e-01	6.7857142857142860e-01	7.1428571428571430e-01	7.5000000000000000e-01	7.8571428571428570e-01	8.2142857142857140e-01	8.5714285714285710e-01	8.9285714285714290e-01	9.2857142857142860e-01	9.6428571428571430e-01	1.0000000000000000e+00	1.0000000000000000e+00	1.0000000000000000e+00
0.0000000000000000e+00	0.0000000000000000e+00	0.0000000000000000e+00	3.5714285714285712e-02	7.1428571428571425e-02	1.0714285714285714e-01	1.4285714285714285e-01	1.7857142857142858e-01	2.1428571428571427e-01	2.5000000000000000e-01	2.8571428571428570e-01	3.2142857142857145e-01	3.5714285714285715e-01	3.9285714285714285e-01	4.2857142857142855e-01	4.6428571428571430e-01	5.0000000000000000e-01	5.3571428571428570e-01	5.7142857142857140e-01	6.0714285714285710e-01	6.4285714285714290e-01	6.7857142857142860e-01	7.1428571428571430e-01	7.5000000000000000e-01	7.8571428571428570e-01	8.2142857142857140e-01	8.5714285714285710e-01	8.9285714285714290e-01	9.2857142857142860e-01	9.6428571428571430e-01	1.0000000000000000e+00	1.0000000000000000e+00	1.0000000000000000e+00

0	1.0000000000000000e+00	0.0000000000000000e+00	1.0000000000000000e+00
1	1.0178571428571428e+00	0.0000000000000000e+00	1.0000000000000000e+00
2	1.0535714285714286e+00	0.0000000000000000e+00	1.0000000000000000e+00
3	1.0892857142857142e+00	0.0000000000000000e+00	1.0000000000000002e+00
4	1.1249999999999998e+00	0.0000000000000000e+00	1.0000000000000002e+00
5	1.1607142857142856e+00	0.0000000000000000e+00	1.0000000000000000e+00
6	1.1964285714285714e+00	0.0000000000000000e+00	9.9999999999999978e-01
7	1.2321428571428572e+00	0.0000000000000000e+00	1.0000000000000000e+00
8	1.2678571428571428e+00	0.0000000000000000e+00	1.0000000000000000e+00
9	1.3035714285714286e+00	0.0000000000000000e+00	1.0000000000000000e+00
10	1.3392857142857142e+00	0.0000000000000000e+00	1.0000000000000000e+00
11	1.3750000000000002e+00	0.0000000000000000e+00	9.9999999999999989e-01
12	1.4107142857142858e+00	0.0000000000000000e+00	1.0000000000000000e+00
13	1.4464285714285712e+00	0.0000000000000000e+00	1.0000000000000000e+00
14	1.4821428571428572e+00	0.0000000000000000e+00	1.0000000000000000e+00
15	1.5178571428571428e+00	0.0000000000000000e+00	1.0000000000000000e+00
16	1.5535714285714286e+00	0.0000000000000000e+00	1.0000000000000000e+00
17	1.5892857142857144e+00	0.0000000000000000e+00	1.0000000000000000e+00
18	1.6250000000000000e+00	0.0000000000000000e+00	1.0000000000000000e+00
19	1.6607142857142858e+00	0.0000000000000000e+00	1.0000000000000000e+00
20	1.6964285714285714e+00	0.0000000000000000e+00	1.0000000000000000e+00
21	1.7321428571428572e+00	0.0000000000000000e+00	1.0000000000000000e+00
22	1.7678571428571428e+00	0.0000000000000000e+00	1.0000000000000000e+00
23	1.8035714285714284e+00	0.0000000000000000e+00	1.0000000000000000e+00
24	1.8392857142857142e+00	0.0000000000000000e+00	1.0000000000000000e+00
25	1.8750000000000000e+00	0.0000000000000000e+00	1.0000000000000000e+00
26	1.9107142857142858e+00	0.0000000000000000e+00	1.0000000000000000e+00
27	1.9464285714285714e+00	0.0000000000000000e+00	1.0000000000000000e+00
28	1.9821428571428572e+00	0.0000000000000000e+00	1.0000000000000000e+00
29	2.0000000000000000e+00	0.0000000000000000e+00	1.0000000000000000e+00
30	1.0000000000000000e+00	2.5520772947202175e-02	9.8953952789951960e-01
31	1.0178571428571428e+00	2.5976501035545066e-02	9.8953952789951960e-01
32	1.0535714285714288e+00	2.6887957212230865e-02	9.8953952789951960e-01
33	1.0892857142857142e+00	2.7799413388916647e-02	9.8953952789951982e-01
34	1.1249999999999998e+00	2.8710869565602436e-02	9.8953952789951982e-01
35	1.1607142857142856e+00	2.9622325742288236e-02	9.8953952789951960e-01
36	1.1964285714285712e+00	3.0533781918974028e-02	9.8953952789951938e-01
37	1.2321428571428572e+00	3.1445238095659821e-02	9.8953952789951960e-01
38	1.2678571428571428e+00	3.2356694272345610e-02	9.8953952789951960e-01
39	1.3035714285714284e+00	3.3268150449031399e-02	9.8953952789951960e-01
40	1.3392857142857142e+00	3.4179606625717202e-02	9.8953952789951960e-01
41	1.3750000000000002e+00	3.5091062802402991e-02	9.8953952789951949e-01
42	1.4107142857142858e+00	3.6002518979088780e-02	9.8953952789951960e-01
43	1.4464285714285712e+00	3.6913975155774575e-02	9.8953952789951960e-01
44	1.4821428571428572e+00	3.7825431332460364e-02	9.8953952789951960e-01
45	1.5178571428571428e+00	3.8736887509146153e-02	9.8953952789951960e-01
46	1.5535714285714284e+00	3.9648343685831942e-02	9.8953952789951960e-01
47	1.5892857142857142e+00	4.0559799862517738e-02	9.8953952789951960e-01
48	1.6250000000000000e+00	4.1471256039203527e-02	9.8953952789951960e-01
49	1.6607142857142856e+00	4.2382712215889323e-02	9.8953952789951960e-01
50	1.6964285714285714e+00	4.3294168392575119e-02	9.8953952789951960e-01
51	1.7321428571428572e+00	4.4205624569260894e-02	9.8953952789951960e-01
52	1.7678571428571426e+00	4.5117080745946697e-02	9.8953952789951960e-01
53	1.8035714285714284e+00	4.6028536922632486e-02	9.8953952789951960e-01
54	1.8392857142857142e+00	4.6939993099318282e-02	9.8953952789951960e-01
55	1.8750000000000002e+00	4.7851449276004071e-02	9.8953952789951960e-01
56	1.9107142857142856e+00	4.8762905452689874e-02	9.8953952789951960e-01
57	1.9464285714285712e+00	4.9674361629375656e-02	9.8953952789951960e-01
58	1.9821428571428572e+00	5.0585817806061445e-02	9.8953952789951960e-01
59	2.0000000000000000e+00	5.1041545894404350e-02	9.8953952789951960e-01
60	9.9737038821847757e-01	7.7006264685624576e-02	9.7011293685577016e-01
61	1.0151805737223789e+00	7.8381376555010721e-02	9.7011293685577016e-01
62	1.0508009447301818e+00	8.1131600293783052e-02	9.7011293685577016e-01
63	1.0864213157379843e+00	8.3881824032555327e-02	9.7011293685577038e-01
64	1.1220416867457872e+00	8.6632047771327630e-02	9.7011293685577038e-01
65	1.1576620577535899e+00	8.9382271510099975e-02	9.7011293685577016e-01
66	1.1932824287613926e+00	9.2132495248872279e-02	9.7011293685576994e-01
67	1.2289027997691957e+00	9.4882718987644554e-02	9.7011293685577016e-01
68	1.2645231707769982e+00	9.7632942726416858e-02	9.7011293685577016e-01
69	1.3001435417848011e+00	1.0038316646518919e-01	9.7011293685577016e-01
70	1.3357639127926038e+00	1.0313339020396151e-01	9.7011293685577016e-01
71	1.3713842838004069e+00	1.0588361394273380e-01	9.7011293685577005e-01
72	1.4070046548082096e+00	1.0863383768150610e-01	9.7011293685577016e-01
73	1.4426250258160123e+00	1.1138406142027842e-01	9.7011293685577016e-01
74	1.4782453968238152e+00	1.1413428515905071e-01	9.7011293685577016e-01
75	1.5138657678316176e+00	1.1688450889782302e-01	9.7011293685577016e-01
76	1.5494861388394205e+00	1.1963473263659533e-01	9.7011293685577016e-01
77	1.5851065098472235e+00	1.2238495637536763e-01	9.7011293685577016e-01
78	1.6207268808550261e+00	1.2513518011413993e-01	9.7011293685577016e-01
79	1.6563472518628288e+00	1.2788540385291225e-01	9.7011293685577016e-01
80	1.6919676228706317e+00	1.3063562759168457e-01	9.7011293685577016e-01
81	1.7275879938784344e+00	1.3338585133045686e-01	9.7011293685577016e-01
82	1.7632083648862371e+00	1.3613607506922915e-01	9.7011293685577016e-01
83	1.7988287358940398e+00	1.3888629880800143e-01	9.7011293685577016e-01
84	1.8344491069018427e+00	1.4163652254677378e-01	9.7011293685577016e-01
85	1.8700694779096454e+00	1.4438674628554607e-01	9.7011293685577016e-01
86	1.9056898489174485e+00	1.4713697002431841e-01	9.7011293685577016e-01
87	1.9413102199252510e+00	1.4988719376309070e-01	9.7011293685577016e-01
88	1.9769305909330537e+00	1.5263741750186299e-01	9.7011293685577016e-01
89	1.9947407764369551e+00	1.5401252937124915e-01	9.7011293685577016e-01
90	9.9196259572077594e-01	1.2928120308406787e-01	9.5218069896923241e-01
91	1.0096762135015040e+00	1.3158979599628337e-01	9.5218069896923241e-01
92	1.0451034490629605e+00	1.3620698182071439e-01	9.5218069896923241e-01
93	1.0805306846244165e+00	1.4082416764514535e-01	9.5218069896923263e-01
94	1.1159579201858727e+00	1.4544135346957632e-01	9.5218069896923263e-01
95	1.1513851557473291e+00	1.5005853929400739e-01	9.5218069896923241e-01
96	1.1868123913087856e+00	1.5467572511843838e-01	9.5218069896923219e-01
97	1.2222396268702420e+00	1.5929291094286932e-01	9.5218069896923241e-01
98	1.2576668624316980e+00	1.6391009676730034e-01	9.5218069896923241e-01
99	1.2930940979931544e+00	1.6852728259173136e-01	9.5218069896923241e-01
100	1.3285213335546107e+00	1.7314446841616232e-01	9.5218069896923241e-01
101	1.3639485691160673e+00	1.7776165424059337e-01	9.5218069896923230e-01
102	1.3993758046775233e+00	1.8237884006502433e-01	9.5218069896923241e-01
103	1.4348030402389793e+00	1.8699602588945533e-01	9.5218069896923241e-01
104	1.4702302758004360e+00	1.9161321171388634e-01	9.5218069896923241e-01
105	1.5056575113618920e+00	1.9623039753831731e-01	9.5218069896923241e-01
106	1.5410847469233484e+00	2.0084758336274833e-01	9.5218069896923241e-01
107	1.5765119824848048e+00	2.0546476918717932e-01	9.5218069896923241e-01
108	1.6119392180462608e+00	2.1008195501161031e-01	9.5218069896923241e-01
109	1.6473664536077173e+00	2.1469914083604130e-01	9.5218069896923241e-01
110	1.6827936891691735e+00	2.1931632666047232e-01	9.5218069896923241e-01
111	1.7182209247306299e+00	2.2393351248490329e-01	9.5218069896923241e-01
112	1.7536481602920859e+00	2.2855069830933428e-01	9.5218069896923241e-01
113	1.7890753958535424e+00	2.3316788413376527e-01	9.5218069896923241e-01
114	1.8245026314149988e+00	2.3778506995819629e-01	9.5218069896923241e-01
115	1.8599298669764548e+00	2.4240225578262728e-01	9.5218069896923241e-01
116	1.8953571025379112e+00	2.4701944160705830e-01	9.5218069896923241e-01
117	1.9307843380993674e+00	2.5163662743148929e-01	9.5218069896923241e-01
118	1.9662115736608239e+00	2.5625381325592028e-01	9.5218069896923241e-01
119	1.9839251914415519e+00	2.5856240616813575e-01	9.5218069896923241e-01
120	9.8364281059276681e-01	1.8214052963833893e-01	9.3574281423990591e-01
121	1.0012078607819233e+00	1.8539303909616642e-01	9.3574281423990591e-01
122	1.0363379611602366e+00	1.9189805801182139e-01	9.3574281423990591e-01
123	1.0714680615385492e+00	1.9840307692747630e-01	9.3574281423990613e-01
124	1.1065981619168623e+00	2.0490809584313124e-01	9.3574281423990613e-01
125	1.1417282622951757e+00	2.1141311475878627e-01	9.3574281423990591e-01
126	1.1768583626734890e+00	2.1791813367444127e-01	9.3574281423990568e-01
127	1.2119884630518021e+00	2.2442315259009618e-01	9.3574281423990591e-01
128	1.2471185634301150e+00	2.3092817150575112e-01	9.3574281423990591e-01
129	1.2822486638084281e+00	2.3743319042140612e-01	9.3574281423990591e-01
130	1.3173787641867414e+00	2.4393820933706109e-01	9.3574281423990591e-01
131	1.3525088645650545e+00	2.5044322825271603e-01	9.3574281423990580e-01
132	1.3876389649433674e+00	2.5694824716837100e-01	9.3574281423990591e-01
133	1.4227690653216805e+00	2.6345326608402597e-01	9.3574281423990591e-01
134	1.4578991656999936e+00	2.6995828499968089e-01	9.3574281423990591e-01
135	1.4930292660783067e+00	2.7646330391533586e-01	9.3574281423990591e-01
136	1.5281593664566198e+00	2.8296832283099083e-01	9.3574281423990591e-01
137	1.5632894668349333e+00	2.8947334174664580e-01	9.3574281423990591e-01
138	1.5984195672132460e+00	2.9597836066230077e-01	9.3574281423990591e-01
139	1.6335496675915591e+00	3.0248337957795574e-01	9.3574281423990591e-01
140	1.6686797679698724e+00	3.0898839849361071e-01	9.3574281423990591e-01
141	1.7038098683481855e+00	3.1549341740926568e-01	9.3574281423990591e-01
142	1.7389399687264984e+00	3.2199843632492059e-01	9.3574281423990591e-01
143	1.7740700691048115e+00	3.2850345524057550e-01	9.3574281423990591e-01
144	1.8092001694831248e+00	3.3500847415623058e-01	9.3574281423990591e-01
145	1.8443302698614377e+00	3.4151349307188544e-01	9.3574281423990591e-01
146	1.8794603702397508e+00	3.4801851198754047e-01	9.3574281423990591e-01
147	1.9145904706180641e+00	3.5452353090319544e-01	9.3574281423990591e-01
148	1.9497205709963770e+00	3.6102854981885035e-01	9.3574281423990591e-01
149	1.9672856211855336e+00	3.6428105927667787e-01	9.3574281423990591e-01
150	9.7229558649554648e-01	2.3535818727708313e-01	9.2079928266779087e-01
151	9.8965800768296708e-01	2.3956101204988814e-01	9.2079928266779087e-01
152	1.0243828500578080e+00	2.4796666159549827e-01	9.2079928266779099e-01
153	1.0591076924326488e+00	2.5637231114110831e-01	9.2079928266779110e-01
154	1.0938325348074895e+00	2.6477796068671844e-01	9.2079928266779110e-01
155	1.1285573771823307e+00	2.7318361023232862e-01	9.2079928266779087e-01
156	1.1632822195571715e+00	2.8158925977793869e-01	9.2079928266779076e-01
157	1.1980070619320127e+00	2.8999490932354877e-01	9.2079928266779087e-01
158	1.2327319043068534e+00	2.9840055886915895e-01	9.2079928266779087e-01
159	1.2674567466816944e+00	3.0680620841476902e-01	9.2079928266779099e-01
160	1.3021815890565356e+00	3.1521185796037920e-01	9.2079928266779087e-01
161	1.3369064314313766e+00	3.2361750750598928e-01	9.2079928266779087e-01
162	1.3716312738062177e+00	3.3202315705159935e-01	9.2079928266779087e-01
163	1.4063561161810583e+00	3.4042880659720953e-01	9.2079928266779087e-01
164	1.4410809585558992e+00	3.4883445614281960e-01	9.2079928266779087e-01
165	1.4758058009307402e+00	3.5724010568842973e-01	9.2079928266779087e-01
166	1.5105306433055814e+00	3.6564575523403986e-01	9.2079928266779087e-01
167	1.5452554856804224e+00	3.7405140477964988e-01	9.2079928266779087e-01
168	1.5799803280552631e+00	3.8245705432526006e-01	9.2079928266779087e-01
169	1.6147051704301041e+00	3.9086270387087013e-01	9.2079928266779099e-01
170	1.6494300128049451e+00	3.9926835341648037e-01	9.2079928266779087e-01
171	1.6841548551797858e+00	4.0767400296209033e-01	9.2079928266779087e-01
172	1.7188796975546268e+00	4.1607965250770051e-01	9.2079928266779087e-01
173	1.7536045399294680e+00	4.2448530205331064e-01	9.2079928266779087e-01
174	1.7883293823043087e+00	4.3289095159892071e-01	9.2079928266779087e-01
175	1.8230542246791497e+00	4.4129660114453084e-01	9.2079928266779087e-01
176	1.8577790670539907e+00	4.4970225069014091e-01	9.2079928266779099e-01
177	1.8925039094288316e+00	4.5810790023575110e-01	9.2079928266779087e-01
178	1.9272287518036728e+00	4.6651354978136111e-01	9.2079928266779087e-01
179	1.9445911729910930e+00	4.7071637455416626e-01	9.2079928266779087e-01
180	9.5782740758711149e-01	2.8868894130261274e-01	9.0735010425288731e-01
181	9.7493146843688128e-01	2.9384410096873081e-01	9.0735010425288731e-01
182	1.0091395901364211e+00	3.0415442030096701e-01	9.0735010425288731e-01
183	1.0433477118359606e+00	3.1446473963320315e-01	9.0735010425288753e-01
184	1.0775558335355000e+00	3.2477505896543918e-01	9.0735010425288753e-01
185	1.1117639552350400e+00	3.3508537829767554e-01	9.0735010425288731e-01
186	1.1459720769345798e+00	3.4539569762991168e-01	9.0735010425288720e-01
187	1.1801801986341196e+00	3.5570601696214782e-01	9.0735010425288731e-01
188	1.2143883203336592e+00	3.6601633629438401e-01	9.0735010425288731e-01
189	1.2485964420331990e+00	3.7632665562662015e-01	9.0735010425288731e-01
190	1.2828045637327385e+00	3.8663697495885641e-01	9.0735010425288731e-01
191	1.3170126854322786e+00	3.9694729429109266e-01	9.0735010425288720e-01
192	1.3512208071318181e+00	4.0725761362332874e-01	9.0735010425288731e-01
193	1.3854289288313577e+00	4.1756793295556494e-01	9.0735010425288731e-01
194	1.4196370505308975e+00	4.2787825228780102e-01	9.0735010425288731e-01
195	1.4538451722304371e+00	4.3818857162003716e-01	9.0735010425288731e-01
196	1.4880532939299767e+00	4.4849889095227335e-01	9.0735010425288731e-01
197	1.5222614156295164e+00	4.5880921028450955e-01	9.0735010425288731e-01
198	1.5564695373290560e+00	4.6911952961674569e-01	9.0735010425288731e-01
199	1.5906776590285958e+00	4.7942984894898194e-01	9.0735010425288731e-01
200	1.6248857807281356e+00	4.8974016828121814e-01	9.0735010425288731e-01
201	1.6590939024276754e+00	5.0005048761345416e-01	9.0735010425288731e-01
202	1.6933020241272148e+00	5.1036080694569042e-01	9.0735010425288731e-01
203	1.7275101458267543e+00	5.2067112627792644e-01	9.0735010425288731e-01
204	1.7617182675262941e+00	5.3098144561016269e-01	9.0735010425288731e-01
205	1.7959263892258339e+00	5.4129176494239883e-01	9.0735010425288731e-01
206	1.8301345109253737e+00	5.5160208427463520e-01	9.0735010425288731e-01
207	1.8643426326249135e+00	5.6191240360687122e-01	9.0735010425288731e-01
208	1.8985507543244533e+00	5.7222272293910748e-01	9.0735010425288731e-01
209	1.9156548151742230e+00	5.7737788260522549e-01	9.0735010425288731e-01
210	9.4017007926203722e-01	3.4187087188240994e-01	8.9539527899519555e-01
211	9.5695883067743071e-01	3.4797570888031010e-01	8.9539527899519555e-01
212	9.9053633350821779e-01	3.6018538287611052e-01	8.9539527899519555e-01
213	1.0241138363390048e+00	3.7239505687191077e-01	8.9539527899519578e-01
214	1.0576913391697915e+00	3.8460473086771113e-01	8.9539527899519578e-01
215	1.0912688420005789e+00	3.9681440486351161e-01	8.9539527899519555e-01
216	1.1248463448313661e+00	4.0902407885931191e-01	8.9539527899519544e-01
217	1.1584238476621531e+00	4.2123375285511222e-01	8.9539527899519555e-01
218	1.1920013504929399e+00	4.3344342685091264e-01	8.9539527899519555e-01
219	1.2255788533237273e+00	4.4565310084671300e-01	8.9539527899519555e-01
220	1.2591563561545143e+00	4.5786277484251342e-01	8.9539527899519555e-01
221	1.2927338589853015e+00	4.7007244883831384e-01	8.9539527899519544e-01
222	1.3263113618160882e+00	4.8228212283411404e-01	8.9539527899519555e-01
223	1.3598888646468752e+00	4.9449179682991445e-01	8.9539527899519555e-01
224	1.3934663674776624e+00	5.0670147082571471e-01	8.9539527899519555e-01
225	1.4270438703084494e+00	5.1891114482151512e-01	8.9539527899519555e-01
226	1.4606213731392366e+00	5.3112081881731554e-01	8.9539527899519555e-01
227	1.4941988759700235e+00	5.4333049281311585e-01	8.9539527899519555e-01
228	1.5277763788008103e+00	5.5554016680891616e-01	8.9539527899519555e-01
229	1.5613538816315977e+00	5.6774984080471669e-01	8.9539527899519555e-01
230	1.5949313844623847e+00	5.7995951480051700e-01	8.9539527899519555e-01
231	1.6285088872931719e+00	5.9216918879631719e-01	8.9539527899519555e-01
232	1.6620863901239586e+00	6.0437886279211761e-01	8.9539527899519555e-01
233	1.6956638929547456e+00	6.1658853678791792e-01	8.9539527899519555e-01
234	1.7292413957855328e+00	6.2879821078371845e-01	8.9539527899519555e-01
235	1.7628188986163200e+00	6.4100788477951876e-01	8.9539527899519555e-01
236	1.7963964014471070e+00	6.5321755877531906e-01	8.9539527899519555e-01
237	1.8299739042778942e+00	6.6542723277111948e-01	8.9539527899519555e-01
238	1.8635514071086807e+00	6.7763690676691968e-01	8.9539527899519555e-01
239	1.8803401585240744e+00	6.8374174376481989e-01	8.9539527899519555e-01
240	9.1928380387791708e-01	3.9462852908437784e-01	8.8493480689471504e-01
241	9.3569958609002268e-01	4.0167546710374180e-01	8.8493480689471504e-01
242	9.6853115051423400e-01	4.1576934314246955e-01	8.8493480689471515e-01
243	1.0013627149384454e+00	4.2986321918119730e-01	8.8493480689471515e-01
244	1.0341942793626566e+00	4.4395709521992499e-01	8.8493480689471515e-01
245	1.0670258437868680e+00	4.5805097125865291e-01	8.8493480689471504e-01
246	1.0998574082110792e+00	4.7214484729738071e-01	8.8493480689471493e-01
247	1.1326889726352909e+00	4.8623872333610846e-01	8.8493480689471504e-01
248	1.1655205370595019e+00	5.0033259937483621e-01	8.8493480689471504e-01
249	1.1983521014837133e+00	5.1442647541356390e-01	8.8493480689471515e-01
250	1.2311836659079249e+00	5.2852035145229193e-01	8.8493480689471504e-01
251	1.2640152303321361e+00	5.4261422749101962e-01	8.8493480689471493e-01
252	1.2968467947563471e+00	5.5670810352974731e-01	8.8493480689471504e-01
253	1.3296783591805585e+00	5.7080197956847523e-01	8.8493480689471504e-01
254	1.3625099236047702e+00	5.8489585560720292e-01	8.8493480689471504e-01
255	1.3953414880289812e+00	5.9898973164593072e-01	8.8493480689471504e-01
256	1.4281730524531928e+00	6.1308360768465864e-01	8.8493480689471504e-01
257	1.4610046168774038e+00	6.2717748372338633e-01	8.8493480689471504e-01
258	1.4938361813016154e+00	6.4127135976211402e-01	8.8493480689471504e-01
259	1.5266677457258266e+00	6.5536523580084183e-01	8.8493480689471515e-01
260	1.5594993101500378e+00	6.6945911183956974e-01	8.8493480689471504e-01
261	1.5923308745742490e+00	6.8355298787829744e-01	8.8493480689471504e-01
262	1.6251624389984605e+00	6.9764686391702524e-01	8.8493480689471504e-01
263	1.6579940034226717e+00	7.1174073995575293e-01	8.8493480689471504e-01
264	1.6908255678468831e+00	7.2583461599448085e-01	8.8493480689471504e-01
265	1.7236571322710943e+00	7.3992849203320843e-01	8.8493480689471504e-01
266	1.7564886966953055e+00	7.5402236807193623e-01	8.8493480689471515e-01
267	1.7893202611195174e+00	7.6811624411066426e-01	8.8493480689471504e-01
268	1.8221518255437283e+00	7.8221012014939184e-01	8.8493480689471504e-01
269	1.8385676077558342e+00	7.8925705816875569e-01	8.8493480689471504e-01
270	8.9515979742535279e-01	4.4667670863380637e-01	8.7596868795144622e-01
271	9.1114479380794833e-01	4.5465307843083858e-01	8.7596868795144622e-01
272	9.4311478657313952e-01	4.7060581802490309e-01	8.7596868795144633e-01
273	9.7508477933833071e-01	4.8655855761896760e-01	8.7596868795144633e-01
274	1.0070547721035217e+00	5.0251129721303200e-01	8.7596868795144633e-01
275	1.0390247648687130e+00	5.1846403680709663e-01	8.7596868795144622e-01
276	1.0709947576339043e+00	5.3441677640116114e-01	8.7596868795144611e-01
277	1.1029647503990956e+00	5.5036951599522566e-01	8.7596868795144611e-01
278	1.1349347431642867e+00	5.6632225558929017e-01	8.7596868795144611e-01
279	1.1669047359294775e+00	5.8227499518335468e-01	8.7596868795144633e-01
280	1.1988747286946688e+00	5.9822773477741931e-01	8.7596868795144622e-01
281	1.2308447214598601e+00	6.1418047437148382e-01	8.7596868795144611e-01
282	1.2628147142250512e+00	6.3013321396554822e-01	8.7596868795144622e-01
283	1.2947847069902423e+00	6.4608595355961285e-01	8.7596868795144622e-01
284	1.3267546997554336e+00	6.6203869315367725e-01	8.7596868795144622e-01
285	1.3587246925206249e+00	6.7799143274774187e-01	8.7596868795144611e-01
286	1.3906946852858160e+00	6.9394417234180639e-01	8.7596868795144622e-01
287	1.4226646780510070e+00	7.0989691193587068e-01	8.7596868795144622e-01
288	1.4546346708161986e+00	7.2584965152993530e-01	8.7596868795144611e-01
289	1.4866046635813894e+00	7.4180239112399970e-01	8.7596868795144633e-01
290	1.5185746563465807e+00	7.5775513071806444e-01	8.7596868795144622e-01
291	1.5505446491117718e+00	7.7370787031212895e-01	8.7596868795144611e-01
292	1.5825146418769627e+00	7.8966060990619347e-01	8.7596868795144622e-01
293	1.6144846346421542e+00	8.0561334950025787e-01	8.7596868795144611e-01
294	1.6464546274073453e+00	8.2156608909432249e-01	8.7596868795144622e-01
295	1.6784246201725364e+00	8.3751882868838690e-01	8.7596868795144622e-01
296	1.7103946129377274e+00	8.5347156828245141e-01	8.7596868795144633e-01
297	1.7423646057029187e+00	8.6942430787651592e-01	8.7596868795144622e-01
298	1.7743345984681100e+00	8.8537704747058044e-01	8.7596868795144622e-01
299	1.7903195948507056e+00	8.9335341726761275e-01	8.7596868795144622e-01
300	8.6782230836105800e-01	4.9772477177202057e-01	8.6849692216538876e-01
301	8.8331913529607675e-01	5.0661271412509234e-01	8.6849692216538876e-01
302	9.1431278916611469e-01	5.2438859883123590e-01	8.6849692216538876e-01
303	9.4530644303615241e-01	5.4216448353737945e-01	8.6849692216538887e-01
304	9.7630009690619002e-01	5.5994036824352300e-01	8.6849692216538887e-01
305	1.0072937507762281e+00	5.7771625294966666e-01	8.6849692216538876e-01
306	1.0382874046462658e+00	5.9549213765581022e-01	8.6849692216538854e-01
307	1.0692810585163035e+00	6.1326802236195388e-01	8.6849692216538865e-01
308	1.1002747123863412e+00	6.3104390706809743e-01	8.6849692216538865e-01
309	1.1312683662563792e+00	6.4881979177424098e-01	8.6849692216538876e-01
310	1.1622620201264171e+00	6.6659567648038465e-01	8.6849692216538876e-01
311	1.1932556739964548e+00	6.8437156118652842e-01	8.6849692216538865e-01
312	1.2242493278664925e+00	7.0214744589267175e-01	8.6849692216538876e-01
313	1.2552429817365300e+00	7.1992333059881541e-01	8.6849692216538876e-01
314	1.2862366356065682e+00	7.3769921530495897e-01	8.6849692216538876e-01
315	1.3172302894766059e+00	7.5547510001110263e-01	8.6849692216538865e-01
316	1.3482239433466436e+00	7.7325098471724618e-01	8.6849692216538876e-01
317	1.3792175972166814e+00	7.9102686942338973e-01	8.6849692216538876e-01
318	1.4102112510867193e+00	8.0880275412953340e-01	8.6849692216538865e-01
319	1.4412049049567570e+00	8.2657863883567695e-01	8.6849692216538876e-01
320	1.4721985588267950e+00	8.4435452354182061e-01	8.6849692216538876e-01
321	1.5031922126968327e+00	8.6213040824796416e-01	8.6849692216538865e-01
322	1.5341858665668704e+00	8.7990629295410761e-01	8.6849692216538876e-01
323	1.5651795204369081e+00	8.9768217766025149e-01	8.6849692216538865e-01
324	1.5961731743069458e+00	9.1545806236639493e-01	8.6849692216538876e-01
325	1.6271668281769838e+00	9.3323394707253848e-01	8.6849692216538876e-01
326	1.6581604820470215e+00	9.5100983177868215e-01	8.6849692216538876e-01
327	1.6891541359170592e+00	9.6878571648482559e-01	8.6849692216538876e-01
328	1.7201477897870971e+00	9.8656160119096914e-01	8.6849692216538876e-01
329	1.7356446167221160e+00	9.9544954354404114e-01	8.6849692216538876e-01
330	8.3732991439884041e-01	5.4748139823677422e-01	8.6251950953654266e-01
331	8.5228223429881966e-01	5.5725785177671661e-01	8.6251950953654266e-01
332	8.8218687409877838e-01	5.7681075885660149e-01	8.6251950953654277e-01
333	9.1209151389873666e-01	5.9636366593648593e-01	8.6251950953654299e-01
334	9.4199615369869527e-01	6.1591657301637071e-01	8.6251950953654299e-01
335	9.7190079349865410e-01	6.3546948009625592e-01	8.6251950953654266e-01
336	1.0018054332986126e+00	6.5502238717614059e-01	8.6251950953654255e-01
337	1.0317100730985713e+00	6.7457529425602536e-01	8.6251950953654266e-01
338	1.0616147128985298e+00	6.9412820133591013e-01	8.6251950953654266e-01
339	1.0915193526984883e+00	7.1368110841579491e-01	8.6251950953654277e-01
340	1.1214239924984470e+00	7.3323401549567979e-01	8.6251950953654266e-01
341	1.1513286322984055e+00	7.5278692257556457e-01	8.6251950953654266e-01
342	1.1812332720983643e+00	7.7233982965544934e-01	8.6251950953654266e-01
343	1.2111379118983228e+00	7.9189273673533422e-01	8.6251950953654266e-01
344	1.2410425516982813e+00	8.1144564381521900e-01	8.6251950953654266e-01
345	1.2709471914982398e+00	8.3099855089510377e-01	8.6251950953654266e-01
346	1.3008518312981989e+00	8.5055145797498866e-01	8.6251950953654266e-01
347	1.3307564710981572e+00	8.7010436505487332e-01	8.6251950953654266e-01
348	1.3606611108981157e+00	8.8965727213475809e-01	8.6251950953654266e-01
349	1.3905657506980742e+00	9.0921017921464287e-01	8.6251950953654277e-01
350	1.4204703904980329e+00	9.2876308629452775e-01	8.6251950953654266e-01
351	1.4503750302979916e+00	9.4831599337441241e-01	8.6251950953654266e-01
352	1.4802796700979501e+00	9.6786890045429730e-01	8.6251950953654266e-01
353	1.5101843098979086e+00	9.8742180753418207e-01	8.6251950953654266e-01
354	1.5400889496978671e+00	1.0069747146140668e+00	8.6251950953654266e-01
355	1.5699935894978256e+00	1.0265276216939516e+00	8.6251950953654266e-01
356	1.5998982292977846e+00	1.0460805287738366e+00	8.6251950953654277e-01
357	1.6298028690977429e+00	1.0656334358537212e+00	8.6251950953654266e-01
358	1.6597075088977016e+00	1.0851863429336059e+00	8.6251950953654266e-01
359	1.6746598287976808e+00	1.0949627964735484e+00	8.6251950953654266e-01
360	8.0377599701499980e-01	5.9565963021272683e-01	8.5803645006490825e-01
361	8.1812913981883906e-01	6.0629640932366846e-01	8.5803645006490825e-01
362	8.4683542542651757e-01	6.2756996754555150e-01	8.5803645006490836e-01
363	8.7554171103419609e-01	6.4884352576743465e-01	8.5803645006490836e-01
364	9.0424799664187472e-01	6.7011708398931757e-01	8.5803645006490836e-01
365	9.3295428224955335e-01	6.9139064221120095e-01	8.5803645006490825e-01
366	9.6166056785723197e-01	7.1266420043308398e-01	8.5803645006490803e-01
367	9.9036685346491060e-01	7.3393775865496713e-01	8.5803645006490814e-01
368	1.0190731390725891e+00	7.5521131687685028e-01	8.5803645006490814e-01
369	1.0477794246802674e+00	7.7648487509873321e-01	8.5803645006490836e-01
370	1.0764857102879462e+00	7.9775843332061636e-01	8.5803645006490825e-01
371	1.1051919958956251e+00	8.1903199154249973e-01	8.5803645006490803e-01
372	1.1338982815033034e+00	8.4030554976438265e-01	8.5803645006490825e-01
373	1.1626045671109819e+00	8.6157910798626558e-01	8.5803645006490825e-01
374	1.1913108527186604e+00	8.8285266620814884e-01	8.5803645006490825e-01
375	1.2200171383263390e+00	9.0412622443003199e-01	8.5803645006490814e-01
376	1.2487234239340177e+00	9.2539978265191503e-01	8.5803645006490825e-01
377	1.2774297095416962e+00	9.4667334087379806e-01	8.5803645006490825e-01
378	1.3061359951493750e+00	9.6794689909568121e-01	8.5803645006490814e-01
379	1.3348422807570532e+00	9.8922045731756414e-01	8.5803645006490836e-01
380	1.3635485663647320e+00	1.0104940155394475e+00	8.5803645006490825e-01
381	1.3922548519724103e+00	1.0317675737613308e+00	8.5803645006490814e-01
382	1.4209611375800890e+00	1.0530411319832136e+00	8.5803645006490825e-01
383	1.4496674231877675e+00	1.0743146902050968e+00	8.5803645006490814e-01
384	1.4783737087954463e+00	1.0955882484269799e+00	8.5803645006490825e-01
385	1.5070799944031246e+00	1.1168618066488629e+00	8.5803645006490825e-01
386	1.5357862800108031e+00	1.1381353648707457e+00	8.5803645006490836e-01
387	1.5644925656184818e+00	1.1594089230926292e+00	8.5803645006490825e-01
388	1.5931988512261603e+00	1.1806824813145123e+00	8.5803645006490825e-01
389	1.6075519940299996e+00	1.1913192604254537e+00	8.5803645006490825e-01
390	7.6728832595481389e-01	6.4198203993048286e-01	8.5504774375048531e-01
391	7.8098990320400685e-01	6.5344600492924154e-01	8.5504774375048531e-01
392	8.0839305770239334e-01	6.7637393492675890e-01	8.5504774375048531e-01
393	8.3579621220077949e-01	6.9930186492427615e-01	8.5504774375048531e-01
394	8.6319936669916564e-01	7.2222979492179340e-01	8.5504774375048531e-01
395	8.9060252119755190e-01	7.4515772491931065e-01	8.5504774375048531e-01
396	9.1800567569593827e-01	7.6808565491682801e-01	8.5504774375048498e-01
397	9.4540883019432442e-01	7.9101358491434526e-01	8.5504774375048509e-01
398	9.7281198469271069e-01	8.1394151491186251e-01	8.5504774375048509e-01
399	1.0002151391910965e+00	8.3686944490937965e-01	8.5504774375048531e-01
400	1.0276182936894829e+00	8.5979737490689689e-01	8.5504774375048531e-01
401	1.0550214481878692e+00	8.8272530490441437e-01	8.5504774375048509e-01
402	1.0824246026862554e+00	9.0565323490193139e-01	8.5504774375048531e-01
403	1.1098277571846413e+00	9.2858116489944853e-01	8.5504774375048531e-01
404	1.1372309116830275e+00	9.5150909489696578e-01	8.5504774375048531e-01
405	1.1646340661814141e+00	9.7443702489448336e-01	8.5504774375048509e-01
406	1.1920372206798002e+00	9.9736495489200039e-01	8.5504774375048531e-01
407	1.2194403751781864e+00	1.0202928848895176e+00	8.5504774375048531e-01
408	1.2468435296765727e+00	1.0432208148870350e+00	8.5504774375048509e-01
409	1.2742466841749589e+00	1.0661487448845521e+00	8.5504774375048531e-01
410	1.3016498386733450e+00	1.0890766748820695e+00	8.5504774375048531e-01
411	1.3290529931717314e+00	1.1120046048795869e+00	8.5504774375048509e-01
412	1.3564561476701174e+00	1.1349325348771040e+00	8.5504774375048531e-01
413	1.3838593021685039e+00	1.1578604648746211e+00	8.5504774375048509e-01
414	1.4112624566668899e+00	1.1807883948721383e+00	8.5504774375048531e-01
415	1.4386656111652760e+00	1.2037163248696554e+00	8.5504774375048531e-01
416	1.4660687656636624e+00	1.2266442548671728e+00	8.5504774375048531e-01
417	1.4934719201620483e+00	1.2495721848646901e+00	8.5504774375048531e-01
418	1.5208750746604347e+00	1.2725001148622075e+00	8.5504774375048531e-01
419	1.5345766519096278e+00	1.2839640798609657e+00	8.5504774375048531e-01
420	7.2802772538750848e-01	6.8618583698558666e-01	8.5355339059327373e-01
421	7.4102822048371386e-01	6.9843915550318647e-01	8.5355339059327373e-01
422	7.6702921067612484e-01	7.2294579253838587e-01	8.5355339059327395e-01
423	7.9303020086853593e-01	7.4745242957358538e-01	8.5355339059327395e-01
424	8.1903119106094679e-01	7.7195906660878477e-01	8.5355339059327395e-01
425	8.4503218125335811e-01	7.9646570364398450e-01	8.5355339059327373e-01
426	8.7103317144576897e-01	8.2097234067918401e-01	8.5355339059327362e-01
427	8.9703416163818006e-01	8.4547897771438352e-01	8.5355339059327373e-01
428	9.2303515183059104e-01	8.6998561474958302e-01	8.5355339059327373e-01
429	9.4903614202300179e-01	8.9449225178478242e-01	8.5355339059327395e-01
430	9.7503713221541310e-01	9.1899888881998215e-01	8.5355339059327373e-01
431	1.0010381224078242e+00	9.4350552585518188e-01	8.5355339059327362e-01
432	1.0270391126002352e+00	9.6801216289038117e-01	8.5355339059327373e-01
433	1.0530401027926461e+00	9.9251879992558067e-01	8.5355339059327373e-01
434	1.0790410929850571e+00	1.0170254369607803e+00	8.5355339059327373e-01
435	1.1050420831774681e+00	1.0415320739959797e+00	8.5355339059327373e-01
436	1.1310430733698793e+00	1.0660387110311793e+00	8.5355339059327373e-01
437	1.1570440635622903e+00	1.0905453480663789e+00	8.5355339059327373e-01
438	1.1830450537547013e+00	1.1150519851015783e+00	8.5355339059327373e-01
439	1.2090460439471120e+00	1.1395586221367777e+00	8.5355339059327395e-01
440	1.2350470341395232e+00	1.1640652591719773e+00	8.5355339059327373e-01
441	1.2610480243319342e+00	1.1885718962071770e+00	8.5355339059327373e-01
442	1.2870490145243454e+00	1.2130785332423764e+00	8.5355339059327373e-01
443	1.3130500047167561e+00	1.2375851702775760e+00	8.5355339059327373e-01
444	1.3390509949091673e+00	1.2620918073127756e+00	8.5355339059327373e-01
445	1.3650519851015783e+00	1.2865984443479750e+00	8.5355339059327373e-01
446	1.3910529752939891e+00	1.3111050813831742e+00	8.5355339059327395e-01
447	1.4170539654864005e+00	1.3356117184183740e+00	8.5355339059327373e-01
448	1.4430549556788115e+00	1.3601183554535736e+00	8.5355339059327373e-01
449	1.4560554507750170e+00	1.3723716739711733e+00	8.5355339059327373e-01
450	6.8618583698558666e-01	7.2802772538750848e-01	8.5355339059327373e-01
451	6.9843915550318647e-01	7.4102822048371386e-01	8.5355339059327373e-01
452	7.2294579253838609e-01	7.6702921067612506e-01	8.5355339059327373e-01
453	7.4745242957358538e-01	7.9303020086853593e-01	8.5355339059327395e-01
454	7.7195906660878477e-01	8.1903119106094679e-01	8.5355339059327395e-01
455	7.9646570364398450e-01	8.4503218125335811e-01	8.5355339059327373e-01
456	8.2097234067918401e-01	8.7103317144576897e-01	8.5355339059327362e-01
457	8.4547897771438352e-01	8.9703416163818006e-01	8.5355339059327373e-01
458	8.6998561474958302e-01	9.2303515183059104e-01	8.5355339059327373e-01
459	8.9449225178478264e-01	9.4903614202300213e-01	8.5355339059327373e-01
460	9.1899888881998215e-01	9.7503713221541310e-01	8.5355339059327373e-01
461	9.4350552585518177e-01	1.0010381224078242e+00	8.5355339059327373e-01
462	9.6801216289038117e-01	1.0270391126002352e+00	8.5355339059327373e-01
463	9.9251879992558067e-01	1.0530401027926461e+00	8.5355339059327373e-01
464	1.0170254369607803e+00	1.0790410929850571e+00	8.5355339059327373e-01
465	1.0415320739959797e+00	1.1050420831774681e+00	8.5355339059327373e-01
466	1.0660387110311793e+00	1.1310430733698793e+00	8.5355339059327373e-01
467	1.0905453480663789e+00	1.1570440635622903e+00	8.5355339059327373e-01
468	1.1150519851015783e+00	1.1830450537547013e+00	8.5355339059327373e-01
469	1.1395586221367779e+00	1.2090460439471125e+00	8.5355339059327373e-01
470	1.1640652591719773e+00	1.2350470341395232e+00	8.5355339059327373e-01
471	1.1885718962071770e+00	1.2610480243319342e+00	8.5355339059327373e-01
472	1.2130785332423764e+00	1.2870490145243454e+00	8.5355339059327373e-01
473	1.2375851702775760e+00	1.3130500047167561e+00	8.5355339059327373e-01
474	1.2620918073127756e+00	1.3390509949091673e+00	8.5355339059327373e-01
475	1.2865984443479750e+00	1.3650519851015783e+00	8.5355339059327373e-01
476	1.3111050813831746e+00	1.3910529752939895e+00	8.5355339059327373e-01
477	1.3356117184183740e+00	1.4170539654864005e+00	8.5355339059327373e-01
478	1.3601183554535736e+00	1.4430549556788115e+00	8.5355339059327373e-01
479	1.3723716739711733e+00	1.4560554507750170e+00	8.5355339059327373e-01
480	6.4198203993048297e-01	7.6728832595481389e-01	8.5504774375048531e-01
481	6.5344600492924165e-01	7.8098990320400707e-01	8.5504774375048531e-01
482	6.7637393492675912e-01	8.0839305770239334e-01	8.5504774375048531e-01
483	6.9930186492427604e-01	8.3579621220077938e-01	8.5504774375048542e-01
484	7.2222979492179329e-01	8.6319936669916553e-01	8.5504774375048542e-01
485	7.4515772491931065e-01	8.9060252119755190e-01	8.5504774375048531e-01
486	7.6808565491682790e-01	9.1800567569593816e-01	8.5504774375048509e-01
487	7.9101358491434515e-01	9.4540883019432420e-01	8.5504774375048531e-01
488	8.1394151491186228e-01	9.7281198469271046e-01	8.5504774375048531e-01
489	8.3686944490937965e-01	1.0002151391910967e+00	8.5504774375048531e-01
490	8.5979737490689689e-01	1.0276182936894831e+00	8.5504774375048531e-01
491	8.8272530490441425e-01	1.0550214481878692e+00	8.5504774375048520e-01
492	9.0565323490193150e-01	1.0824246026862554e+00	8.5504774375048531e-01
493	9.2858116489944864e-01	1.1098277571846413e+00	8.5504774375048531e-01
494	9.5150909489696611e-01	1.1372309116830279e+00	8.5504774375048531e-01
495	9.7443702489448314e-01	1.1646340661814139e+00	8.5504774375048531e-01
496	9.9736495489200050e-01	1.1920372206798002e+00	8.5504774375048531e-01
497	1.0202928848895176e+00	1.2194403751781864e+00	8.5504774375048531e-01
498	1.0432208148870350e+00	1.2468435296765727e+00	8.5504774375048531e-01
499	1.0661487448845524e+00	1.2742466841749589e+00	8.5504774375048531e-01
500	1.0890766748820695e+00	1.3016498386733453e+00	8.5504774375048531e-01
501	1.1120046048795866e+00	1.3290529931717310e+00	8.5504774375048531e-01
502	1.1349325348771040e+00	1.3564561476701176e+00	8.5504774375048531e-01
503	1.1578604648746211e+00	1.3838593021685035e+00	8.5504774375048531e-01
504	1.1807883948721385e+00	1.4112624566668899e+00	8.5504774375048531e-01
505	1.2037163248696559e+00	1.4386656111652760e+00	8.5504774375048531e-01
506	1.2266442548671730e+00	1.4660687656636624e+00	8.5504774375048531e-01
507	1.2495721848646901e+00	1.4934719201620485e+00	8.5504774375048531e-01
508	1.2725001148622075e+00	1.5208750746604347e+00	8.5504774375048531e-01
509	1.2839640798609659e+00	1.5345766519096278e+00	8.5504774375048531e-01
510	5.9565963021272694e-01	8.0377599701499980e-01	8.5803645006490825e-01
511	6.0629640932366846e-01	8.1812913981883906e-01	8.5803645006490825e-01
512	6.2756996754555172e-01	8.4683542542651769e-01	8.5803645006490825e-01
513	6.4884352576743465e-01	8.7554171103419598e-01	8.5803645006490847e-01
514	6.7011708398931769e-01	9.0424799664187461e-01	8.5803645006490847e-01
515	6.9139064221120095e-01	9.3295428224955335e-01	8.5803645006490825e-01
516	7.1266420043308409e-01	9.6166056785723197e-01	8.5803645006490803e-01
517	7.3393775865496713e-01	9.9036685346491049e-01	8.5803645006490825e-01
518	7.5521131687685028e-01	1.0190731390725891e+00	8.5803645006490825e-01
519	7.7648487509873343e-01	1.0477794246802676e+00	8.5803645006490825e-01
520	7.9775843332061647e-01	1.0764857102879462e+00	8.5803645006490825e-01
521	8.1903199154249962e-01	1.1051919958956247e+00	8.5803645006490825e-01
522	8.4030554976438276e-01	1.1338982815033034e+00	8.5803645006490825e-01
523	8.6157910798626569e-01	1.1626045671109817e+00	8.5803645006490825e-01
524	8.8285266620814895e-01	1.1913108527186604e+00	8.5803645006490825e-01
525	9.0412622443003199e-01	1.2200171383263387e+00	8.5803645006490825e-01
526	9.2539978265191503e-01	1.2487234239340177e+00	8.5803645006490825e-01
527	9.4667334087379829e-01	1.2774297095416962e+00	8.5803645006490825e-01
528	9.6794689909568132e-01	1.3061359951493747e+00	8.5803645006490825e-01
529	9.8922045731756447e-01	1.3348422807570530e+00	8.5803645006490825e-01
530	1.0104940155394477e+00	1.3635485663647320e+00	8.5803645006490825e-01
531	1.0317675737613305e+00	1.3922548519724103e+00	8.5803645006490825e-01
532	1.0530411319832138e+00	1.4209611375800890e+00	8.5803645006490825e-01
533	1.0743146902050968e+00	1.4496674231877673e+00	8.5803645006490825e-01
534	1.0955882484269801e+00	1.4783737087954463e+00	8.5803645006490825e-01
535	1.1168618066488631e+00	1.5070799944031246e+00	8.5803645006490825e-01
536	1.1381353648707462e+00	1.5357862800108033e+00	8.5803645006490825e-01
537	1.1594089230926292e+00	1.5644925656184816e+00	8.5803645006490825e-01
538	1.1806824813145125e+00	1.5931988512261603e+00	8.5803645006490825e-01
539	1.1913192604254539e+00	1.6075519940299996e+00	8.5803645006490825e-01
540	5.4748139823677422e-01	8.3732991439884030e-01	8.6251950953654277e-01
541	5.5725785177671661e-01	8.5228223429881955e-01	8.6251950953654277e-01
542	5.7681075885660149e-01	8.8218687409877838e-01	8.6251950953654277e-01
543	5.9636366593648593e-01	9.1209151389873666e-01	8.6251950953654299e-01
544	6.1591657301637071e-01	9.4199615369869527e-01	8.6251950953654299e-01
545	6.3546948009625581e-01	9.7190079349865399e-01	8.6251950953654277e-01
546	6.5502238717614059e-01	1.0018054332986126e+00	8.6251950953654255e-01
547	6.7457529425602525e-01	1.0317100730985711e+00	8.6251950953654277e-01
548	6.9412820133591002e-01	1.0616147128985296e+00	8.6251950953654277e-01
549	7.1368110841579491e-01	1.0915193526984883e+00	8.6251950953654277e-01
550	7.3323401549567968e-01	1.1214239924984470e+00	8.6251950953654277e-01
551	7.5278692257556457e-01	1.1513286322984055e+00	8.6251950953654266e-01
552	7.7233982965544934e-01	1.1812332720983640e+00	8.6251950953654277e-01
553	7.9189273673533411e-01	1.2111379118983225e+00	8.6251950953654277e-01
554	8.1144564381521889e-01	1.2410425516982810e+00	8.6251950953654277e-01
555	8.3099855089510366e-01	1.2709471914982395e+00	8.6251950953654277e-01
556	8.5055145797498855e-01	1.3008518312981987e+00	8.6251950953654277e-01
557	8.7010436505487321e-01	1.3307564710981570e+00	8.6251950953654277e-01
558	8.8965727213475798e-01	1.3606611108981155e+00	8.6251950953654277e-01
559	9.0921017921464287e-01	1.3905657506980742e+00	8.6251950953654277e-01
560	9.2876308629452764e-01	1.4204703904980329e+00	8.6251950953654277e-01
561	9.4831599337441230e-01	1.4503750302979914e+00	8.6251950953654277e-01
562	9.6786890045429708e-01	1.4802796700979499e+00	8.6251950953654277e-01
563	9.8742180753418185e-01	1.5101843098979084e+00	8.6251950953654277e-01
564	1.0069747146140666e+00	1.5400889496978669e+00	8.6251950953654277e-01
565	1.0265276216939514e+00	1.5699935894978256e+00	8.6251950953654277e-01
566	1.0460805287738366e+00	1.5998982292977846e+00	8.6251950953654277e-01
567	1.0656334358537209e+00	1.6298028690977426e+00	8.6251950953654277e-01
568	1.0851863429336057e+00	1.6597075088977014e+00	8.6251950953654277e-01
569	1.0949627964735484e+00	1.6746598287976806e+00	8.6251950953654277e-01
570	4.9772477177202046e-01	8.6782230836105800e-01	8.6849692216538876e-01
571	5.0661271412509223e-01	8.8331913529607686e-01	8.6849692216538876e-01
572	5.2438859883123579e-01	9.1431278916611469e-01	8.6849692216538887e-01
573	5.4216448353737934e-01	9.4530644303615252e-01	8.6849692216538887e-01
574	5.5994036824352289e-01	9.7630009690619024e-01	8.6849692216538887e-01
575	5.7771625294966655e-01	1.0072937507762281e+00	8.6849692216538876e-01
576	5.9549213765581022e-01	1.0382874046462658e+00	8.6849692216538854e-01
577	6.1326802236195377e-01	1.0692810585163037e+00	8.6849692216538865e-01
578	6.3104390706809732e-01	1.1002747123863414e+00	8.6849692216538865e-01
579	6.4881979177424087e-01	1.1312683662563792e+00	8.6849692216538887e-01
580	6.6659567648038454e-01	1.1622620201264171e+00	8.6849692216538876e-01
581	6.8437156118652820e-01	1.1932556739964548e+00	8.6849692216538865e-01
582	7.0214744589267164e-01	1.2242493278664925e+00	8.6849692216538876e-01
583	7.1992333059881530e-01	1.2552429817365305e+00	8.6849692216538876e-01
584	7.3769921530495886e-01	1.2862366356065684e+00	8.6849692216538876e-01
585	7.5547510001110241e-01	1.3172302894766059e+00	8.6849692216538865e-01
586	7.7325098471724607e-01	1.3482239433466436e+00	8.6849692216538876e-01
587	7.9102686942338973e-01	1.3792175972166818e+00	8.6849692216538876e-01
588	8.0880275412953329e-01	1.4102112510867193e+00	8.6849692216538865e-01
589	8.2657863883567673e-01	1.4412049049567568e+00	8.6849692216538887e-01
590	8.4435452354182039e-01	1.4721985588267950e+00	8.6849692216538876e-01
591	8.6213040824796405e-01	1.5031922126968327e+00	8.6849692216538865e-01
592	8.7990629295410738e-01	1.5341858665668704e+00	8.6849692216538876e-01
593	8.9768217766025116e-01	1.5651795204369083e+00	8.6849692216538865e-01
594	9.1545806236639471e-01	1.5961731743069458e+00	8.6849692216538876e-01
595	9.3323394707253826e-01	1.6271668281769838e+00	8.6849692216538876e-01
596	9.5100983177868192e-01	1.6581604820470215e+00	8.6849692216538887e-01
597	9.6878571648482548e-01	1.6891541359170594e+00	8.6849692216538876e-01
598	9.8656160119096903e-01	1.7201477897870971e+00	8.6849692216538876e-01
599	9.9544954354404092e-01	1.7356446167221160e+00	8.6849692216538876e-01
600	4.4667670863380632e-01	8.9515979742535279e-01	8.7596868795144611e-01
601	4.5465307843083858e-01	9.1114479380794833e-01	8.7596868795144611e-01
602	4.7060581802490309e-01	9.4311478657313952e-01	8.7596868795144622e-01
603	4.8655855761896749e-01	9.7508477933833071e-01	8.7596868795144633e-01
604	5.0251129721303200e-01	1.0070547721035217e+00	8.7596868795144633e-01
605	5.1846403680709663e-01	1.0390247648687130e+00	8.7596868795144611e-01
606	5.3441677640116114e-01	1.0709947576339043e+00	8.7596868795144600e-01
607	5.5036951599522566e-01	1.1029647503990956e+00	8.7596868795144611e-01
608	5.6632225558929017e-01	1.1349347431642867e+00	8.7596868795144611e-01
609	5.8227499518335457e-01	1.1669047359294775e+00	8.7596868795144622e-01
610	5.9822773477741931e-01	1.1988747286946690e+00	8.7596868795144611e-01
611	6.1418047437148382e-01	1.2308447214598601e+00	8.7596868795144611e-01
612	6.3013321396554822e-01	1.2628147142250514e+00	8.7596868795144611e-01
613	6.4608595355961274e-01	1.2947847069902425e+00	8.7596868795144611e-01
614	6.6203869315367725e-01	1.3267546997554338e+00	8.7596868795144611e-01
615	6.7799143274774176e-01	1.3587246925206249e+00	8.7596868795144611e-01
616	6.9394417234180639e-01	1.3906946852858162e+00	8.7596868795144611e-01
617	7.0989691193587068e-01	1.4226646780510073e+00	8.7596868795144611e-01
618	7.2584965152993519e-01	1.4546346708161983e+00	8.7596868795144611e-01
619	7.4180239112399982e-01	1.4866046635813897e+00	8.7596868795144622e-01
620	7.5775513071806444e-01	1.5185746563465810e+00	8.7596868795144611e-01
621	7.7370787031212895e-01	1.5505446491117718e+00	8.7596868795144611e-01
622	7.8966060990619336e-01	1.5825146418769629e+00	8.7596868795144611e-01
623	8.0561334950025776e-01	1.6144846346421540e+00	8.7596868795144611e-01
624	8.2156608909432238e-01	1.6464546274073455e+00	8.7596868795144611e-01
625	8.3751882868838690e-01	1.6784246201725366e+00	8.7596868795144611e-01
626	8.5347156828245119e-01	1.7103946129377274e+00	8.7596868795144622e-01
627	8.6942430787651581e-01	1.7423646057029187e+00	8.7596868795144611e-01
628	8.8537704747058033e-01	1.7743345984681100e+00	8.7596868795144611e-01
629	8.9335341726761264e-01	1.7903195948507056e+00	8.7596868795144611e-01
630	3.9462852908437784e-01	9.1928380387791708e-01	8.8493480689471504e-01
631	4.0167546710374180e-01	9.3569958609002268e-01	8.8493480689471504e-01
632	4.1576934314246955e-01	9.6853115051423400e-01	8.8493480689471515e-01
633	4.2986321918119724e-01	1.0013627149384452e+00	8.8493480689471526e-01
634	4.4395709521992494e-01	1.0341942793626564e+00	8.8493480689471526e-01
635	4.5805097125865291e-01	1.0670258437868680e+00	8.8493480689471504e-01
636	4.7214484729738071e-01	1.0998574082110792e+00	8.8493480689471493e-01
637	4.8623872333610846e-01	1.1326889726352909e+00	8.8493480689471504e-01
638	5.0033259937483621e-01	1.1655205370595019e+00	8.8493480689471504e-01
639	5.1442647541356390e-01	1.1983521014837133e+00	8.8493480689471515e-01
640	5.2852035145229193e-01	1.2311836659079249e+00	8.8493480689471504e-01
641	5.4261422749101962e-01	1.2640152303321361e+00	8.8493480689471493e-01
642	5.5670810352974731e-01	1.2968467947563471e+00	8.8493480689471504e-01
643	5.7080197956847523e-01	1.3296783591805585e+00	8.8493480689471504e-01
644	5.8489585560720292e-01	1.3625099236047702e+00	8.8493480689471504e-01
645	5.9898973164593072e-01	1.3953414880289812e+00	8.8493480689471504e-01
646	6.1308360768465864e-01	1.4281730524531928e+00	8.8493480689471504e-01
647	6.2717748372338633e-01	1.4610046168774038e+00	8.8493480689471504e-01
648	6.4127135976211402e-01	1.4938361813016154e+00	8.8493480689471504e-01
649	6.5536523580084183e-01	1.5266677457258266e+00	8.8493480689471515e-01
650	6.6945911183956974e-01	1.5594993101500378e+00	8.8493480689471504e-01
651	6.8355298787829744e-01	1.5923308745742490e+00	8.8493480689471504e-01
652	6.9764686391702524e-01	1.6251624389984605e+00	8.8493480689471504e-01
653	7.1174073995575293e-01	1.6579940034226717e+00	8.8493480689471504e-01
654	7.2583461599448085e-01	1.6908255678468831e+00	8.8493480689471504e-01
655	7.3992849203320843e-01	1.7236571322710943e+00	8.8493480689471504e-01
656	7.5402236807193623e-01	1.7564886966953055e+00	8.8493480689471515e-01
657	7.6811624411066426e-01	1.7893202611195174e+00	8.8493480689471504e-01
658	7.8221012014939184e-01	1.8221518255437283e+00	8.8493480689471504e-01
659	7.8925705816875569e-01	1.8385676077558342e+00	8.8493480689471504e-01
660	3.4187087188241000e-01	9.4017007926203722e-01	8.9539527899519555e-01
661	3.4797570888031015e-01	9.5695883067743071e-01	8.9539527899519555e-01
662	3.6018538287611052e-01	9.9053633350821779e-01	8.9539527899519566e-01
663	3.7239505687191082e-01	1.0241138363390048e+00	8.9539527899519578e-01
664	3.8460473086771119e-01	1.0576913391697917e+00	8.9539527899519578e-01
665	3.9681440486351172e-01	1.0912688420005789e+00	8.9539527899519555e-01
666	4.0902407885931202e-01	1.1248463448313661e+00	8.9539527899519533e-01
667	4.2123375285511228e-01	1.1584238476621531e+00	8.9539527899519555e-01
668	4.3344342685091269e-01	1.1920013504929401e+00	8.9539527899519555e-01
669	4.4565310084671300e-01	1.2255788533237271e+00	8.9539527899519566e-01
670	4.5786277484251348e-01	1.2591563561545143e+00	8.9539527899519555e-01
671	4.7007244883831389e-01	1.2927338589853015e+00	8.9539527899519544e-01
672	4.8228212283411415e-01	1.3263113618160884e+00	8.9539527899519555e-01
673	4.9449179682991451e-01	1.3598888646468752e+00	8.9539527899519555e-01
674	5.0670147082571493e-01	1.3934663674776624e+00	8.9539527899519555e-01
675	5.1891114482151512e-01	1.4270438703084494e+00	8.9539527899519555e-01
676	5.3112081881731554e-01	1.4606213731392366e+00	8.9539527899519555e-01
677	5.4333049281311596e-01	1.4941988759700238e+00	8.9539527899519555e-01
678	5.5554016680891627e-01	1.5277763788008105e+00	8.9539527899519555e-01
679	5.6774984080471658e-01	1.5613538816315975e+00	8.9539527899519566e-01
680	5.7995951480051711e-01	1.5949313844623847e+00	8.9539527899519555e-01
681	5.9216918879631730e-01	1.6285088872931719e+00	8.9539527899519555e-01
682	6.0437886279211772e-01	1.6620863901239589e+00	8.9539527899519555e-01
683	6.1658853678791803e-01	1.6956638929547458e+00	8.9539527899519555e-01
684	6.2879821078371845e-01	1.7292413957855330e+00	8.9539527899519555e-01
685	6.4100788477951876e-01	1.7628188986163200e+00	8.9539527899519555e-01
686	6.5321755877531917e-01	1.7963964014471068e+00	8.9539527899519566e-01
687	6.6542723277111959e-01	1.8299739042778942e+00	8.9539527899519555e-01
688	6.7763690676691990e-01	1.8635514071086809e+00	8.9539527899519555e-01
689	6.8374174376482000e-01	1.8803401585240744e+00	8.9539527899519555e-01
690	2.8868894130261274e-01	9.5782740758711138e-01	9.0735010425288742e-01
691	2.9384410096873087e-01	9.7493146843688128e-01	9.0735010425288742e-01
692	3.0415442030096701e-01	1.0091395901364208e+00	9.0735010425288753e-01
693	3.1446473963320315e-01	1.0433477118359606e+00	9.0735010425288753e-01
694	3.2477505896543934e-01	1.0775558335355002e+00	9.0735010425288753e-01
695	3.3508537829767560e-01	1.1117639552350402e+00	9.0735010425288742e-01
696	3.4539569762991174e-01	1.1459720769345796e+00	9.0735010425288731e-01
697	3.5570601696214793e-01	1.1801801986341196e+00	9.0735010425288731e-01
698	3.6601633629438401e-01	1.2143883203336592e+00	9.0735010425288731e-01
699	3.7632665562662015e-01	1.2485964420331988e+00	9.0735010425288753e-01
700	3.8663697495885635e-01	1.2828045637327383e+00	9.0735010425288742e-01
701	3.9694729429109266e-01	1.3170126854322783e+00	9.0735010425288731e-01
702	4.0725761362332874e-01	1.3512208071318179e+00	9.0735010425288742e-01
703	4.1756793295556494e-01	1.3854289288313575e+00	9.0735010425288742e-01
704	4.2787825228780108e-01	1.4196370505308973e+00	9.0735010425288742e-01
705	4.3818857162003721e-01	1.4538451722304373e+00	9.0735010425288731e-01
706	4.4849889095227341e-01	1.4880532939299769e+00	9.0735010425288742e-01
707	4.5880921028450955e-01	1.5222614156295164e+00	9.0735010425288742e-01
708	4.6911952961674580e-01	1.5564695373290560e+00	9.0735010425288731e-01
709	4.7942984894898188e-01	1.5906776590285956e+00	9.0735010425288753e-01
710	4.8974016828121814e-01	1.6248857807281354e+00	9.0735010425288742e-01
711	5.0005048761345428e-01	1.6590939024276754e+00	9.0735010425288731e-01
712	5.1036080694569042e-01	1.6933020241272148e+00	9.0735010425288742e-01
713	5.2067112627792667e-01	1.7275101458267546e+00	9.0735010425288731e-01
714	5.3098144561016281e-01	1.7617182675262941e+00	9.0735010425288742e-01
715	5.4129176494239895e-01	1.7959263892258339e+00	9.0735010425288742e-01
716	5.5160208427463508e-01	1.8301345109253735e+00	9.0735010425288753e-01
717	5.6191240360687134e-01	1.8643426326249133e+00	9.0735010425288742e-01
718	5.7222272293910736e-01	1.8985507543244531e+00	9.0735010425288742e-01
719	5.7737788260522549e-01	1.9156548151742228e+00	9.0735010425288742e-01
720	2.3535818727708316e-01	9.7229558649554648e-01	9.2079928266779087e-01
721	2.3956101204988819e-01	9.8965800768296697e-01	9.2079928266779087e-01
722	2.4796666159549838e-01	1.0243828500578080e+00	9.2079928266779087e-01
723	2.5637231114110842e-01	1.0591076924326488e+00	9.2079928266779110e-01
724	2.6477796068671849e-01	1.0938325348074895e+00	9.2079928266779110e-01
725	2.7318361023232868e-01	1.1285573771823305e+00	9.2079928266779087e-01
726	2.8158925977793875e-01	1.1632822195571715e+00	9.2079928266779076e-01
727	2.8999490932354888e-01	1.1980070619320127e+00	9.2079928266779087e-01
728	2.9840055886915900e-01	1.2327319043068534e+00	9.2079928266779087e-01
729	3.0680620841476913e-01	1.2674567466816946e+00	9.2079928266779087e-01
730	3.1521185796037932e-01	1.3021815890565354e+00	9.2079928266779087e-01
731	3.2361750750598939e-01	1.3369064314313766e+00	9.2079928266779076e-01
732	3.3202315705159940e-01	1.3716312738062175e+00	9.2079928266779087e-01
733	3.4042880659720964e-01	1.4063561161810580e+00	9.2079928266779087e-01
734	3.4883445614281966e-01	1.4410809585558992e+00	9.2079928266779087e-01
735	3.5724010568842984e-01	1.4758058009307400e+00	9.2079928266779087e-01
736	3.6564575523403992e-01	1.5105306433055814e+00	9.2079928266779087e-01
737	3.7405140477965004e-01	1.5452554856804221e+00	9.2079928266779087e-01
738	3.8245705432526012e-01	1.5799803280552629e+00	9.2079928266779087e-01
739	3.9086270387087030e-01	1.6147051704301041e+00	9.2079928266779087e-01
740	3.9926835341648043e-01	1.6494300128049451e+00	9.2079928266779087e-01
741	4.0767400296209050e-01	1.6841548551797858e+00	9.2079928266779087e-01
742	4.1607965250770057e-01	1.7188796975546266e+00	9.2079928266779087e-01
743	4.2448530205331070e-01	1.7536045399294677e+00	9.2079928266779087e-01
744	4.3289095159892083e-01	1.7883293823043085e+00	9.2079928266779087e-01
745	4.4129660114453095e-01	1.8230542246791497e+00	9.2079928266779087e-01
746	4.4970225069014108e-01	1.8577790670539907e+00	9.2079928266779087e-01
747	4.5810790023575115e-01	1.8925039094288316e+00	9.2079928266779087e-01
748	4.6651354978136128e-01	1.9272287518036726e+00	9.2079928266779087e-01
749	4.7071637455416632e-01	1.9445911729910930e+00	9.2079928266779087e-01
750	1.8214052963833896e-01	9.8364281059276681e-01	9.3574281423990580e-01
751	1.8539303909616642e-01	1.0012078607819233e+00	9.3574281423990580e-01
752	1.9189805801182142e-01	1.0363379611602366e+00	9.3574281423990580e-01
753	1.9840307692747633e-01	1.0714680615385495e+00	9.3574281423990602e-01
754	2.0490809584313127e-01	1.1065981619168623e+00	9.3574281423990602e-01
755	2.1141311475878630e-01	1.1417282622951757e+00	9.3574281423990580e-01
756	2.1791813367444129e-01	1.1768583626734890e+00	9.3574281423990557e-01
757	2.2442315259009621e-01	1.2119884630518019e+00	9.3574281423990580e-01
758	2.3092817150575115e-01	1.2471185634301150e+00	9.3574281423990580e-01
759	2.3743319042140615e-01	1.2822486638084283e+00	9.3574281423990580e-01
760	2.4393820933706112e-01	1.3173787641867412e+00	9.3574281423990580e-01
761	2.5044322825271609e-01	1.3525088645650543e+00	9.3574281423990568e-01
762	2.5694824716837106e-01	1.3876389649433674e+00	9.3574281423990580e-01
763	2.6345326608402597e-01	1.4227690653216805e+00	9.3574281423990580e-01
764	2.6995828499968094e-01	1.4578991656999938e+00	9.3574281423990580e-01
765	2.7646330391533586e-01	1.4930292660783064e+00	9.3574281423990580e-01
766	2.8296832283099088e-01	1.5281593664566200e+00	9.3574281423990580e-01
767	2.8947334174664585e-01	1.5632894668349331e+00	9.3574281423990580e-01
768	2.9597836066230077e-01	1.5984195672132460e+00	9.3574281423990580e-01
769	3.0248337957795579e-01	1.6335496675915591e+00	9.3574281423990580e-01
770	3.0898839849361076e-01	1.6686797679698724e+00	9.3574281423990580e-01
771	3.1549341740926568e-01	1.7038098683481853e+00	9.3574281423990580e-01
772	3.2199843632492064e-01	1.7389399687264984e+00	9.3574281423990580e-01
773	3.2850345524057556e-01	1.7740700691048115e+00	9.3574281423990580e-01
774	3.3500847415623058e-01	1.8092001694831248e+00	9.3574281423990580e-01
775	3.4151349307188550e-01	1.8443302698614377e+00	9.3574281423990580e-01
776	3.4801851198754052e-01	1.8794603702397508e+00	9.3574281423990580e-01
777	3.5452353090319544e-01	1.9145904706180641e+00	9.3574281423990580e-01
778	3.6102854981885041e-01	1.9497205709963772e+00	9.3574281423990580e-01
779	3.6428105927667792e-01	1.9672856211855336e+00	9.3574281423990580e-01
780	1.2928120308406785e-01	9.9196259572077605e-01	9.5218069896923230e-01
781	1.3158979599628332e-01	1.0096762135015040e+00	9.5218069896923230e-01
782	1.3620698182071433e-01	1.0451034490629605e+00	9.5218069896923230e-01
783	1.4082416764514527e-01	1.0805306846244167e+00	9.5218069896923252e-01
784	1.4544135346957626e-01	1.1159579201858727e+00	9.5218069896923252e-01
785	1.5005853929400731e-01	1.1513851557473291e+00	9.5218069896923230e-01
786	1.5467572511843830e-01	1.1868123913087858e+00	9.5218069896923208e-01
787	1.5929291094286926e-01	1.2222396268702418e+00	9.5218069896923230e-01
788	1.6391009676730026e-01	1.2576668624316982e+00	9.5218069896923230e-01
789	1.6852728259173128e-01	1.2930940979931547e+00	9.5218069896923230e-01
790	1.7314446841616229e-01	1.3285213335546109e+00	9.5218069896923230e-01
791	1.7776165424059331e-01	1.3639485691160671e+00	9.5218069896923219e-01
792	1.8237884006502428e-01	1.3993758046775233e+00	9.5218069896923230e-01
793	1.8699602588945524e-01	1.4348030402389795e+00	9.5218069896923230e-01
794	1.9161321171388623e-01	1.4702302758004360e+00	9.5218069896923230e-01
795	1.9623039753831722e-01	1.5056575113618922e+00	9.5218069896923230e-01
796	2.0084758336274824e-01	1.5410847469233486e+00	9.5218069896923230e-01
797	2.0546476918717921e-01	1.5765119824848048e+00	9.5218069896923230e-01
798	2.1008195501161017e-01	1.6119392180462608e+00	9.5218069896923230e-01
799	2.1469914083604122e-01	1.6473664536077175e+00	9.5218069896923230e-01
800	2.1931632666047224e-01	1.6827936891691737e+00	9.5218069896923230e-01
801	2.2393351248490315e-01	1.7182209247306299e+00	9.5218069896923230e-01
802	2.2855069830933419e-01	1.7536481602920861e+00	9.5218069896923230e-01
803	2.3316788413376519e-01	1.7890753958535426e+00	9.5218069896923230e-01
804	2.3778506995819618e-01	1.8245026314149986e+00	9.5218069896923230e-01
805	2.4240225578262717e-01	1.8599298669764550e+00	9.5218069896923230e-01
806	2.4701944160705819e-01	1.8953571025379115e+00	9.5218069896923230e-01
807	2.5163662743148918e-01	1.9307843380993674e+00	9.5218069896923230e-01
808	2.5625381325592012e-01	1.9662115736608239e+00	9.5218069896923230e-01
809	2.5856240616813569e-01	1.9839251914415521e+00	9.5218069896923230e-01
810	7.7006264685624534e-02	9.9737038821847757e-01	9.7011293685577016e-01
811	7.8381376555010679e-02	1.0151805737223789e+00	9.7011293685577016e-01
812	8.1131600293783010e-02	1.0508009447301818e+00	9.7011293685577016e-01
813	8.3881824032555272e-02	1.0864213157379843e+00	9.7011293685577038e-01
814	8.6632047771327575e-02	1.1220416867457870e+00	9.7011293685577038e-01
815	8.9382271510099934e-02	1.1576620577535899e+00	9.7011293685577016e-01
816	9.2132495248872209e-02	1.1932824287613926e+00	9.7011293685576994e-01
817	9.4882718987644499e-02	1.2289027997691957e+00	9.7011293685577016e-01
818	9.7632942726416816e-02	1.2645231707769982e+00	9.7011293685577016e-01
819	1.0038316646518913e-01	1.3001435417848011e+00	9.7011293685577016e-01
820	1.0313339020396144e-01	1.3357639127926038e+00	9.7011293685577016e-01
821	1.0588361394273374e-01	1.3713842838004067e+00	9.7011293685577005e-01
822	1.0863383768150603e-01	1.4070046548082096e+00	9.7011293685577016e-01
823	1.1138406142027836e-01	1.4426250258160120e+00	9.7011293685577016e-01
824	1.1413428515905065e-01	1.4782453968238152e+00	9.7011293685577016e-01
825	1.1688450889782294e-01	1.5138657678316176e+00	9.7011293685577016e-01
826	1.1963473263659527e-01	1.5494861388394205e+00	9.7011293685577016e-01
827	1.2238495637536756e-01	1.5851065098472235e+00	9.7011293685577016e-01
828	1.2513518011413988e-01	1.6207268808550261e+00	9.7011293685577016e-01
829	1.2788540385291217e-01	1.6563472518628288e+00	9.7011293685577016e-01
830	1.3063562759168451e-01	1.6919676228706315e+00	9.7011293685577016e-01
831	1.3338585133045677e-01	1.7275879938784344e+00	9.7011293685577016e-01
832	1.3613607506922906e-01	1.7632083648862369e+00	9.7011293685577016e-01
833	1.3888629880800138e-01	1.7988287358940398e+00	9.7011293685577016e-01
834	1.4163652254677372e-01	1.8344491069018425e+00	9.7011293685577016e-01
835	1.4438674628554601e-01	1.8700694779096454e+00	9.7011293685577016e-01
836	1.4713697002431833e-01	1.9056898489174483e+00	9.7011293685577016e-01
837	1.4988719376309062e-01	1.9413102199252510e+00	9.7011293685577016e-01
838	1.5263741750186291e-01	1.9769305909330537e+00	9.7011293685577016e-01
839	1.5401252937124907e-01	1.9947407764369551e+00	9.7011293685577016e-01
840	2.5520772947202165e-02	1.0000000000000000e+00	9.8953952789951960e-01
841	2.5976501035545056e-02	1.0178571428571428e+00	9.8953952789951960e-01
842	2.6887957212230855e-02	1.0535714285714288e+00	9.8953952789951960e-01
843	2.7799413388916637e-02	1.0892857142857142e+00	9.8953952789951982e-01
844	2.8710869565602426e-02	1.1249999999999996e+00	9.8953952789951982e-01
845	2.9622325742288225e-02	1.1607142857142856e+00	9.8953952789951960e-01
846	3.0533781918974018e-02	1.1964285714285712e+00	9.8953952789951938e-01
847	3.1445238095659807e-02	1.2321428571428572e+00	9.8953952789951960e-01
848	3.2356694272345596e-02	1.2678571428571428e+00	9.8953952789951960e-01
849	3.3268150449031385e-02	1.3035714285714284e+00	9.8953952789951960e-01
850	3.4179606625717188e-02	1.3392857142857142e+00	9.8953952789951960e-01
851	3.5091062802402977e-02	1.3750000000000002e+00	9.8953952789951949e-01
852	3.6002518979088766e-02	1.4107142857142858e+00	9.8953952789951960e-01
853	3.6913975155774562e-02	1.4464285714285712e+00	9.8953952789951960e-01
854	3.7825431332460351e-02	1.4821428571428572e+00	9.8953952789951960e-01
855	3.8736887509146140e-02	1.5178571428571428e+00	9.8953952789951960e-01
856	3.9648343685831929e-02	1.5535714285714284e+00	9.8953952789951960e-01
857	4.0559799862517724e-02	1.5892857142857142e+00	9.8953952789951960e-01
858	4.1471256039203507e-02	1.6250000000000000e+00	9.8953952789951960e-01
859	4.2382712215889309e-02	1.6607142857142856e+00	9.8953952789951960e-01
860	4.3294168392575105e-02	1.6964285714285714e+00	9.8953952789951960e-01
861	4.4205624569260880e-02	1.7321428571428572e+00	9.8953952789951960e-01
862	4.5117080745946683e-02	1.7678571428571426e+00	9.8953952789951960e-01
863	4.6028536922632465e-02	1.8035714285714284e+00	9.8953952789951960e-01
864	4.6939993099318268e-02	1.8392857142857142e+00	9.8953952789951960e-01
865	4.7851449276004050e-02	1.8750000000000000e+00	9.8953952789951960e-01
866	4.8762905452689853e-02	1.9107142857142856e+00	9.8953952789951960e-01
867	4.9674361629375635e-02	1.9464285714285712e+00	9.8953952789951960e-01
868	5.0585817806061424e-02	1.9821428571428572e+00	9.8953952789951960e-01
869	5.1041545894404329e-02	2.0000000000000000e+00	9.8953952789951960e-01
870	0.0000000000000000e+00	1.0000000000000000e+00	1.0000000000000000e+00
871	0.0000000000000000e+00	1.0178571428571428e+00	1.0000000000000000e+00
872	0.0000000000000000e+00	1.0535714285714286e+00	1.0000000000000000e+00
873	0.0000000000000000e+00	1.0892857142857142e+00	1.0000000000000002e+00
874	0.0000000000000000e+00	1.1249999999999998e+00	1.0000000000000002e+00
875	0.0000000000000000e+00	1.1607142857142856e+00	1.0000000000000000e+00
876	0.0000000000000000e+00	1.1964285714285714e+00	9.9999999999999978e-01
877	0.0000000000000000e+00	1.2321428571428572e+00	1.0000000000000000e+00
878	0.0000000000000000e+00	1.2678571428571428e+00	1.0000000000000000e+00
879	0.0000000000000000e+00	1.3035714285714286e+00	1.0000000000000000e+00
880	0.0000000000000000e+00	1.3392857142857142e+00	1.0000000000000000e+00
881	0.0000000000000000e+00	1.3750000000000002e+00	9.9999999999999989e-01
882	0.0000000000000000e+00	1.4107142857142858e+00	1.0000000000000000e+00
883	0.0000000000000000e+00	1.4464285714285712e+00	1.0000000000000000e+00
884	0.0000000000000000e+00	1.4821428571428572e+00	1.0000000000000000e+00
885	0.0000000000000000e+00	1.5178571428571428e+00	1.0000000000000000e+00
886	0.0000000000000000e+00	1.5535714285714286e+00	1.0000000000000000e+00
887	0.0000000000000000e+00	1.5892857142857144e+00	1.0000000000000000e+00
888	0.0000000000000000e+00	1.6250000000000000e+00	1.0000000000000000e+00
889	0.0000000000000000e+00	1.6607142857142858e+00	1.0000000000000000e+00
890	0.0000000000000000e+00	1.6964285714285714e+00	1.0000000000000000e+00
891	0.0000000000000000e+00	1.7321428571428572e+00	1.0000000000000000e+00
892	0.0000000000000000e+00	1.7678571428571428e+00	1.0000000000000000e+00
893	0.0000000000000000e+00	1.8035714285714284e+00	1.0000000000000000e+00
894	0.0000000000000000e+00	1.8392857142857142e+00	1.0000000000000000e+00
895	0.0000000000000000e+00	1.8750000000000000e+00	1.0000000000000000e+00
896	0.0000000000000000e+00	1.9107142857142858e+00	1.0000000000000000e+00
897	0.0000000000000000e+00	1.9464285714285714e+00	1.0000000000000000e+00
898	0.0000000000000000e+00	1.9821428571428572e+00	1.0000000000000000e+00
899	0.0000000000000000e+00	2.0000000000000000e+00	1.0000000000000000e+00

0   1   0.0
1   1   0.0
2   1   0.0
3   1   0.0
4   1   0.0
5   1   0.0
6   1   0.0
7   1   0.0
8   1   0.0
9   1   0.0
10  1   0.0
11  1   0.0
12  1   0.0
13  1   0.0
14  1   0.0
15  1   0.0
16  1   0.0
17  1   0.0
18  1   0.0
19  1   0.0
20  1   0.0
21  1   0.0
22  1   0.0
23  1   0.0
24  1   0.0
25  1   0.0
26  1   0.0
27  1   0.0
28  1   0.0
29  1   0.0
59  1   0.0
89  1   0.0
119 1   0.0
149 1   0.0
179 1   0.0
209 1   0.0
239 1   0.0
269 1   0.0
299 1   0.0
329 1   0.0
359 1   0.0
389 1   0.0
419 1   0.0
449 1   0.0
479 1   0.0
509 1   0.0
539 1   0.0
569 1   0.0
599 1   0.0
629 1   0.0
659 1   0.0
689 1   0.0
719 1   0.0
749 1   0.0
779 1   0.0
809 1   0.0
839 1   0.0
869 1   0.0
899 1   0.0
29  0   0.0
59  0   0.0
89  0   0.0
119 0   0.0
149 0   0.0
179 0   0.0
209 0   0.0
239 0   0.0
269 0   0.0
299 0   0.0
329 0   0.0
359 0   0.0
389 0   0.0
419 0   0.0
449 0   0.0
479 0   0.0
509 0   0.0
539 0   0.0
569 0   0.0
599 0   0.0
629 0   0.0
659 0   0.0
689 0   0.0
719 0   0.0
749 0   0.0
779 0   0.0
809 0   0.0
839 0   0.0
869 0   0.0
870 0   0.0
871 0   0.0
872 0   0.0
873 0   0.0
874 0   0.0
875 0   0.0
876 0   0.0
877 0   0.0
878 0   0.0
879 0   0.0
880 0   0.0
881 0   0.0
882 0   0.0
883 0   0.0
884 0   0.0
885 0   0.0
886 0   0.0
887 0   0.0
888 0   0.0
889 0   0.0
890 0   0.0
891 0   0.0
892 0   0.0
893 0   0.0
894 0   0.0
895 0   0.0
896 0   0.0
897 0   0.0
898 0   0.0
899 0   0.0