2

4

1   1

4   4

2   2

0.0 0.0 1.0 1.0
0.0 0.0 1.0 1.0

0   0.0 0.0 1.0
1   10.0 0.0 1.0
2   0.0 10.0 1.0
3   10.0 10.0 1.0

2   2

0   0

7   7

1.25000000000000000000e-01  2.50000000000000000000e-01  3.75000000000000000000e-01  5.00000000000000000000e-01  6.25000000000000000000e-01  7.50000000000000000000e-01  8.75000000000000000000e-01
1.25000000000000000000e-01  2.50000000000000000000e-01  3.75000000000000000000e-01  5.00000000000000000000e-01  6.25000000000000000000e-01  7.50000000000000000000e-01  8.75000000000000000000e-01