order
2   2

knot vector length
15   15

number of control points
12   12

knot vector
0.000000000000000000000e+00   0.000000000000000000000e+00   0.000000000000000000000e+00   1.000000000000000055511e-01   2.000000000000000111022e-01   2.999999999999999888978e-01   4.000000000000000222045e-01   5.000000000000000000000e-01   5.999999999999999777955e-01   6.999999999999999555911e-01   8.000000000000000444089e-01   9.000000000000000222045e-01   1.000000000000000000000e+00   1.000000000000000000000e+00   1.000000000000000000000e+00
0.000000000000000000000e+00   0.000000000000000000000e+00   0.000000000000000000000e+00   1.000000000000000055511e-01   2.000000000000000111022e-01   2.999999999999999888978e-01   4.000000000000000222045e-01   5.000000000000000000000e-01   5.999999999999999777955e-01   6.999999999999999555911e-01   8.000000000000000444089e-01   9.000000000000000222045e-01   1.000000000000000000000e+00   1.000000000000000000000e+00   1.000000000000000000000e+00

control points
0   0.000000000000000000000e+00   0.000000000000000000000e+00   1.000000000000000000000e+00
1   5.000000000000000000000e-01   0.000000000000000000000e+00   1.000000000000000000000e+00
2   1.500000000000000000000e+00   0.000000000000000000000e+00   1.000000000000000000000e+00
3   2.500000000000000000000e+00   0.000000000000000000000e+00   1.000000000000000000000e+00
4   3.500000000000000444089e+00   0.000000000000000000000e+00   9.999999999999998889777e-01
5   4.500000000000000000000e+00   0.000000000000000000000e+00   1.000000000000000000000e+00
6   5.500000000000000000000e+00   0.000000000000000000000e+00   1.000000000000000000000e+00
7   6.500000000000000000000e+00   0.000000000000000000000e+00   1.000000000000000000000e+00
8   7.500000000000000000000e+00   0.000000000000000000000e+00   1.000000000000000000000e+00
9   8.500000000000000000000e+00   0.000000000000000000000e+00   1.000000000000000000000e+00
10   9.500000000000000000000e+00   0.000000000000000000000e+00   1.000000000000000000000e+00
11   1.000000000000000000000e+01   0.000000000000000000000e+00   1.000000000000000000000e+00
12   0.000000000000000000000e+00   5.000000000000000000000e-01   1.000000000000000000000e+00
13   5.000000000000000000000e-01   5.000000000000000000000e-01   1.000000000000000000000e+00
14   1.500000000000000000000e+00   5.000000000000000000000e-01   1.000000000000000000000e+00
15   2.500000000000000000000e+00   4.999999999999999444888e-01   1.000000000000000000000e+00
16   3.500000000000000444089e+00   5.000000000000001110223e-01   9.999999999999998889777e-01
17   4.500000000000000000000e+00   5.000000000000000000000e-01   1.000000000000000000000e+00
18   5.500000000000000000000e+00   5.000000000000000000000e-01   1.000000000000000000000e+00
19   6.500000000000000888178e+00   5.000000000000000000000e-01   1.000000000000000000000e+00
20   7.500000000000000000000e+00   5.000000000000000000000e-01   1.000000000000000000000e+00
21   8.500000000000000000000e+00   5.000000000000000000000e-01   1.000000000000000000000e+00
22   9.500000000000000000000e+00   5.000000000000000000000e-01   1.000000000000000000000e+00
23   1.000000000000000000000e+01   5.000000000000000000000e-01   1.000000000000000000000e+00
24   0.000000000000000000000e+00   1.500000000000000000000e+00   1.000000000000000000000e+00
25   5.000000000000000000000e-01   1.500000000000000000000e+00   1.000000000000000000000e+00
26   1.500000000000000222045e+00   1.500000000000000000000e+00   1.000000000000000000000e+00
27   2.500000000000000000000e+00   1.499999999999999777955e+00   1.000000000000000000000e+00
28   3.500000000000000444089e+00   1.500000000000000000000e+00   1.000000000000000000000e+00
29   4.500000000000000000000e+00   1.500000000000000000000e+00   1.000000000000000000000e+00
30   5.500000000000000888178e+00   1.500000000000000000000e+00   1.000000000000000000000e+00
31   6.500000000000000888178e+00   1.500000000000000000000e+00   1.000000000000000000000e+00
32   7.500000000000000888178e+00   1.500000000000000000000e+00   1.000000000000000000000e+00
33   8.500000000000001776357e+00   1.500000000000000000000e+00   1.000000000000000000000e+00
34   9.500000000000000000000e+00   1.500000000000000000000e+00   1.000000000000000000000e+00
35   1.000000000000000000000e+01   1.500000000000000000000e+00   1.000000000000000000000e+00
36   0.000000000000000000000e+00   2.500000000000000000000e+00   1.000000000000000000000e+00
37   5.000000000000000000000e-01   2.500000000000000000000e+00   1.000000000000000000000e+00
38   1.500000000000000000000e+00   2.500000000000000000000e+00   1.000000000000000000000e+00
39   2.499999999999999555911e+00   2.499999999999999555911e+00   1.000000000000000000000e+00
40   3.500000000000001332268e+00   2.500000000000000888178e+00   9.999999999999996669331e-01
41   4.500000000000000000000e+00   2.500000000000000000000e+00   1.000000000000000000000e+00
42   5.500000000000000000000e+00   2.500000000000000000000e+00   1.000000000000000000000e+00
43   6.499999999999999111822e+00   2.500000000000000000000e+00   1.000000000000000000000e+00
44   7.499999999999999111822e+00   2.500000000000000000000e+00   1.000000000000000000000e+00
45   8.500000000000000000000e+00   2.500000000000000000000e+00   1.000000000000000000000e+00
46   9.500000000000000000000e+00   2.500000000000000000000e+00   1.000000000000000000000e+00
47   9.999999999999998223643e+00   2.500000000000000000000e+00   1.000000000000000000000e+00
48   0.000000000000000000000e+00   3.500000000000000444089e+00   9.999999999999998889777e-01
49   5.000000000000000000000e-01   3.500000000000000444089e+00   9.999999999999998889777e-01
50   1.500000000000000000000e+00   3.500000000000000444089e+00   9.999999999999998889777e-01
51   2.500000000000000444089e+00   3.499999999999999555911e+00   9.999999999999998889777e-01
52   3.500000000000000444089e+00   3.500000000000000444089e+00   9.999999999999998889777e-01
53   4.500000000000000888178e+00   3.500000000000000444089e+00   9.999999999999998889777e-01
54   5.500000000000000888178e+00   3.500000000000000444089e+00   9.999999999999998889777e-01
55   6.500000000000000888178e+00   3.500000000000000444089e+00   9.999999999999998889777e-01
56   7.500000000000000888178e+00   3.500000000000000444089e+00   9.999999999999998889777e-01
57   8.500000000000001776357e+00   3.500000000000000444089e+00   9.999999999999998889777e-01
58   9.500000000000001776357e+00   3.500000000000000444089e+00   9.999999999999998889777e-01
59   1.000000000000000177636e+01   3.500000000000000444089e+00   9.999999999999998889777e-01
60   0.000000000000000000000e+00   4.500000000000000000000e+00   1.000000000000000000000e+00
61   5.000000000000000000000e-01   4.500000000000000000000e+00   1.000000000000000000000e+00
62   1.500000000000000000000e+00   4.500000000000000000000e+00   1.000000000000000000000e+00
63   2.500000000000000000000e+00   4.499999999999999111822e+00   1.000000000000000000000e+00
64   3.500000000000000888178e+00   4.500000000000000888178e+00   9.999999999999997779554e-01
65   4.500000000000000000000e+00   4.500000000000000000000e+00   1.000000000000000000000e+00
66   5.500000000000000000000e+00   4.500000000000000000000e+00   1.000000000000000000000e+00
67   6.500000000000000000000e+00   4.500000000000000000000e+00   1.000000000000000000000e+00
68   7.500000000000000000000e+00   4.500000000000000000000e+00   1.000000000000000000000e+00
69   8.500000000000000000000e+00   4.500000000000000000000e+00   1.000000000000000000000e+00
70   9.500000000000000000000e+00   4.500000000000000000000e+00   1.000000000000000000000e+00
71   1.000000000000000000000e+01   4.500000000000000000000e+00   1.000000000000000000000e+00
72   0.000000000000000000000e+00   5.500000000000000000000e+00   1.000000000000000000000e+00
73   5.000000000000000000000e-01   5.500000000000000000000e+00   1.000000000000000000000e+00
74   1.500000000000000000000e+00   5.500000000000000000000e+00   1.000000000000000000000e+00
75   2.500000000000000000000e+00   5.499999999999999111822e+00   1.000000000000000000000e+00
76   3.500000000000000444089e+00   5.500000000000000888178e+00   9.999999999999998889777e-01
77   4.500000000000000000000e+00   5.500000000000000000000e+00   1.000000000000000000000e+00
78   5.500000000000000000000e+00   5.500000000000000000000e+00   1.000000000000000000000e+00
79   6.500000000000000000000e+00   5.500000000000000000000e+00   1.000000000000000000000e+00
80   7.500000000000000000000e+00   5.500000000000000000000e+00   1.000000000000000000000e+00
81   8.500000000000000000000e+00   5.500000000000000000000e+00   1.000000000000000000000e+00
82   9.500000000000000000000e+00   5.500000000000000000000e+00   1.000000000000000000000e+00
83   1.000000000000000000000e+01   5.500000000000000000000e+00   1.000000000000000000000e+00
84   0.000000000000000000000e+00   6.500000000000000000000e+00   1.000000000000000000000e+00
85   5.000000000000000000000e-01   6.500000000000000000000e+00   1.000000000000000000000e+00
86   1.500000000000000000000e+00   6.500000000000000000000e+00   1.000000000000000000000e+00
87   2.500000000000000000000e+00   6.499999999999998223643e+00   1.000000000000000000000e+00
88   3.500000000000000444089e+00   6.500000000000000888178e+00   9.999999999999998889777e-01
89   4.500000000000000000000e+00   6.500000000000000000000e+00   1.000000000000000000000e+00
90   5.500000000000000000000e+00   6.500000000000000000000e+00   1.000000000000000000000e+00
91   6.500000000000000000000e+00   6.500000000000000000000e+00   1.000000000000000000000e+00
92   7.500000000000000000000e+00   6.500000000000000000000e+00   1.000000000000000000000e+00
93   8.500000000000000000000e+00   6.500000000000000000000e+00   1.000000000000000000000e+00
94   9.500000000000000000000e+00   6.500000000000000000000e+00   1.000000000000000000000e+00
95   1.000000000000000000000e+01   6.500000000000000000000e+00   1.000000000000000000000e+00
96   0.000000000000000000000e+00   7.500000000000000000000e+00   1.000000000000000000000e+00
97   5.000000000000000000000e-01   7.500000000000000000000e+00   1.000000000000000000000e+00
98   1.500000000000000000000e+00   7.500000000000000000000e+00   1.000000000000000000000e+00
99   2.500000000000000000000e+00   7.499999999999998223643e+00   1.000000000000000000000e+00
100   3.500000000000000888178e+00   7.500000000000001776357e+00   9.999999999999997779554e-01
101   4.500000000000000000000e+00   7.500000000000000000000e+00   1.000000000000000000000e+00
102   5.500000000000000000000e+00   7.500000000000000000000e+00   1.000000000000000000000e+00
103   6.500000000000000000000e+00   7.500000000000000000000e+00   1.000000000000000000000e+00
104   7.499999999999999111822e+00   7.500000000000000000000e+00   1.000000000000000000000e+00
105   8.500000000000000000000e+00   7.500000000000000000000e+00   1.000000000000000000000e+00
106   9.500000000000000000000e+00   7.500000000000000000000e+00   1.000000000000000000000e+00
107   1.000000000000000000000e+01   7.500000000000000000000e+00   1.000000000000000000000e+00
108   0.000000000000000000000e+00   8.500000000000000000000e+00   1.000000000000000000000e+00
109   5.000000000000000000000e-01   8.500000000000000000000e+00   1.000000000000000000000e+00
110   1.500000000000000000000e+00   8.500000000000000000000e+00   1.000000000000000000000e+00
111   2.500000000000000000000e+00   8.499999999999998223643e+00   1.000000000000000000000e+00
112   3.500000000000000888178e+00   8.500000000000001776357e+00   9.999999999999997779554e-01
113   4.500000000000000000000e+00   8.500000000000000000000e+00   1.000000000000000000000e+00
114   5.500000000000000000000e+00   8.500000000000000000000e+00   1.000000000000000000000e+00
115   6.500000000000000000000e+00   8.500000000000000000000e+00   1.000000000000000000000e+00
116   7.500000000000000000000e+00   8.500000000000000000000e+00   1.000000000000000000000e+00
117   8.500000000000000000000e+00   8.500000000000000000000e+00   1.000000000000000000000e+00
118   9.500000000000000000000e+00   8.500000000000000000000e+00   1.000000000000000000000e+00
119   1.000000000000000000000e+01   8.500000000000000000000e+00   1.000000000000000000000e+00
120   0.000000000000000000000e+00   9.500000000000000000000e+00   1.000000000000000000000e+00
121   5.000000000000000000000e-01   9.500000000000000000000e+00   1.000000000000000000000e+00
122   1.500000000000000000000e+00   9.500000000000000000000e+00   1.000000000000000000000e+00
123   2.500000000000000000000e+00   9.499999999999998223643e+00   1.000000000000000000000e+00
124   3.500000000000000444089e+00   9.500000000000001776357e+00   9.999999999999998889777e-01
125   4.500000000000000000000e+00   9.500000000000000000000e+00   1.000000000000000000000e+00
126   5.500000000000000000000e+00   9.500000000000000000000e+00   1.000000000000000000000e+00
127   6.500000000000000000000e+00   9.500000000000000000000e+00   1.000000000000000000000e+00
128   7.500000000000000000000e+00   9.500000000000000000000e+00   1.000000000000000000000e+00
129   8.500000000000000000000e+00   9.500000000000000000000e+00   1.000000000000000000000e+00
130   9.500000000000000000000e+00   9.500000000000000000000e+00   1.000000000000000000000e+00
131   1.000000000000000000000e+01   9.500000000000000000000e+00   1.000000000000000000000e+00
132   0.000000000000000000000e+00   1.000000000000000000000e+01   1.000000000000000000000e+00
133   5.000000000000000000000e-01   1.000000000000000000000e+01   1.000000000000000000000e+00
134   1.500000000000000000000e+00   1.000000000000000000000e+01   1.000000000000000000000e+00
135   2.500000000000000000000e+00   9.999999999999998223643e+00   1.000000000000000000000e+00
136   3.500000000000000444089e+00   1.000000000000000177636e+01   9.999999999999998889777e-01
137   4.500000000000000000000e+00   1.000000000000000000000e+01   1.000000000000000000000e+00
138   5.500000000000000000000e+00   1.000000000000000000000e+01   1.000000000000000000000e+00
139   6.500000000000000000000e+00   1.000000000000000000000e+01   1.000000000000000000000e+00
140   7.500000000000000000000e+00   1.000000000000000000000e+01   1.000000000000000000000e+00
141   8.500000000000000000000e+00   1.000000000000000000000e+01   1.000000000000000000000e+00
142   9.500000000000000000000e+00   1.000000000000000000000e+01   1.000000000000000000000e+00
143   1.000000000000000000000e+01   1.000000000000000000000e+01   1.000000000000000000000e+00

control points for python format
patchX = np.array(
   [[ 0.000000000000000000000e+00,   0.000000000000000000000e+00,   1.000000000000000000000e+00 ],
    [ 5.000000000000000000000e-01,   0.000000000000000000000e+00,   1.000000000000000000000e+00 ],
    [ 1.500000000000000000000e+00,   0.000000000000000000000e+00,   1.000000000000000000000e+00 ],
    [ 2.500000000000000000000e+00,   0.000000000000000000000e+00,   1.000000000000000000000e+00 ],
    [ 3.500000000000000444089e+00,   0.000000000000000000000e+00,   9.999999999999998889777e-01 ],
    [ 4.500000000000000000000e+00,   0.000000000000000000000e+00,   1.000000000000000000000e+00 ],
    [ 5.500000000000000000000e+00,   0.000000000000000000000e+00,   1.000000000000000000000e+00 ],
    [ 6.500000000000000000000e+00,   0.000000000000000000000e+00,   1.000000000000000000000e+00 ],
    [ 7.500000000000000000000e+00,   0.000000000000000000000e+00,   1.000000000000000000000e+00 ],
    [ 8.500000000000000000000e+00,   0.000000000000000000000e+00,   1.000000000000000000000e+00 ],
    [ 9.500000000000000000000e+00,   0.000000000000000000000e+00,   1.000000000000000000000e+00 ],
    [ 1.000000000000000000000e+01,   0.000000000000000000000e+00,   1.000000000000000000000e+00 ],
    [ 0.000000000000000000000e+00,   5.000000000000000000000e-01,   1.000000000000000000000e+00 ],
    [ 5.000000000000000000000e-01,   5.000000000000000000000e-01,   1.000000000000000000000e+00 ],
    [ 1.500000000000000000000e+00,   5.000000000000000000000e-01,   1.000000000000000000000e+00 ],
    [ 2.500000000000000000000e+00,   4.999999999999999444888e-01,   1.000000000000000000000e+00 ],
    [ 3.500000000000000444089e+00,   5.000000000000001110223e-01,   9.999999999999998889777e-01 ],
    [ 4.500000000000000000000e+00,   5.000000000000000000000e-01,   1.000000000000000000000e+00 ],
    [ 5.500000000000000000000e+00,   5.000000000000000000000e-01,   1.000000000000000000000e+00 ],
    [ 6.500000000000000888178e+00,   5.000000000000000000000e-01,   1.000000000000000000000e+00 ],
    [ 7.500000000000000000000e+00,   5.000000000000000000000e-01,   1.000000000000000000000e+00 ],
    [ 8.500000000000000000000e+00,   5.000000000000000000000e-01,   1.000000000000000000000e+00 ],
    [ 9.500000000000000000000e+00,   5.000000000000000000000e-01,   1.000000000000000000000e+00 ],
    [ 1.000000000000000000000e+01,   5.000000000000000000000e-01,   1.000000000000000000000e+00 ],
    [ 0.000000000000000000000e+00,   1.500000000000000000000e+00,   1.000000000000000000000e+00 ],
    [ 5.000000000000000000000e-01,   1.500000000000000000000e+00,   1.000000000000000000000e+00 ],
    [ 1.500000000000000222045e+00,   1.500000000000000000000e+00,   1.000000000000000000000e+00 ],
    [ 2.500000000000000000000e+00,   1.499999999999999777955e+00,   1.000000000000000000000e+00 ],
    [ 3.500000000000000444089e+00,   1.500000000000000000000e+00,   1.000000000000000000000e+00 ],
    [ 4.500000000000000000000e+00,   1.500000000000000000000e+00,   1.000000000000000000000e+00 ],
    [ 5.500000000000000888178e+00,   1.500000000000000000000e+00,   1.000000000000000000000e+00 ],
    [ 6.500000000000000888178e+00,   1.500000000000000000000e+00,   1.000000000000000000000e+00 ],
    [ 7.500000000000000888178e+00,   1.500000000000000000000e+00,   1.000000000000000000000e+00 ],
    [ 8.500000000000001776357e+00,   1.500000000000000000000e+00,   1.000000000000000000000e+00 ],
    [ 9.500000000000000000000e+00,   1.500000000000000000000e+00,   1.000000000000000000000e+00 ],
    [ 1.000000000000000000000e+01,   1.500000000000000000000e+00,   1.000000000000000000000e+00 ],
    [ 0.000000000000000000000e+00,   2.500000000000000000000e+00,   1.000000000000000000000e+00 ],
    [ 5.000000000000000000000e-01,   2.500000000000000000000e+00,   1.000000000000000000000e+00 ],
    [ 1.500000000000000000000e+00,   2.500000000000000000000e+00,   1.000000000000000000000e+00 ],
    [ 2.499999999999999555911e+00,   2.499999999999999555911e+00,   1.000000000000000000000e+00 ],
    [ 3.500000000000001332268e+00,   2.500000000000000888178e+00,   9.999999999999996669331e-01 ],
    [ 4.500000000000000000000e+00,   2.500000000000000000000e+00,   1.000000000000000000000e+00 ],
    [ 5.500000000000000000000e+00,   2.500000000000000000000e+00,   1.000000000000000000000e+00 ],
    [ 6.499999999999999111822e+00,   2.500000000000000000000e+00,   1.000000000000000000000e+00 ],
    [ 7.499999999999999111822e+00,   2.500000000000000000000e+00,   1.000000000000000000000e+00 ],
    [ 8.500000000000000000000e+00,   2.500000000000000000000e+00,   1.000000000000000000000e+00 ],
    [ 9.500000000000000000000e+00,   2.500000000000000000000e+00,   1.000000000000000000000e+00 ],
    [ 9.999999999999998223643e+00,   2.500000000000000000000e+00,   1.000000000000000000000e+00 ],
    [ 0.000000000000000000000e+00,   3.500000000000000444089e+00,   9.999999999999998889777e-01 ],
    [ 5.000000000000000000000e-01,   3.500000000000000444089e+00,   9.999999999999998889777e-01 ],
    [ 1.500000000000000000000e+00,   3.500000000000000444089e+00,   9.999999999999998889777e-01 ],
    [ 2.500000000000000444089e+00,   3.499999999999999555911e+00,   9.999999999999998889777e-01 ],
    [ 3.500000000000000444089e+00,   3.500000000000000444089e+00,   9.999999999999998889777e-01 ],
    [ 4.500000000000000888178e+00,   3.500000000000000444089e+00,   9.999999999999998889777e-01 ],
    [ 5.500000000000000888178e+00,   3.500000000000000444089e+00,   9.999999999999998889777e-01 ],
    [ 6.500000000000000888178e+00,   3.500000000000000444089e+00,   9.999999999999998889777e-01 ],
    [ 7.500000000000000888178e+00,   3.500000000000000444089e+00,   9.999999999999998889777e-01 ],
    [ 8.500000000000001776357e+00,   3.500000000000000444089e+00,   9.999999999999998889777e-01 ],
    [ 9.500000000000001776357e+00,   3.500000000000000444089e+00,   9.999999999999998889777e-01 ],
    [ 1.000000000000000177636e+01,   3.500000000000000444089e+00,   9.999999999999998889777e-01 ],
    [ 0.000000000000000000000e+00,   4.500000000000000000000e+00,   1.000000000000000000000e+00 ],
    [ 5.000000000000000000000e-01,   4.500000000000000000000e+00,   1.000000000000000000000e+00 ],
    [ 1.500000000000000000000e+00,   4.500000000000000000000e+00,   1.000000000000000000000e+00 ],
    [ 2.500000000000000000000e+00,   4.499999999999999111822e+00,   1.000000000000000000000e+00 ],
    [ 3.500000000000000888178e+00,   4.500000000000000888178e+00,   9.999999999999997779554e-01 ],
    [ 4.500000000000000000000e+00,   4.500000000000000000000e+00,   1.000000000000000000000e+00 ],
    [ 5.500000000000000000000e+00,   4.500000000000000000000e+00,   1.000000000000000000000e+00 ],
    [ 6.500000000000000000000e+00,   4.500000000000000000000e+00,   1.000000000000000000000e+00 ],
    [ 7.500000000000000000000e+00,   4.500000000000000000000e+00,   1.000000000000000000000e+00 ],
    [ 8.500000000000000000000e+00,   4.500000000000000000000e+00,   1.000000000000000000000e+00 ],
    [ 9.500000000000000000000e+00,   4.500000000000000000000e+00,   1.000000000000000000000e+00 ],
    [ 1.000000000000000000000e+01,   4.500000000000000000000e+00,   1.000000000000000000000e+00 ],
    [ 0.000000000000000000000e+00,   5.500000000000000000000e+00,   1.000000000000000000000e+00 ],
    [ 5.000000000000000000000e-01,   5.500000000000000000000e+00,   1.000000000000000000000e+00 ],
    [ 1.500000000000000000000e+00,   5.500000000000000000000e+00,   1.000000000000000000000e+00 ],
    [ 2.500000000000000000000e+00,   5.499999999999999111822e+00,   1.000000000000000000000e+00 ],
    [ 3.500000000000000444089e+00,   5.500000000000000888178e+00,   9.999999999999998889777e-01 ],
    [ 4.500000000000000000000e+00,   5.500000000000000000000e+00,   1.000000000000000000000e+00 ],
    [ 5.500000000000000000000e+00,   5.500000000000000000000e+00,   1.000000000000000000000e+00 ],
    [ 6.500000000000000000000e+00,   5.500000000000000000000e+00,   1.000000000000000000000e+00 ],
    [ 7.500000000000000000000e+00,   5.500000000000000000000e+00,   1.000000000000000000000e+00 ],
    [ 8.500000000000000000000e+00,   5.500000000000000000000e+00,   1.000000000000000000000e+00 ],
    [ 9.500000000000000000000e+00,   5.500000000000000000000e+00,   1.000000000000000000000e+00 ],
    [ 1.000000000000000000000e+01,   5.500000000000000000000e+00,   1.000000000000000000000e+00 ],
    [ 0.000000000000000000000e+00,   6.500000000000000000000e+00,   1.000000000000000000000e+00 ],
    [ 5.000000000000000000000e-01,   6.500000000000000000000e+00,   1.000000000000000000000e+00 ],
    [ 1.500000000000000000000e+00,   6.500000000000000000000e+00,   1.000000000000000000000e+00 ],
    [ 2.500000000000000000000e+00,   6.499999999999998223643e+00,   1.000000000000000000000e+00 ],
    [ 3.500000000000000444089e+00,   6.500000000000000888178e+00,   9.999999999999998889777e-01 ],
    [ 4.500000000000000000000e+00,   6.500000000000000000000e+00,   1.000000000000000000000e+00 ],
    [ 5.500000000000000000000e+00,   6.500000000000000000000e+00,   1.000000000000000000000e+00 ],
    [ 6.500000000000000000000e+00,   6.500000000000000000000e+00,   1.000000000000000000000e+00 ],
    [ 7.500000000000000000000e+00,   6.500000000000000000000e+00,   1.000000000000000000000e+00 ],
    [ 8.500000000000000000000e+00,   6.500000000000000000000e+00,   1.000000000000000000000e+00 ],
    [ 9.500000000000000000000e+00,   6.500000000000000000000e+00,   1.000000000000000000000e+00 ],
    [ 1.000000000000000000000e+01,   6.500000000000000000000e+00,   1.000000000000000000000e+00 ],
    [ 0.000000000000000000000e+00,   7.500000000000000000000e+00,   1.000000000000000000000e+00 ],
    [ 5.000000000000000000000e-01,   7.500000000000000000000e+00,   1.000000000000000000000e+00 ],
    [ 1.500000000000000000000e+00,   7.500000000000000000000e+00,   1.000000000000000000000e+00 ],
    [ 2.500000000000000000000e+00,   7.499999999999998223643e+00,   1.000000000000000000000e+00 ],
    [ 3.500000000000000888178e+00,   7.500000000000001776357e+00,   9.999999999999997779554e-01 ],
    [ 4.500000000000000000000e+00,   7.500000000000000000000e+00,   1.000000000000000000000e+00 ],
    [ 5.500000000000000000000e+00,   7.500000000000000000000e+00,   1.000000000000000000000e+00 ],
    [ 6.500000000000000000000e+00,   7.500000000000000000000e+00,   1.000000000000000000000e+00 ],
    [ 7.499999999999999111822e+00,   7.500000000000000000000e+00,   1.000000000000000000000e+00 ],
    [ 8.500000000000000000000e+00,   7.500000000000000000000e+00,   1.000000000000000000000e+00 ],
    [ 9.500000000000000000000e+00,   7.500000000000000000000e+00,   1.000000000000000000000e+00 ],
    [ 1.000000000000000000000e+01,   7.500000000000000000000e+00,   1.000000000000000000000e+00 ],
    [ 0.000000000000000000000e+00,   8.500000000000000000000e+00,   1.000000000000000000000e+00 ],
    [ 5.000000000000000000000e-01,   8.500000000000000000000e+00,   1.000000000000000000000e+00 ],
    [ 1.500000000000000000000e+00,   8.500000000000000000000e+00,   1.000000000000000000000e+00 ],
    [ 2.500000000000000000000e+00,   8.499999999999998223643e+00,   1.000000000000000000000e+00 ],
    [ 3.500000000000000888178e+00,   8.500000000000001776357e+00,   9.999999999999997779554e-01 ],
    [ 4.500000000000000000000e+00,   8.500000000000000000000e+00,   1.000000000000000000000e+00 ],
    [ 5.500000000000000000000e+00,   8.500000000000000000000e+00,   1.000000000000000000000e+00 ],
    [ 6.500000000000000000000e+00,   8.500000000000000000000e+00,   1.000000000000000000000e+00 ],
    [ 7.500000000000000000000e+00,   8.500000000000000000000e+00,   1.000000000000000000000e+00 ],
    [ 8.500000000000000000000e+00,   8.500000000000000000000e+00,   1.000000000000000000000e+00 ],
    [ 9.500000000000000000000e+00,   8.500000000000000000000e+00,   1.000000000000000000000e+00 ],
    [ 1.000000000000000000000e+01,   8.500000000000000000000e+00,   1.000000000000000000000e+00 ],
    [ 0.000000000000000000000e+00,   9.500000000000000000000e+00,   1.000000000000000000000e+00 ],
    [ 5.000000000000000000000e-01,   9.500000000000000000000e+00,   1.000000000000000000000e+00 ],
    [ 1.500000000000000000000e+00,   9.500000000000000000000e+00,   1.000000000000000000000e+00 ],
    [ 2.500000000000000000000e+00,   9.499999999999998223643e+00,   1.000000000000000000000e+00 ],
    [ 3.500000000000000444089e+00,   9.500000000000001776357e+00,   9.999999999999998889777e-01 ],
    [ 4.500000000000000000000e+00,   9.500000000000000000000e+00,   1.000000000000000000000e+00 ],
    [ 5.500000000000000000000e+00,   9.500000000000000000000e+00,   1.000000000000000000000e+00 ],
    [ 6.500000000000000000000e+00,   9.500000000000000000000e+00,   1.000000000000000000000e+00 ],
    [ 7.500000000000000000000e+00,   9.500000000000000000000e+00,   1.000000000000000000000e+00 ],
    [ 8.500000000000000000000e+00,   9.500000000000000000000e+00,   1.000000000000000000000e+00 ],
    [ 9.500000000000000000000e+00,   9.500000000000000000000e+00,   1.000000000000000000000e+00 ],
    [ 1.000000000000000000000e+01,   9.500000000000000000000e+00,   1.000000000000000000000e+00 ],
    [ 0.000000000000000000000e+00,   1.000000000000000000000e+01,   1.000000000000000000000e+00 ],
    [ 5.000000000000000000000e-01,   1.000000000000000000000e+01,   1.000000000000000000000e+00 ],
    [ 1.500000000000000000000e+00,   1.000000000000000000000e+01,   1.000000000000000000000e+00 ],
    [ 2.500000000000000000000e+00,   9.999999999999998223643e+00,   1.000000000000000000000e+00 ],
    [ 3.500000000000000444089e+00,   1.000000000000000177636e+01,   9.999999999999998889777e-01 ],
    [ 4.500000000000000000000e+00,   1.000000000000000000000e+01,   1.000000000000000000000e+00 ],
    [ 5.500000000000000000000e+00,   1.000000000000000000000e+01,   1.000000000000000000000e+00 ],
    [ 6.500000000000000000000e+00,   1.000000000000000000000e+01,   1.000000000000000000000e+00 ],
    [ 7.500000000000000000000e+00,   1.000000000000000000000e+01,   1.000000000000000000000e+00 ],
    [ 8.500000000000000000000e+00,   1.000000000000000000000e+01,   1.000000000000000000000e+00 ],
    [ 9.500000000000000000000e+00,   1.000000000000000000000e+01,   1.000000000000000000000e+00 ],
    [ 1.000000000000000000000e+01,   1.000000000000000000000e+01,   1.000000000000000000000e+00 ]])