1000.000	0.300000

1

100

2	2

13	13

10	10

0	1	2	3	4	5	6	7	8	9	10	11	12	13	14	15	16	17	18	19	20	21	22	23	24	25	26	27	28	29	30	31	32	33	34	35	36	37	38	39	40	41	42	43	44	45	46	47	48	49	50	51	52	53	54	55	56	57	58	59	60	61	62	63	64	65	66	67	68	69	70	71	72	73	74	75	76	77	78	79	80	81	82	83	84	85	86	87	88	89	90	91	92	93	94	95	96	97	98	99	

38	0	0

0.00000	0.00000	0.00000	0.12500	0.25000	0.37500	0.50000	0.62500	0.75000	0.87500	1.00000	1.00000	1.00000	
0.00000	0.00000	0.00000	0.12500	0.25000	0.37500	0.50000	0.62500	0.75000	0.87500	1.00000	1.00000	1.00000	

0	1.0000000000	0.0000000000	1.0000000000	
1	1.0625000000	0.0000000000	1.0000000000	
2	1.1875000000	0.0000000000	1.0000000000	
3	1.3125000000	0.0000000000	1.0000000000	
4	1.4375000000	0.0000000000	1.0000000000	
5	1.5625000000	0.0000000000	1.0000000000	
6	1.6875000000	0.0000000000	1.0000000000	
7	1.8125000000	0.0000000000	1.0000000000	
8	1.9375000000	0.0000000000	1.0000000000	
9	2.0000000000	0.0000000000	1.0000000000	
10	1.0000000000	0.0917473705	0.9633883476	
11	1.0625000000	0.0974815811	0.9633883476	
12	1.1875000000	0.1089500024	0.9633883476	
13	1.3125000000	0.1204184238	0.9633883476	
14	1.4375000000	0.1318868451	0.9633883476	
15	1.5625000000	0.1433552664	0.9633883476	
16	1.6875000000	0.1548236877	0.9633883476	
17	1.8125000000	0.1662921090	0.9633883476	
18	1.9375000000	0.1777605303	0.9633883476	
19	2.0000000000	0.1834947410	0.9633883476	
20	0.9656015387	0.2776323135	0.9084708691	
21	1.0259516349	0.2949843331	0.9084708691	
22	1.1466518273	0.3296883723	0.9084708691	
23	1.2673520196	0.3643924114	0.9084708691	
24	1.3880522119	0.3990964506	0.9084708691	
25	1.5087524043	0.4338004898	0.9084708691	
26	1.6294525966	0.4685045290	0.9084708691	
27	1.7501527890	0.5032085682	0.9084708691	
28	1.8708529813	0.5379126074	0.9084708691	
29	1.9312030775	0.5552646270	0.9084708691	
30	0.8924711717	0.4623558586	0.8718592168	
31	0.9482506200	0.4912530998	0.8718592168	
32	1.0598095164	0.5490475821	0.8718592168	
33	1.1713684129	0.6068420644	0.8718592168	
34	1.2829273094	0.6646365468	0.8718592168	
35	1.3944862058	0.7224310291	0.8718592168	
36	1.5060451023	0.7802255114	0.8718592168	
37	1.6176039988	0.8380199938	0.8718592168	
38	1.7291628952	0.8958144761	0.8718592168	
39	1.7849423434	0.9247117172	0.8718592168	
40	0.7803300859	0.6338834765	0.8535533906	
41	0.8291007163	0.6735011938	0.8535533906	
42	0.9266419770	0.7527366283	0.8535533906	
43	1.0241832377	0.8319720629	0.8535533906	
44	1.1217244985	0.9112074974	0.8535533906	
45	1.2192657592	0.9904429320	0.8535533906	
46	1.3168070199	1.0696783666	0.8535533906	
47	1.4143482807	1.1489138011	0.8535533906	
48	1.5118895414	1.2281492357	0.8535533906	
49	1.5606601718	1.2677669530	0.8535533906	
50	0.6338834765	0.7803300859	0.8535533906	
51	0.6735011938	0.8291007163	0.8535533906	
52	0.7527366283	0.9266419770	0.8535533906	
53	0.8319720629	1.0241832377	0.8535533906	
54	0.9112074974	1.1217244985	0.8535533906	
55	0.9904429320	1.2192657592	0.8535533906	
56	1.0696783666	1.3168070199	0.8535533906	
57	1.1489138011	1.4143482807	0.8535533906	
58	1.2281492357	1.5118895414	0.8535533906	
59	1.2677669530	1.5606601718	0.8535533906	
60	0.4623558586	0.8924711717	0.8718592168	
61	0.4912530998	0.9482506200	0.8718592168	
62	0.5490475821	1.0598095164	0.8718592168	
63	0.6068420644	1.1713684129	0.8718592168	
64	0.6646365468	1.2829273094	0.8718592168	
65	0.7224310291	1.3944862058	0.8718592168	
66	0.7802255114	1.5060451023	0.8718592168	
67	0.8380199938	1.6176039988	0.8718592168	
68	0.8958144761	1.7291628952	0.8718592168	
69	0.9247117172	1.7849423434	0.8718592168	
70	0.2776323135	0.9656015387	0.9084708691	
71	0.2949843331	1.0259516349	0.9084708691	
72	0.3296883723	1.1466518273	0.9084708691	
73	0.3643924114	1.2673520196	0.9084708691	
74	0.3990964506	1.3880522119	0.9084708691	
75	0.4338004898	1.5087524043	0.9084708691	
76	0.4685045290	1.6294525966	0.9084708691	
77	0.5032085682	1.7501527890	0.9084708691	
78	0.5379126074	1.8708529813	0.9084708691	
79	0.5552646270	1.9312030775	0.9084708691	
80	0.0917473705	1.0000000000	0.9633883476	
81	0.0974815811	1.0625000000	0.9633883476	
82	0.1089500024	1.1875000000	0.9633883476	
83	0.1204184238	1.3125000000	0.9633883476	
84	0.1318868451	1.4375000000	0.9633883476	
85	0.1433552664	1.5625000000	0.9633883476	
86	0.1548236877	1.6875000000	0.9633883476	
87	0.1662921090	1.8125000000	0.9633883476	
88	0.1777605303	1.9375000000	0.9633883476	
89	0.1834947410	2.0000000000	0.9633883476	
90	0.0000000000	1.0000000000	1.0000000000	
91	0.0000000000	1.0625000000	1.0000000000	
92	0.0000000000	1.1875000000	1.0000000000	
93	0.0000000000	1.3125000000	1.0000000000	
94	0.0000000000	1.4375000000	1.0000000000	
95	0.0000000000	1.5625000000	1.0000000000	
96	0.0000000000	1.6875000000	1.0000000000	
97	0.0000000000	1.8125000000	1.0000000000	
98	0.0000000000	1.9375000000	1.0000000000	
99	0.0000000000	2.0000000000	1.0000000000	

0	1	0.0000000000
1	1	0.0000000000
2	1	0.0000000000
3	1	0.0000000000
4	1	0.0000000000
5	1	0.0000000000
6	1	0.0000000000
7	1	0.0000000000
8	1	0.0000000000
9	1	0.0000000000
19	1	0.0000000000
29	1	0.0000000000
39	1	0.0000000000
49	1	0.0000000000
59	1	0.0000000000
69	1	0.0000000000
79	1	0.0000000000
89	1	0.0000000000
99	1	0.0000000000
9	0	0.0000000000
19	0	0.0000000000
29	0	0.0000000000
39	0	0.0000000000
49	0	0.0000000000
59	0	0.0000000000
69	0	0.0000000000
79	0	0.0000000000
89	0	0.0000000000
90	0	0.0000000000
91	0	0.0000000000
92	0	0.0000000000
93	0	0.0000000000
94	0	0.0000000000
95	0	0.0000000000
96	0	0.0000000000
97	0	0.0000000000
98	0	0.0000000000
99	0	0.0000000000


