1000.000	0.300000

2

32

2	2
3	3

7	7
8	8

4	4
4	4

0	1	2	3	4	5	6	7	8	9	10	11	12	13	14	15	
16	17	18	19	20	21	22	23	24	25	26	27	28	29	30	31	

22	0	1

0.00000	0.00000	0.00000	0.50000	1.00000	1.00000	1.00000	
0.00000	0.00000	0.00000	0.50000	1.00000	1.00000	1.00000	
0.00000	0.00000	0.00000	0.00000	1.00000	1.00000	1.00000	1.00000	
0.00000	0.00000	0.00000	0.00000	1.00000	1.00000	1.00000	1.00000	

0	0.0000000000	0.0000000000	1.0000000000	
1	12.5000000000	0.0000000000	1.0000000000	
2	37.5000000000	0.0000000000	1.0000000000	
3	50.0000000000	0.0000000000	1.0000000000	
4	0.0000000000	12.5000000000	1.0000000000	
5	12.5000000000	12.5000000000	1.0000000000	
6	37.5000000000	12.5000000000	1.0000000000	
7	50.0000000000	12.5000000000	1.0000000000	
8	0.0000000000	37.5000000000	1.0000000000	
9	12.5000000000	37.5000000000	1.0000000000	
10	37.5000000000	37.5000000000	1.0000000000	
11	50.0000000000	37.5000000000	1.0000000000	
12	0.0000000000	50.0000000000	1.0000000000	
13	12.5000000000	50.0000000000	1.0000000000	
14	37.5000000000	50.0000000000	1.0000000000	
15	50.0000000000	50.0000000000	1.0000000000	
16	1.0000000000	0.0000000000	1.0000000000	
17	1.3333333333	0.0000000000	1.0000000000	
18	1.6666666667	0.0000000000	1.0000000000	
19	2.0000000000	0.0000000000	1.0000000000	
20	1.0000000000	0.6666666667	0.8047378541	
21	1.3333333333	0.8888888889	0.8047378541	
22	1.6666666667	1.1111111111	0.8047378541	
23	2.0000000000	1.3333333333	0.8047378541	
24	0.6666666667	1.0000000000	0.8047378541	
25	0.8888888889	1.3333333333	0.8047378541	
26	1.1111111111	1.6666666667	0.8047378541	
27	1.3333333333	2.0000000000	0.8047378541	
28	0.0000000000	1.0000000000	1.0000000000	
29	0.0000000000	1.3333333333	1.0000000000	
30	0.0000000000	1.6666666667	1.0000000000	
31	0.0000000000	2.0000000000	1.0000000000	

0	1	0.0000000000
1	1	0.0000000000
2	1	0.0000000000
3	1	0.0000000000
0	0	0.0000000000
4	0	0.0000000000
8	0	0.0000000000
12	0	0.0000000000
16	1	0.0000000000
17	1	0.0000000000
18	1	0.0000000000
19	1	0.0000000000
23	1	0.0000000000
27	1	0.0000000000
31	1	0.0000000000
19	0	0.0000000000
23	0	0.0000000000
27	0	0.0000000000
28	0	0.0000000000
29	0	0.0000000000
30	0	0.0000000000
31	0	0.0000000000


1	0	0	1.0000000000	0.0000000000	1.0000000000	10.0000000000	0.0000000000	0.0000000000
