patch_n	x	y	disp_x	disp_y
1	 1.000000000000000e+00	 0.000000000000000e+00	 3.205462028800000e-02	 0.000000000000000e+00
1	 9.912986155434784e-01	 1.616159745732811e-01	 1.576511551341763e-04	-1.070299900726846e-02
1	 9.627578359319051e-01	 3.213902970044761e-01	-1.885664584539047e-02	-1.128067127539797e-02
1	 9.114027055620503e-01	 4.739972240692440e-01	-2.596354190963980e-02	-3.818821207585163e-03
1	 8.356376726835349e-01	 6.138260360607587e-01	-2.327179072568203e-02	 8.597949450340219e-03
1	 7.357022604052107e-01	 7.357022604052107e-01	-1.392865450822839e-02	 2.213824529095784e-02
1	 6.138260360607587e-01	 8.356376726835351e-01	-1.797037055048672e-03	 3.266981466083198e-02
1	 4.739972240692440e-01	 9.114027055620502e-01	 9.036664423932776e-03	 3.630152430735444e-02
1	 3.213902970044762e-01	 9.627578359319051e-01	 1.479804223014915e-02	 2.987858673067807e-02
1	 1.616159745732812e-01	 9.912986155434783e-01	 1.246254357012518e-02	 1.130444171341243e-02
1	 0.000000000000000e+00	 1.000000000000000e+00	 0.000000000000000e+00	-2.036857872000000e-02
1	 1.099999999992800e+00	 0.000000000000000e+00	 1.316501264450847e-02	 0.000000000000000e+00
1	 1.090428477090570e+00	 1.777775720283720e-01	-2.930785017773462e-03	-3.871467301316185e-03
1	 1.059033619517721e+00	 3.535293267008367e-01	-1.249535250506025e-02	-2.736488676943157e-03
1	 1.002542976110792e+00	 5.213969464706515e-01	-1.600097342051741e-02	 2.317214549501521e-03
1	 9.192014399444698e-01	 6.752086396603115e-01	-1.449276328423623e-02	 9.703451401001494e-03
1	 8.092724864385961e-01	 8.092724864385961e-01	-9.543495380286040e-03	 1.746973503726278e-02
1	 6.752086396603115e-01	 9.192014399444698e-01	-3.093141490385049e-03	 2.352598223074447e-02
1	 5.213969464706515e-01	 1.002542976110792e+00	 2.798027023652394e-03	 2.591912345162710e-02
1	 3.535293267008368e-01	 1.059033619517720e+00	 6.219661988125859e-03	 2.308115412617693e-02
1	 1.777775720283722e-01	 1.090428477090570e+00	 5.633693315360545e-03	 1.398735198525481e-02
1	 0.000000000000000e+00	 1.099999999992800e+00	 0.000000000000000e+00	-1.803217521266493e-03
1	 1.199999999990400e+00	 0.000000000000000e+00	 8.536555187579464e-04	 0.000000000000000e+00
1	 1.189558338642345e+00	 1.939391694835782e-01	-5.034197314771293e-03	 4.606081134066562e-04
1	 1.155309403107884e+00	 3.856683563976489e-01	-8.469250770412910e-03	 2.656035646103150e-03
1	 1.093683246663352e+00	 5.687966688730389e-01	-9.604933122555073e-03	 6.141385523910441e-03
1	 1.002765207208552e+00	 7.365912432615163e-01	-8.807832527097173e-03	 1.029346702478512e-02
1	 8.828427124743817e-01	 8.828427124743817e-01	-6.643945431963859e-03	 1.436571985552588e-02
1	 7.365912432615164e-01	 1.002765207208552e+00	-3.821902424134044e-03	 1.757735265394723e-02
1	 5.687966688730389e-01	 1.093683246663352e+00	-1.103065528361273e-03	 1.921649376605579e-02
1	 3.856683563976489e-01	 1.155309403107884e+00	 7.985955976206982e-04	 1.872998890196671e-02
1	 1.939391694835783e-01	 1.189558338642345e+00	 1.300402824707375e-03	 1.577710107599175e-02
1	 0.000000000000000e+00	 1.199999999990400e+00	 0.000000000000000e+00	 1.023833848311137e-02
1	 1.299999999991600e+00	 0.000000000000000e+00	-6.105170929246785e-03	 0.000000000000000e+00
1	 1.288688200197635e+00	 2.101007669388708e-01	-6.331207789755910e-03	 2.775252466764379e-03
1	 1.251585186701310e+00	 4.178073860947996e-01	-6.339008230620721e-03	 5.510141723130565e-03
1	 1.184823517218778e+00	 6.161963912761617e-01	-6.111822108328792e-03	 8.113952332695743e-03
1	 1.086328974474996e+00	 7.979738468639600e-01	-5.649364452846726e-03	 1.049184237328915e-02
1	 9.564129385119675e-01	 9.564129385119674e-01	-4.970671743197626e-03	 1.255712596072635e-02
1	 7.979738468639601e-01	 1.086328974474996e+00	-4.113477799392697e-03	 1.424390008741111e-02
1	 6.161963912761619e-01	 1.184823517218778e+00	-3.129797702227238e-03	 1.551652811537246e-02
1	 4.178073860947996e-01	 1.251585186701309e+00	-2.078747114077310e-03	 1.637326708467128e-02
1	 2.101007669388709e-01	 1.288688200197635e+00	-1.018580330257789e-03	 1.684335016785583e-02
1	 0.000000000000000e+00	 1.299999999991600e+00	 0.000000000000000e+00	 1.697904367312243e-02
1	 1.399999999995200e+00	 0.000000000000000e+00	-8.937186539501023e-03	 0.000000000000000e+00
1	 1.387818061755268e+00	 2.262623643942209e-01	-7.000438496473932e-03	 3.554490988086825e-03
1	 1.347860970296909e+00	 4.499464157921760e-01	-5.665292474296487e-03	 6.439069581535122e-03
1	 1.275963787776113e+00	 6.635961136797749e-01	-4.858041469323835e-03	 8.695175589025536e-03
1	 1.169892741743014e+00	 8.593564504672295e-01	-4.449725058529084e-03	 1.042242349263318e-02
1	 1.029983164550753e+00	 1.029983164550753e+00	-4.264341392211060e-03	 1.177487956174355e-02
1	 8.593564504672296e-01	 1.169892741743014e+00	-4.098025557720340e-03	 1.294559868262852e-02
1	 6.635961136797748e-01	 1.275963787776113e+00	-3.745353966973786e-03	 1.414211936042305e-02
1	 4.499464157921761e-01	 1.347860970296909e+00	-3.025956319119552e-03	 1.555916469892113e-02
1	 2.262623643942211e-01	 1.387818061755268e+00	-1.804508577808397e-03	 1.735576044254534e-02
1	 0.000000000000000e+00	 1.399999999995200e+00	 0.000000000000000e+00	 1.964185242875569e-02
1	 1.500000000000000e+00	 0.000000000000000e+00	-8.868111151999994e-03	 0.000000000000000e+00
1	 1.486947923314071e+00	 2.424239618495998e-01	-7.220511488521918e-03	 3.280348906169538e-03
1	 1.444136753893595e+00	 4.820854454896653e-01	-6.008771089493423e-03	 6.056059246719453e-03
1	 1.367104058334404e+00	 7.109958360836326e-01	-5.179992295934827e-03	 8.345315902182144e-03
1	 1.253456509011819e+00	 9.207390540709121e-01	-4.641280339650856e-03	 1.020905642345870e-02
1	 1.103553390590138e+00	 1.103553390590138e+00	-4.265621455515729e-03	 1.174990686135683e-02
1	 9.207390540709122e-01	 1.253456509011819e+00	-3.905703639138760e-03	 1.310242258561375e-02
1	 7.109958360836325e-01	 1.367104058334404e+00	-3.412918790538557e-03	 1.441616035816768e-02
1	 4.820854454896656e-01	 1.444136753893595e+00	-2.656622189097941e-03	 1.583585776735316e-02
1	 2.424239618496000e-01	 1.486947923314071e+00	-1.538634346067953e-03	 1.748399308122391e-02
1	 0.000000000000000e+00	 1.500000000000000e+00	 0.000000000000000e+00	 1.944971912999999e-02
1	 1.600000000004800e+00	 0.000000000000000e+00	-7.123664606738970e-03	 0.000000000000000e+00
1	 1.586077784872874e+00	 2.585855593049787e-01	-7.170048819346506e-03	 2.434851449273467e-03
1	 1.540412537490282e+00	 5.142244751871549e-01	-6.930111663705279e-03	 4.974350742092615e-03
1	 1.458244328892694e+00	 7.583955584874905e-01	-6.414075677465688e-03	 7.524633877561867e-03
1	 1.337020276280623e+00	 9.821216576745947e-01	-5.656396290180953e-03	 9.975587200928785e-03
1	 1.177123616629524e+00	 1.177123616629524e+00	-4.715179007911042e-03	 1.221313405624549e-02
1	 9.821216576745948e-01	 1.337020276280624e+00	-3.666669982132055e-03	 1.413434593690257e-02
1	 7.583955584874904e-01	 1.458244328892694e+00	-2.595676639768455e-03	 1.566154396168055e-02
1	 5.142244751871549e-01	 1.540412537490282e+00	-1.584334895044828e-03	 1.675152231061087e-02
1	 2.585855593049790e-01	 1.586077784872874e+00	-7.022100630098878e-04	 1.739770926452098e-02
1	 0.000000000000000e+00	 1.600000000004800e+00	 0.000000000000000e+00	 1.762559815684431e-02
1	 1.700000000008400e+00	 0.000000000000000e+00	-4.929566743713191e-03	 0.000000000000000e+00
1	 1.685207646430506e+00	 2.747471567603288e-01	-7.027672542244253e-03	 1.500023845125249e-03
1	 1.636688321085881e+00	 5.463635048845313e-01	-7.989981783866201e-03	 3.807184089070159e-03
1	 1.549384599450030e+00	 8.057952808911033e-01	-7.896692702129659e-03	 6.693390116675295e-03
1	 1.420584043548641e+00	 1.043504261277864e+00	-6.927438902550711e-03	 9.845861854728247e-03
1	 1.250693842668309e+00	 1.250693842668309e+00	-5.353681122484350e-03	 1.289548733698903e-02
1	 1.043504261277864e+00	 1.420584043548641e+00	-3.511082523646702e-03	 1.546134287155270e-02
1	 8.057952808911034e-01	 1.549384599450030e+00	-1.756811980419771e-03	 1.720116302014996e-02
1	 5.463635048845314e-01	 1.636688321085881e+00	-4.226846074330234e-04	 1.785433434734412e-02
1	 2.747471567603290e-01	 1.685207646430506e+00	 2.235118435423165e-04	 1.726657017253138e-02
1	 0.000000000000000e+00	 1.700000000008400e+00	 0.000000000000000e+00	 1.539244388927752e-02
1	 1.800000000009600e+00	 0.000000000000000e+00	-3.511537402917926e-03	 0.000000000000000e+00
1	 1.784337507985795e+00	 2.909087542156215e-01	-6.972004710361755e-03	 9.578913209169592e-04
1	 1.732964104679306e+00	 5.785025345816820e-01	-8.749049036350860e-03	 3.167799307074123e-03
1	 1.640524870005456e+00	 8.531950032942263e-01	-8.964244457049299e-03	 6.311845217146905e-03
1	 1.504147810815085e+00	 1.104886864880308e+00	-7.886774167653800e-03	 9.943726409063526e-03
1	 1.324264068705895e+00	 1.324264068705895e+00	-5.921794870610839e-03	 1.352789288806686e-02
1	 1.104886864880308e+00	 1.504147810815085e+00	-3.569099199091503e-03	 1.650338751914338e-02
1	 8.531950032942260e-01	 1.640524870005455e+00	-1.359509277158034e-03	 1.835791037887832e-02
1	 5.785025345816821e-01	 1.732964104679306e+00	 2.147385038241854e-04	 1.869246989420939e-02
1	 2.909087542156216e-01	 1.784337507985796e+00	 7.572789459152408e-04	 1.726023698481558e-02
1	 0.000000000000000e+00	 1.800000000009600e+00	 0.000000000000000e+00	 1.397321070728858e-02
1	 1.900000000007200e+00	 0.000000000000000e+00	-4.095296424348437e-03	 0.000000000000000e+00
1	 1.883467369537572e+00	 3.070703516708276e-01	-7.181667376695589e-03	 1.290479103306338e-03
1	 1.829239888269470e+00	 6.106415642784940e-01	-8.767981006974335e-03	 3.669436413533114e-03
1	 1.731665140558016e+00	 9.005947256966137e-01	-8.953132028256464e-03	 6.840259772715450e-03
1	 1.587711578079168e+00	 1.166269468481513e+00	-7.966768074846246e-03	 1.039302688266289e-02
1	 1.397834294741681e+00	 1.397834294741681e+00	-6.160187321953574e-03	 1.384127688785846e-02
1	 1.166269468481513e+00	 1.587711578079168e+00	-3.970877942337687e-03	 1.668045400377560e-02
1	 9.005947256966136e-01	 1.731665140558016e+00	-1.866952993558154e-03	 1.845467887928211e-02
1	 6.106415642784941e-01	 1.829239888269470e+00	-2.856557306269787e-04	 1.881410496586951e-02
1	 3.070703516708279e-01	 1.883467369537572e+00	 4.178388165854219e-04	 1.754837088039961e-02
1	 0.000000000000000e+00	 1.900000000007200e+00	 0.000000000000000e+00	 1.459085299086642e-02
1	 2.000000000000000e+00	 0.000000000000000e+00	-7.906563647999998e-03	 0.000000000000000e+00
1	 1.982597231084663e+00	 3.232319491259186e-01	-7.835282594092361e-03	 2.979812418416663e-03
1	 1.925515671855285e+00	 6.427805939748545e-01	-7.607445280992235e-03	 5.925335423882071e-03
1	 1.822805411106758e+00	 9.479944480980211e-01	-7.199756500692363e-03	 8.738894373233686e-03
1	 1.671275345340102e+00	 1.227652072081066e+00	-6.599786611946450e-03	 1.131760928877621e-02
1	 1.471404520775066e+00	 1.471404520775066e+00	-5.809525544463476e-03	 1.356656550864328e-02
1	 1.227652072081066e+00	 1.671275345340103e+00	-4.846576685718805e-03	 1.541251644407205e-02
1	 9.479944480980210e-01	 1.822805411106757e+00	-3.742327592104315e-03	 1.681436135889201e-02
1	 6.427805939748548e-01	 1.925515671855285e+00	-2.537457479580701e-03	 1.776741557499394e-02
1	 3.232319491259188e-01	 1.982597231084663e+00	-1.276060971820589e-03	 1.830063303777506e-02
1	 0.000000000000000e+00	 2.000000000000000e+00	 0.000000000000000e+00	 1.846832511999999e-02
