xi	eta	x	y	stress_vm

patch_n;0

 0.0000000000e+00	 0.0000000000e+00	 0.0000000000e+00	 0.0000000000e+00	 1.0156464761e+01	 0.0000000000e+00
 0.0000000000e+00	 5.0000000000e-02	 0.0000000000e+00	 2.5000000000e+00	 1.0132659147e+01	 5.0000000000e-02
 0.0000000000e+00	 1.0000000000e-01	 0.0000000000e+00	 5.0000000000e+00	 1.0108953747e+01	 1.0000000000e-01
 0.0000000000e+00	 1.5000000000e-01	 0.0000000000e+00	 7.5000000000e+00	 1.0085333729e+01	 1.5000000000e-01
 0.0000000000e+00	 2.0000000000e-01	 0.0000000000e+00	 1.0000000000e+01	 1.0061787739e+01	 2.0000000000e-01
 0.0000000000e+00	 2.5000000000e-01	 0.0000000000e+00	 1.2500000000e+01	 1.0038307942e+01	 2.5000000000e-01
 0.0000000000e+00	 3.0000000000e-01	 0.0000000000e+00	 1.5000000000e+01	 1.0014890064e+01	 3.0000000000e-01
 0.0000000000e+00	 3.5000000000e-01	 0.0000000000e+00	 1.7500000000e+01	 9.9915334356e+00	 3.5000000000e-01
 0.0000000000e+00	 4.0000000000e-01	 0.0000000000e+00	 2.0000000000e+01	 9.9682410315e+00	 4.0000000000e-01
 0.0000000000e+00	 4.5000000000e-01	 0.0000000000e+00	 2.2500000000e+01	 9.9450195157e+00	 4.5000000000e-01
 0.0000000000e+00	 5.0000000000e-01	 0.0000000000e+00	 2.5000000000e+01	 9.9218792831e+00	 5.0000000000e-01
 5.0000000000e-02	 0.0000000000e+00	 2.5000000000e+00	 0.0000000000e+00	 1.0125581948e+01	 5.0000000000e-02
 5.0000000000e-02	 5.0000000000e-02	 2.5000000000e+00	 2.5000000000e+00	 1.0106953257e+01	 7.0710678119e-02
 5.0000000000e-02	 1.0000000000e-01	 2.5000000000e+00	 5.0000000000e+00	 1.0088409773e+01	 1.1180339887e-01
 5.0000000000e-02	 1.5000000000e-01	 2.5000000000e+00	 7.5000000000e+00	 1.0069939003e+01	 1.5811388301e-01
 5.0000000000e-02	 2.0000000000e-01	 2.5000000000e+00	 1.0000000000e+01	 1.0051531211e+01	 2.0615528128e-01
 5.0000000000e-02	 2.5000000000e-01	 2.5000000000e+00	 1.2500000000e+01	 1.0033179439e+01	 2.5495097568e-01
 5.0000000000e-02	 3.0000000000e-01	 2.5000000000e+00	 1.5000000000e+01	 1.0014879534e+01	 3.0413812651e-01
 5.0000000000e-02	 3.5000000000e-01	 2.5000000000e+00	 1.7500000000e+01	 9.9966301745e+00	 3.5355339059e-01
 5.0000000000e-02	 4.0000000000e-01	 2.5000000000e+00	 2.0000000000e+01	 9.9784328973e+00	 4.0311288741e-01
 5.0000000000e-02	 4.5000000000e-01	 2.5000000000e+00	 2.2500000000e+01	 9.9602921220e+00	 4.5276925691e-01
 5.0000000000e-02	 5.0000000000e-01	 2.5000000000e+00	 2.5000000000e+01	 9.9422151781e+00	 5.0249378106e-01
 1.0000000000e-01	 0.0000000000e+00	 5.0000000000e+00	 0.0000000000e+00	 1.0097987460e+01	 1.0000000000e-01
 1.0000000000e-01	 5.0000000000e-02	 5.0000000000e+00	 2.5000000000e+00	 1.0083965782e+01	 1.1180339887e-01
 1.0000000000e-01	 1.0000000000e-01	 5.0000000000e+00	 5.0000000000e+00	 1.0070013231e+01	 1.4142135624e-01
 1.0000000000e-01	 1.5000000000e-01	 5.0000000000e+00	 7.5000000000e+00	 1.0056119636e+01	 1.8027756377e-01
 1.0000000000e-01	 2.0000000000e-01	 5.0000000000e+00	 1.0000000000e+01	 1.0042276939e+01	 2.2360679775e-01
 1.0000000000e-01	 2.5000000000e-01	 5.0000000000e+00	 1.2500000000e+01	 1.0028479209e+01	 2.6925824036e-01
 1.0000000000e-01	 3.0000000000e-01	 5.0000000000e+00	 1.5000000000e+01	 1.0014722658e+01	 3.1622776602e-01
 1.0000000000e-01	 3.5000000000e-01	 5.0000000000e+00	 1.7500000000e+01	 1.0001005656e+01	 3.6400549446e-01
 1.0000000000e-01	 4.0000000000e-01	 5.0000000000e+00	 2.0000000000e+01	 9.9873287434e+00	 4.1231056256e-01
 1.0000000000e-01	 4.5000000000e-01	 5.0000000000e+00	 2.2500000000e+01	 9.9736946506e+00	 4.6097722286e-01
 1.0000000000e-01	 5.0000000000e-01	 5.0000000000e+00	 2.5000000000e+01	 9.9601083088e+00	 5.0990195136e-01
 1.5000000000e-01	 0.0000000000e+00	 7.5000000000e+00	 0.0000000000e+00	 1.0073677845e+01	 1.5000000000e-01
 1.5000000000e-01	 5.0000000000e-02	 7.5000000000e+00	 2.5000000000e+00	 1.0063693327e+01	 1.5811388301e-01
 1.5000000000e-01	 1.0000000000e-01	 7.5000000000e+00	 5.0000000000e+00	 1.0053760989e+01	 1.8027756377e-01
 1.5000000000e-01	 1.5000000000e-01	 7.5000000000e+00	 7.5000000000e+00	 1.0043872888e+01	 2.1213203436e-01
 1.5000000000e-01	 2.0000000000e-01	 7.5000000000e+00	 1.0000000000e+01	 1.0034022637e+01	 2.5000000000e-01
 1.5000000000e-01	 2.5000000000e-01	 7.5000000000e+00	 1.2500000000e+01	 1.0024205410e+01	 2.9154759474e-01
 1.5000000000e-01	 3.0000000000e-01	 7.5000000000e+00	 1.5000000000e+01	 1.0014417958e+01	 3.3541019662e-01
 1.5000000000e-01	 3.5000000000e-01	 7.5000000000e+00	 1.7500000000e+01	 1.0004658609e+01	 3.8078865529e-01
 1.5000000000e-01	 4.0000000000e-01	 7.5000000000e+00	 2.0000000000e+01	 9.9949272798e+00	 4.2720018727e-01
 1.5000000000e-01	 4.5000000000e-01	 7.5000000000e+00	 2.2500000000e+01	 9.9852254839e+00	 4.7434164903e-01
 1.5000000000e-01	 5.0000000000e-01	 7.5000000000e+00	 2.5000000000e+01	 9.9755563374e+00	 5.2201532545e-01
 2.0000000000e-01	 0.0000000000e+00	 1.0000000000e+01	 0.0000000000e+00	 1.0052650732e+01	 2.0000000000e-01
 2.0000000000e-01	 5.0000000000e-02	 1.0000000000e+01	 2.5000000000e+00	 1.0046133285e+01	 2.0615528128e-01
 2.0000000000e-01	 1.0000000000e-01	 1.0000000000e+01	 5.0000000000e+00	 1.0039650464e+01	 2.2360679775e-01
 2.0000000000e-01	 1.5000000000e-01	 1.0000000000e+01	 7.5000000000e+00	 1.0033196383e+01	 2.5000000000e-01
 2.0000000000e-01	 2.0000000000e-01	 1.0000000000e+01	 1.0000000000e+01	 1.0026766242e+01	 2.8284271247e-01
 2.0000000000e-01	 2.5000000000e-01	 1.0000000000e+01	 1.2500000000e+01	 1.0020356335e+01	 3.2015621187e-01
 2.0000000000e-01	 3.0000000000e-01	 1.0000000000e+01	 1.5000000000e+01	 1.0013964048e+01	 3.6055512755e-01
 2.0000000000e-01	 3.5000000000e-01	 1.0000000000e+01	 1.7500000000e+01	 1.0007587866e+01	 4.0311288741e-01
 2.0000000000e-01	 4.0000000000e-01	 1.0000000000e+01	 2.0000000000e+01	 1.0001227377e+01	 4.4721359550e-01
 2.0000000000e-01	 4.5000000000e-01	 1.0000000000e+01	 2.2500000000e+01	 9.9948832748e+00	 4.9244289009e-01
 2.0000000000e-01	 5.0000000000e-01	 1.0000000000e+01	 2.5000000000e+01	 9.9885573604e+00	 5.3851648071e-01
 2.5000000000e-01	 0.0000000000e+00	 1.2500000000e+01	 0.0000000000e+00	 1.0034904857e+01	 2.5000000000e-01
 2.5000000000e-01	 5.0000000000e-02	 1.2500000000e+01	 2.5000000000e+00	 1.0031283856e+01	 2.5495097568e-01
 2.5000000000e-01	 1.0000000000e-01	 1.2500000000e+01	 5.0000000000e+00	 1.0027679631e+01	 2.6925824036e-01
 2.5000000000e-01	 1.5000000000e-01	 1.2500000000e+01	 7.5000000000e+00	 1.0024088108e+01	 2.9154759474e-01
 2.5000000000e-01	 2.0000000000e-01	 1.2500000000e+01	 1.0000000000e+01	 1.0020505920e+01	 3.2015621187e-01
 2.5000000000e-01	 2.5000000000e-01	 1.2500000000e+01	 1.2500000000e+01	 1.0016930412e+01	 3.5355339059e-01
 2.5000000000e-01	 3.0000000000e-01	 1.2500000000e+01	 1.5000000000e+01	 1.0013359637e+01	 3.9051248380e-01
 2.5000000000e-01	 3.5000000000e-01	 1.2500000000e+01	 1.7500000000e+01	 1.0009792362e+01	 4.3011626335e-01
 2.5000000000e-01	 4.0000000000e-01	 1.2500000000e+01	 2.0000000000e+01	 1.0006228066e+01	 4.7169905660e-01
 2.5000000000e-01	 4.5000000000e-01	 1.2500000000e+01	 2.2500000000e+01	 1.0002666942e+01	 5.1478150705e-01
 2.5000000000e-01	 5.0000000000e-01	 1.2500000000e+01	 2.5000000000e+01	 9.9991099013e+00	 5.5901699437e-01
 3.0000000000e-01	 0.0000000000e+00	 1.5000000000e+01	 0.0000000000e+00	 1.0020440074e+01	 3.0000000000e-01
 3.0000000000e-01	 5.0000000000e-02	 1.5000000000e+01	 2.5000000000e+00	 1.0019144055e+01	 3.0413812651e-01
 3.0000000000e-01	 1.0000000000e-01	 1.5000000000e+01	 5.0000000000e+00	 1.0017847033e+01	 3.1622776602e-01
 3.0000000000e-01	 1.5000000000e-01	 1.5000000000e+01	 7.5000000000e+00	 1.0016546424e+01	 3.3541019662e-01
 3.0000000000e-01	 2.0000000000e-01	 1.5000000000e+01	 1.0000000000e+01	 1.0015240063e+01	 3.6055512755e-01
 3.0000000000e-01	 2.5000000000e-01	 1.5000000000e+01	 1.2500000000e+01	 1.0013926207e+01	 3.9051248380e-01
 3.0000000000e-01	 3.0000000000e-01	 1.5000000000e+01	 1.5000000000e+01	 1.0012603531e+01	 4.2426406871e-01
 3.0000000000e-01	 3.5000000000e-01	 1.5000000000e+01	 1.7500000000e+01	 1.0011271134e+01	 4.6097722286e-01
 3.0000000000e-01	 4.0000000000e-01	 1.5000000000e+01	 2.0000000000e+01	 1.0009928533e+01	 5.0000000000e-01
 3.0000000000e-01	 4.5000000000e-01	 1.5000000000e+01	 2.2500000000e+01	 1.0008575669e+01	 5.4083269132e-01
 3.0000000000e-01	 5.0000000000e-01	 1.5000000000e+01	 2.5000000000e+01	 1.0007212904e+01	 5.8309518948e-01
 3.5000000000e-01	 0.0000000000e+00	 1.7500000000e+01	 0.0000000000e+00	 1.0009257370e+01	 3.5000000000e-01
 3.5000000000e-01	 5.0000000000e-02	 1.7500000000e+01	 2.5000000000e+00	 1.0009713719e+01	 3.5355339059e-01
 3.5000000000e-01	 1.0000000000e-01	 1.7500000000e+01	 5.0000000000e+00	 1.0010151784e+01	 3.6400549446e-01
 3.5000000000e-01	 1.5000000000e-01	 1.7500000000e+01	 7.5000000000e+00	 1.0010570067e+01	 3.8078865529e-01
 3.5000000000e-01	 2.0000000000e-01	 1.7500000000e+01	 1.0000000000e+01	 1.0010967295e+01	 4.0311288741e-01
 3.5000000000e-01	 2.5000000000e-01	 1.7500000000e+01	 1.2500000000e+01	 1.0011342423e+01	 4.3011626335e-01
 3.5000000000e-01	 3.0000000000e-01	 1.7500000000e+01	 1.5000000000e+01	 1.0011694628e+01	 4.6097722286e-01
 3.5000000000e-01	 3.5000000000e-01	 1.7500000000e+01	 1.7500000000e+01	 1.0012023318e+01	 4.9497474683e-01
 3.5000000000e-01	 4.0000000000e-01	 1.7500000000e+01	 2.0000000000e+01	 1.0012328122e+01	 5.3150729064e-01
 3.5000000000e-01	 4.5000000000e-01	 1.7500000000e+01	 2.2500000000e+01	 1.0012608898e+01	 5.7008771255e-01
 3.5000000000e-01	 5.0000000000e-01	 1.7500000000e+01	 2.5000000000e+01	 1.0012865727e+01	 6.1032778079e-01
 4.0000000000e-01	 0.0000000000e+00	 2.0000000000e+01	 0.0000000000e+00	 1.0001358868e+01	 4.0000000000e-01
 4.0000000000e-01	 5.0000000000e-02	 2.0000000000e+01	 2.5000000000e+00	 1.0002993520e+01	 4.0311288741e-01
 4.0000000000e-01	 1.0000000000e-01	 2.0000000000e+01	 5.0000000000e+00	 1.0004593580e+01	 4.1231056256e-01
 4.0000000000e-01	 1.5000000000e-01	 2.0000000000e+01	 7.5000000000e+00	 1.0006158153e+01	 4.2720018727e-01
 4.0000000000e-01	 2.0000000000e-01	 2.0000000000e+01	 1.0000000000e+01	 1.0007686473e+01	 4.4721359550e-01
 4.0000000000e-01	 2.5000000000e-01	 2.0000000000e+01	 1.2500000000e+01	 1.0009177900e+01	 4.7169905660e-01
 4.0000000000e-01	 3.0000000000e-01	 2.0000000000e+01	 1.5000000000e+01	 1.0010631921e+01	 5.0000000000e-01
 4.0000000000e-01	 3.5000000000e-01	 2.0000000000e+01	 1.7500000000e+01	 1.0012048150e+01	 5.3150729064e-01
 4.0000000000e-01	 4.0000000000e-01	 2.0000000000e+01	 2.0000000000e+01	 1.0013426330e+01	 5.6568542495e-01
 4.0000000000e-01	 4.5000000000e-01	 2.0000000000e+01	 2.2500000000e+01	 1.0014766330e+01	 6.0207972894e-01
 4.0000000000e-01	 5.0000000000e-01	 2.0000000000e+01	 2.5000000000e+01	 1.0016068143e+01	 6.4031242374e-01
 4.5000000000e-01	 0.0000000000e+00	 2.2500000000e+01	 0.0000000000e+00	 9.9967478251e+00	 4.5000000000e-01
 4.5000000000e-01	 5.0000000000e-02	 2.2500000000e+01	 2.5000000000e+00	 9.9989849582e+00	 4.5276925691e-01
 4.5000000000e-01	 1.0000000000e-01	 2.2500000000e+01	 5.0000000000e+00	 1.0001172694e+01	 4.6097722286e-01
 4.5000000000e-01	 1.5000000000e-01	 2.2500000000e+01	 7.5000000000e+00	 1.0003310180e+01	 4.7434164903e-01
 4.5000000000e-01	 2.0000000000e-01	 2.2500000000e+01	 1.0000000000e+01	 1.0005396689e+01	 4.9244289009e-01
 4.5000000000e-01	 2.5000000000e-01	 2.2500000000e+01	 1.2500000000e+01	 1.0007431620e+01	 5.1478150705e-01
 4.5000000000e-01	 3.0000000000e-01	 2.2500000000e+01	 1.5000000000e+01	 1.0009414496e+01	 5.4083269132e-01
 4.5000000000e-01	 3.5000000000e-01	 2.2500000000e+01	 1.7500000000e+01	 1.0011344968e+01	 5.7008771255e-01
 4.5000000000e-01	 4.0000000000e-01	 2.2500000000e+01	 2.0000000000e+01	 1.0013222810e+01	 6.0207972894e-01
 4.5000000000e-01	 4.5000000000e-01	 2.2500000000e+01	 2.2500000000e+01	 1.0015047924e+01	 6.3639610307e-01
 4.5000000000e-01	 5.0000000000e-01	 2.2500000000e+01	 2.5000000000e+01	 1.0016820334e+01	 6.7268120235e-01
 5.0000000000e-01	 0.0000000000e+00	 2.5000000000e+01	 0.0000000000e+00	 9.9954286289e+00	 5.0000000000e-01
 5.0000000000e-01	 5.0000000000e-02	 2.5000000000e+01	 2.5000000000e+00	 9.9976903682e+00	 5.0249378106e-01
 5.0000000000e-01	 1.0000000000e-01	 2.5000000000e+01	 5.0000000000e+00	 9.9998899855e+00	 5.0990195136e-01
 5.0000000000e-01	 1.5000000000e-01	 2.5000000000e+01	 7.5000000000e+00	 1.0002026030e+01	 5.2201532545e-01
 5.0000000000e-01	 2.0000000000e-01	 2.5000000000e+01	 1.0000000000e+01	 1.0004097271e+01	 5.3851648071e-01
 5.0000000000e-01	 2.5000000000e-01	 2.5000000000e+01	 1.2500000000e+01	 1.0006102701e+01	 5.5901699437e-01
 5.0000000000e-01	 3.0000000000e-01	 2.5000000000e+01	 1.5000000000e+01	 1.0008041535e+01	 5.8309518948e-01
 5.0000000000e-01	 3.5000000000e-01	 2.5000000000e+01	 1.7500000000e+01	 1.0009913205e+01	 6.1032778079e-01
 5.0000000000e-01	 4.0000000000e-01	 2.5000000000e+01	 2.0000000000e+01	 1.0011717367e+01	 6.4031242374e-01
 5.0000000000e-01	 4.5000000000e-01	 2.5000000000e+01	 2.2500000000e+01	 1.0013453897e+01	 6.7268120235e-01
 5.0000000000e-01	 5.0000000000e-01	 2.5000000000e+01	 2.5000000000e+01	 1.0015122891e+01	 7.0710678119e-01
 0.0000000000e+00	 5.0000000000e-01	 0.0000000000e+00	 2.5000000000e+01	 9.9218792831e+00	 5.0000000000e-01
 0.0000000000e+00	 5.5000000000e-01	 0.0000000000e+00	 2.7500000000e+01	 9.9327875002e+00	 5.5000000000e-01
 0.0000000000e+00	 6.0000000000e-01	 0.0000000000e+00	 3.0000000000e+01	 9.9437830997e+00	 6.0000000000e-01
 0.0000000000e+00	 6.5000000000e-01	 0.0000000000e+00	 3.2500000000e+01	 9.9548579180e+00	 6.5000000000e-01
 0.0000000000e+00	 7.0000000000e-01	 0.0000000000e+00	 3.5000000000e+01	 9.9660053005e+00	 7.0000000000e-01
 0.0000000000e+00	 7.5000000000e-01	 0.0000000000e+00	 3.7500000000e+01	 9.9772200937e+00	 7.5000000000e-01
 0.0000000000e+00	 8.0000000000e-01	 0.0000000000e+00	 4.0000000000e+01	 9.9884986373e+00	 8.0000000000e-01
 0.0000000000e+00	 8.5000000000e-01	 0.0000000000e+00	 4.2500000000e+01	 9.9998387558e+00	 8.5000000000e-01
 0.0000000000e+00	 9.0000000000e-01	 0.0000000000e+00	 4.5000000000e+01	 1.0011239750e+01	 9.0000000000e-01
 0.0000000000e+00	 9.5000000000e-01	 0.0000000000e+00	 4.7500000000e+01	 1.0022702391e+01	 9.5000000000e-01
 0.0000000000e+00	 1.0000000000e+00	 0.0000000000e+00	 5.0000000000e+01	 1.0034228907e+01	 1.0000000000e+00
 5.0000000000e-02	 5.0000000000e-01	 2.5000000000e+00	 2.5000000000e+01	 9.9422151781e+00	 5.0249378106e-01
 5.0000000000e-02	 5.5000000000e-01	 2.5000000000e+00	 2.7500000000e+01	 9.9500560989e+00	 5.5226805086e-01
 5.0000000000e-02	 6.0000000000e-01	 2.5000000000e+00	 3.0000000000e+01	 9.9579667312e+00	 6.0207972894e-01
 5.0000000000e-02	 6.5000000000e-01	 2.5000000000e+00	 3.2500000000e+01	 9.9659411573e+00	 6.5192024052e-01
 5.0000000000e-02	 7.0000000000e-01	 2.5000000000e+00	 3.5000000000e+01	 9.9739746063e+00	 7.0178344238e-01
 5.0000000000e-02	 7.5000000000e-01	 2.5000000000e+00	 3.7500000000e+01	 9.9820634499e+00	 7.5166481892e-01
 5.0000000000e-02	 8.0000000000e-01	 2.5000000000e+00	 4.0000000000e+01	 9.9902051980e+00	 8.0156097709e-01
 5.0000000000e-02	 8.5000000000e-01	 2.5000000000e+00	 4.2500000000e+01	 9.9983984940e+00	 8.5146931830e-01
 5.0000000000e-02	 9.0000000000e-01	 2.5000000000e+00	 4.5000000000e+01	 1.0006643111e+01	 9.0138781887e-01
 5.0000000000e-02	 9.5000000000e-01	 2.5000000000e+00	 4.7500000000e+01	 1.0014939946e+01	 9.5131487952e-01
 5.0000000000e-02	 1.0000000000e+00	 2.5000000000e+00	 5.0000000000e+01	 1.0023291015e+01	 1.0012492197e+00
 1.0000000000e-01	 5.0000000000e-01	 5.0000000000e+00	 2.5000000000e+01	 9.9601083088e+00	 5.0990195136e-01
 1.0000000000e-01	 5.5000000000e-01	 5.0000000000e+00	 2.7500000000e+01	 9.9652710986e+00	 5.5901699437e-01
 1.0000000000e-01	 6.0000000000e-01	 5.0000000000e+00	 3.0000000000e+01	 9.9704876630e+00	 6.0827625303e-01
 1.0000000000e-01	 6.5000000000e-01	 5.0000000000e+00	 3.2500000000e+01	 9.9757538942e+00	 6.5764732190e-01
 1.0000000000e-01	 7.0000000000e-01	 5.0000000000e+00	 3.5000000000e+01	 9.9810665229e+00	 7.0710678119e-01
 1.0000000000e-01	 7.5000000000e-01	 5.0000000000e+00	 3.7500000000e+01	 9.9864231164e+00	 7.5663729752e-01
 1.0000000000e-01	 8.0000000000e-01	 5.0000000000e+00	 4.0000000000e+01	 9.9918220767e+00	 8.0622577483e-01
 1.0000000000e-01	 8.5000000000e-01	 5.0000000000e+00	 4.2500000000e+01	 9.9972626379e+00	 8.5586213843e-01
 1.0000000000e-01	 9.0000000000e-01	 5.0000000000e+00	 4.5000000000e+01	 1.0002744864e+01	 9.0553851381e-01
 1.0000000000e-01	 9.5000000000e-01	 5.0000000000e+00	 4.7500000000e+01	 1.0008269648e+01	 9.5524865873e-01
 1.0000000000e-01	 1.0000000000e+00	 5.0000000000e+00	 5.0000000000e+01	 1.0013838706e+01	 1.0049875621e+00
 1.5000000000e-01	 5.0000000000e-01	 7.5000000000e+00	 2.5000000000e+01	 9.9755563374e+00	 5.2201532545e-01
 1.5000000000e-01	 5.5000000000e-01	 7.5000000000e+00	 2.7500000000e+01	 9.9784310940e+00	 5.7008771255e-01
 1.5000000000e-01	 6.0000000000e-01	 7.5000000000e+00	 3.0000000000e+01	 9.9813451324e+00	 6.1846584384e-01
 1.5000000000e-01	 6.5000000000e-01	 7.5000000000e+00	 3.2500000000e+01	 9.9842957638e+00	 6.6708320321e-01
 1.5000000000e-01	 7.0000000000e-01	 7.5000000000e+00	 3.5000000000e+01	 9.9872808814e+00	 7.1589105316e-01
 1.5000000000e-01	 7.5000000000e-01	 7.5000000000e+00	 3.7500000000e+01	 9.9902989594e+00	 7.6485292704e-01
 1.5000000000e-01	 8.0000000000e-01	 7.5000000000e+00	 4.0000000000e+01	 9.9933490526e+00	 8.1394102980e-01
 1.5000000000e-01	 8.5000000000e-01	 7.5000000000e+00	 4.2500000000e+01	 9.9964307951e+00	 8.6313382508e-01
 1.5000000000e-01	 9.0000000000e-01	 7.5000000000e+00	 4.5000000000e+01	 9.9995443998e+00	 9.1241437954e-01
 1.5000000000e-01	 9.5000000000e-01	 7.5000000000e+00	 4.7500000000e+01	 1.0002690657e+01	 9.6176920308e-01
 1.5000000000e-01	 1.0000000000e+00	 7.5000000000e+00	 5.0000000000e+01	 1.0005870934e+01	 1.0111874208e+00
 2.0000000000e-01	 5.0000000000e-01	 1.0000000000e+01	 2.5000000000e+01	 9.9885573604e+00	 5.3851648071e-01
 2.0000000000e-01	 5.5000000000e-01	 1.0000000000e+01	 2.7500000000e+01	 9.9895349773e+00	 5.8523499554e-01
 2.0000000000e-01	 6.0000000000e-01	 1.0000000000e+01	 3.0000000000e+01	 9.9905385671e+00	 6.3245553203e-01
 2.0000000000e-01	 6.5000000000e-01	 1.0000000000e+01	 3.2500000000e+01	 9.9915665124e+00	 6.8007352544e-01
 2.0000000000e-01	 7.0000000000e-01	 1.0000000000e+01	 3.5000000000e+01	 9.9926175706e+00	 7.2801098893e-01
 2.0000000000e-01	 7.5000000000e-01	 1.0000000000e+01	 3.7500000000e+01	 9.9936908740e+00	 7.7620873481e-01
 2.0000000000e-01	 8.0000000000e-01	 1.0000000000e+01	 4.0000000000e+01	 9.9947859290e+00	 8.2462112512e-01
 2.0000000000e-01	 8.5000000000e-01	 1.0000000000e+01	 4.2500000000e+01	 9.9959026166e+00	 8.7321245983e-01
 2.0000000000e-01	 9.0000000000e-01	 1.0000000000e+01	 4.5000000000e+01	 9.9970411916e+00	 9.2195444573e-01
 2.0000000000e-01	 9.5000000000e-01	 1.0000000000e+01	 4.7500000000e+01	 9.9982022829e+00	 9.7082439195e-01
 2.0000000000e-01	 1.0000000000e+00	 1.0000000000e+01	 5.0000000000e+01	 9.9993868928e+00	 1.0198039027e+00
 2.5000000000e-01	 5.0000000000e-01	 1.2500000000e+01	 2.5000000000e+01	 9.9991099013e+00	 5.5901699437e-01
 2.5000000000e-01	 5.5000000000e-01	 1.2500000000e+01	 2.7500000000e+01	 9.9985819342e+00	 6.0415229868e-01
 2.5000000000e-01	 6.0000000000e-01	 1.2500000000e+01	 3.0000000000e+01	 9.9980675834e+00	 6.5000000000e-01
 2.5000000000e-01	 6.5000000000e-01	 1.2500000000e+01	 3.2500000000e+01	 9.9975659965e+00	 6.9641941386e-01
 2.5000000000e-01	 7.0000000000e-01	 1.2500000000e+01	 3.5000000000e+01	 9.9970765370e+00	 7.4330343737e-01
 2.5000000000e-01	 7.5000000000e-01	 1.2500000000e+01	 3.7500000000e+01	 9.9965987842e+00	 7.9056941504e-01
 2.5000000000e-01	 8.0000000000e-01	 1.2500000000e+01	 4.0000000000e+01	 9.9961325334e+00	 8.3815273071e-01
 2.5000000000e-01	 8.5000000000e-01	 1.2500000000e+01	 4.2500000000e+01	 9.9956777958e+00	 8.8600225733e-01
 2.5000000000e-01	 9.0000000000e-01	 1.2500000000e+01	 4.5000000000e+01	 9.9952347987e+00	 9.3407708461e-01
 2.5000000000e-01	 9.5000000000e-01	 1.2500000000e+01	 4.7500000000e+01	 9.9948039855e+00	 9.8234413522e-01
 2.5000000000e-01	 1.0000000000e+00	 1.2500000000e+01	 5.0000000000e+01	 9.9943860157e+00	 1.0307764064e+00
 3.0000000000e-01	 5.0000000000e-01	 1.5000000000e+01	 2.5000000000e+01	 1.0007212904e+01	 5.8309518948e-01
 3.0000000000e-01	 5.5000000000e-01	 1.5000000000e+01	 2.7500000000e+01	 1.0005571440e+01	 6.2649820431e-01
 3.0000000000e-01	 6.0000000000e-01	 1.5000000000e+01	 3.0000000000e+01	 1.0003931984e+01	 6.7082039325e-01
 3.0000000000e-01	 6.5000000000e-01	 1.5000000000e+01	 3.2500000000e+01	 1.0002294183e+01	 7.1589105316e-01
 3.0000000000e-01	 7.0000000000e-01	 1.5000000000e+01	 3.5000000000e+01	 1.0000657784e+01	 7.6157731059e-01
 3.0000000000e-01	 7.5000000000e-01	 1.5000000000e+01	 3.7500000000e+01	 9.9990226432e+00	 8.0777472107e-01
 3.0000000000e-01	 8.0000000000e-01	 1.5000000000e+01	 4.0000000000e+01	 9.9973887175e+00	 8.5440037453e-01
 3.0000000000e-01	 8.5000000000e-01	 1.5000000000e+01	 4.2500000000e+01	 9.9957560694e+00	 9.0138781887e-01
 3.0000000000e-01	 9.0000000000e-01	 1.5000000000e+01	 4.5000000000e+01	 9.9941248655e+00	 9.4868329805e-01
 3.0000000000e-01	 9.5000000000e-01	 1.5000000000e+01	 4.7500000000e+01	 9.9924953768e+00	 9.9624294226e-01
 3.0000000000e-01	 1.0000000000e+00	 1.5000000000e+01	 5.0000000000e+01	 9.9908679790e+00	 1.0440306509e+00
 3.5000000000e-01	 5.0000000000e-01	 1.7500000000e+01	 2.5000000000e+01	 1.0012865727e+01	 6.1032778079e-01
 3.5000000000e-01	 5.5000000000e-01	 1.7500000000e+01	 2.7500000000e+01	 1.0010503258e+01	 6.5192024052e-01
 3.5000000000e-01	 6.0000000000e-01	 1.7500000000e+01	 3.0000000000e+01	 1.0008131760e+01	 6.9462219947e-01
 3.5000000000e-01	 6.5000000000e-01	 1.7500000000e+01	 3.2500000000e+01	 1.0005751146e+01	 7.3824115301e-01
 3.5000000000e-01	 7.0000000000e-01	 1.7500000000e+01	 3.5000000000e+01	 1.0003361373e+01	 7.8262379212e-01
 3.5000000000e-01	 7.5000000000e-01	 1.7500000000e+01	 3.7500000000e+01	 1.0000962433e+01	 8.2764726786e-01
 3.5000000000e-01	 8.0000000000e-01	 1.7500000000e+01	 4.0000000000e+01	 9.9985543571e+00	 8.7321245983e-01
 3.5000000000e-01	 8.5000000000e-01	 1.7500000000e+01	 4.2500000000e+01	 9.9961372171e+00	 9.1923881554e-01
 3.5000000000e-01	 9.0000000000e-01	 1.7500000000e+01	 4.5000000000e+01	 9.9937111223e+00	 9.6566039579e-01
 3.5000000000e-01	 9.5000000000e-01	 1.7500000000e+01	 4.7500000000e+01	 9.9912762215e+00	 1.0124228366e+00
 3.5000000000e-01	 1.0000000000e+00	 1.7500000000e+01	 5.0000000000e+01	 9.9888327022e+00	 1.0594810050e+00
 4.0000000000e-01	 5.0000000000e-01	 2.0000000000e+01	 2.5000000000e+01	 1.0016068143e+01	 6.4031242374e-01
 4.0000000000e-01	 5.5000000000e-01	 2.0000000000e+01	 2.7500000000e+01	 1.0013377438e+01	 6.8007352544e-01
 4.0000000000e-01	 6.0000000000e-01	 2.0000000000e+01	 3.0000000000e+01	 1.0010667083e+01	 7.2111025509e-01
 4.0000000000e-01	 6.5000000000e-01	 2.0000000000e+01	 3.2500000000e+01	 1.0007937073e+01	 7.6321687612e-01
 4.0000000000e-01	 7.0000000000e-01	 2.0000000000e+01	 3.5000000000e+01	 1.0005187421e+01	 8.0622577483e-01
 4.0000000000e-01	 7.5000000000e-01	 2.0000000000e+01	 3.7500000000e+01	 1.0002418163e+01	 8.5000000000e-01
 4.0000000000e-01	 8.0000000000e-01	 2.0000000000e+01	 4.0000000000e+01	 9.9996293520e+00	 8.9442719100e-01
 4.0000000000e-01	 8.5000000000e-01	 2.0000000000e+01	 4.2500000000e+01	 9.9968210617e+00	 9.3941471140e-01
 4.0000000000e-01	 9.0000000000e-01	 2.0000000000e+01	 4.5000000000e+01	 9.9939933856e+00	 9.8488578018e-01
 4.0000000000e-01	 9.5000000000e-01	 2.0000000000e+01	 4.7500000000e+01	 9.9911464368e+00	 1.0307764064e+00
 4.0000000000e-01	 1.0000000000e+00	 2.0000000000e+01	 5.0000000000e+01	 9.9882803485e+00	 1.0770329614e+00
 4.5000000000e-01	 5.0000000000e-01	 2.2500000000e+01	 2.5000000000e+01	 1.0016820334e+01	 6.7268120235e-01
 4.5000000000e-01	 5.5000000000e-01	 2.2500000000e+01	 2.7500000000e+01	 1.0014194315e+01	 7.1063352018e-01
 4.5000000000e-01	 6.0000000000e-01	 2.2500000000e+01	 3.0000000000e+01	 1.0011538316e+01	 7.5000000000e-01
 4.5000000000e-01	 6.5000000000e-01	 2.2500000000e+01	 3.2500000000e+01	 1.0008852256e+01	 7.9056941504e-01
 4.5000000000e-01	 7.0000000000e-01	 2.2500000000e+01	 3.5000000000e+01	 1.0006136104e+01	 8.3216584885e-01
 4.5000000000e-01	 7.5000000000e-01	 2.2500000000e+01	 3.7500000000e+01	 1.0003389874e+01	 8.7464278423e-01
 4.5000000000e-01	 8.0000000000e-01	 2.2500000000e+01	 4.0000000000e+01	 1.0000613626e+01	 9.1787798753e-01
 4.5000000000e-01	 8.5000000000e-01	 2.2500000000e+01	 4.2500000000e+01	 9.9978074694e+00	 9.6176920308e-01
 4.5000000000e-01	 9.0000000000e-01	 2.2500000000e+01	 4.5000000000e+01	 9.9949715578e+00	 1.0062305899e+00
 4.5000000000e-01	 9.5000000000e-01	 2.2500000000e+01	 4.7500000000e+01	 9.9921060935e+00	 1.0511898021e+00
 4.5000000000e-01	 1.0000000000e+00	 2.2500000000e+01	 5.0000000000e+01	 9.9892113253e+00	 1.0965856100e+00
 5.0000000000e-01	 5.0000000000e-01	 2.5000000000e+01	 2.5000000000e+01	 1.0015122891e+01	 7.0710678119e-01
 5.0000000000e-01	 5.5000000000e-01	 2.5000000000e+01	 2.7500000000e+01	 1.0012954509e+01	 7.4330343737e-01
 5.0000000000e-01	 6.0000000000e-01	 2.5000000000e+01	 3.0000000000e+01	 1.0010746002e+01	 7.8102496759e-01
 5.0000000000e-01	 6.5000000000e-01	 2.5000000000e+01	 3.2500000000e+01	 1.0008497100e+01	 8.2006097334e-01
 5.0000000000e-01	 7.0000000000e-01	 2.5000000000e+01	 3.5000000000e+01	 1.0006207654e+01	 8.6023252670e-01
 5.0000000000e-01	 7.5000000000e-01	 2.5000000000e+01	 3.7500000000e+01	 1.0003877633e+01	 9.0138781887e-01
 5.0000000000e-01	 8.0000000000e-01	 2.5000000000e+01	 4.0000000000e+01	 1.0001507128e+01	 9.4339811321e-01
 5.0000000000e-01	 8.5000000000e-01	 2.5000000000e+01	 4.2500000000e+01	 9.9990963495e+00	 9.8615414617e-01
 5.0000000000e-01	 9.0000000000e-01	 2.5000000000e+01	 4.5000000000e+01	 9.9966456279e+00	 1.0295630141e+00
 5.0000000000e-01	 9.5000000000e-01	 2.5000000000e+01	 4.7500000000e+01	 9.9941554150e+00	 1.0735455277e+00
 5.0000000000e-01	 1.0000000000e+00	 2.5000000000e+01	 5.0000000000e+01	 9.9916262830e+00	 1.1180339887e+00
 5.0000000000e-01	 0.0000000000e+00	 2.5000000000e+01	 0.0000000000e+00	 9.9954286289e+00	 5.0000000000e-01
 5.0000000000e-01	 5.0000000000e-02	 2.5000000000e+01	 2.5000000000e+00	 9.9976903682e+00	 5.0249378106e-01
 5.0000000000e-01	 1.0000000000e-01	 2.5000000000e+01	 5.0000000000e+00	 9.9998899855e+00	 5.0990195136e-01
 5.0000000000e-01	 1.5000000000e-01	 2.5000000000e+01	 7.5000000000e+00	 1.0002026030e+01	 5.2201532545e-01
 5.0000000000e-01	 2.0000000000e-01	 2.5000000000e+01	 1.0000000000e+01	 1.0004097271e+01	 5.3851648071e-01
 5.0000000000e-01	 2.5000000000e-01	 2.5000000000e+01	 1.2500000000e+01	 1.0006102701e+01	 5.5901699437e-01
 5.0000000000e-01	 3.0000000000e-01	 2.5000000000e+01	 1.5000000000e+01	 1.0008041535e+01	 5.8309518948e-01
 5.0000000000e-01	 3.5000000000e-01	 2.5000000000e+01	 1.7500000000e+01	 1.0009913205e+01	 6.1032778079e-01
 5.0000000000e-01	 4.0000000000e-01	 2.5000000000e+01	 2.0000000000e+01	 1.0011717367e+01	 6.4031242374e-01
 5.0000000000e-01	 4.5000000000e-01	 2.5000000000e+01	 2.2500000000e+01	 1.0013453897e+01	 6.7268120235e-01
 5.0000000000e-01	 5.0000000000e-01	 2.5000000000e+01	 2.5000000000e+01	 1.0015122891e+01	 7.0710678119e-01
 5.5000000000e-01	 0.0000000000e+00	 2.7500000000e+01	 0.0000000000e+00	 9.9966608939e+00	 5.5000000000e-01
 5.5000000000e-01	 5.0000000000e-02	 2.7500000000e+01	 2.5000000000e+00	 9.9984393142e+00	 5.5226805086e-01
 5.5000000000e-01	 1.0000000000e-01	 2.7500000000e+01	 5.0000000000e+00	 1.0000165105e+01	 5.5901699437e-01
 5.5000000000e-01	 1.5000000000e-01	 2.7500000000e+01	 7.5000000000e+00	 1.0001837200e+01	 5.7008771255e-01
 5.5000000000e-01	 2.0000000000e-01	 2.7500000000e+01	 1.0000000000e+01	 1.0003454693e+01	 5.8523499554e-01
 5.5000000000e-01	 2.5000000000e-01	 2.7500000000e+01	 1.2500000000e+01	 1.0005016831e+01	 6.0415229868e-01
 5.5000000000e-01	 3.0000000000e-01	 2.7500000000e+01	 1.5000000000e+01	 1.0006523022e+01	 6.2649820431e-01
 5.5000000000e-01	 3.5000000000e-01	 2.7500000000e+01	 1.7500000000e+01	 1.0007972828e+01	 6.5192024052e-01
 5.5000000000e-01	 4.0000000000e-01	 2.7500000000e+01	 2.0000000000e+01	 1.0009365969e+01	 6.8007352544e-01
 5.5000000000e-01	 4.5000000000e-01	 2.7500000000e+01	 2.2500000000e+01	 1.0010702319e+01	 7.1063352018e-01
 5.5000000000e-01	 5.0000000000e-01	 2.7500000000e+01	 2.5000000000e+01	 1.0011981913e+01	 7.4330343737e-01
 6.0000000000e-01	 0.0000000000e+00	 3.0000000000e+01	 0.0000000000e+00	 9.9976375427e+00	 6.0000000000e-01
 6.0000000000e-01	 5.0000000000e-02	 3.0000000000e+01	 2.5000000000e+00	 9.9989857294e+00	 6.0207972894e-01
 6.0000000000e-01	 1.0000000000e-01	 3.0000000000e+01	 5.0000000000e+00	 1.0000290949e+01	 6.0827625303e-01
 6.0000000000e-01	 1.5000000000e-01	 3.0000000000e+01	 7.5000000000e+00	 1.0001552472e+01	 6.1846584384e-01
 6.0000000000e-01	 2.0000000000e-01	 3.0000000000e+01	 1.0000000000e+01	 1.0002769670e+01	 6.3245553203e-01
 6.0000000000e-01	 2.5000000000e-01	 3.0000000000e+01	 1.2500000000e+01	 1.0003942020e+01	 6.5000000000e-01
 6.0000000000e-01	 3.0000000000e-01	 3.0000000000e+01	 1.5000000000e+01	 1.0005069102e+01	 6.7082039325e-01
 6.0000000000e-01	 3.5000000000e-01	 3.0000000000e+01	 1.7500000000e+01	 1.0006150601e+01	 6.9462219947e-01
 6.0000000000e-01	 4.0000000000e-01	 3.0000000000e+01	 2.0000000000e+01	 1.0007186304e+01	 7.2111025509e-01
 6.0000000000e-01	 4.5000000000e-01	 3.0000000000e+01	 2.2500000000e+01	 1.0008176101e+01	 7.5000000000e-01
 6.0000000000e-01	 5.0000000000e-01	 3.0000000000e+01	 2.5000000000e+01	 1.0009119986e+01	 7.8102496759e-01
 6.5000000000e-01	 0.0000000000e+00	 3.2500000000e+01	 0.0000000000e+00	 9.9983579641e+00	 6.5000000000e-01
 6.5000000000e-01	 5.0000000000e-02	 3.2500000000e+01	 2.5000000000e+00	 9.9993290659e+00	 6.5192024052e-01
 6.5000000000e-01	 1.0000000000e-01	 3.2500000000e+01	 5.0000000000e+00	 1.0000267049e+01	 6.5764732190e-01
 6.5000000000e-01	 1.5000000000e-01	 3.2500000000e+01	 7.5000000000e+00	 1.0001171460e+01	 6.6708320321e-01
 6.5000000000e-01	 2.0000000000e-01	 3.2500000000e+01	 1.0000000000e+01	 1.0002041908e+01	 6.8007352544e-01
 6.5000000000e-01	 2.5000000000e-01	 3.2500000000e+01	 1.2500000000e+01	 1.0002878060e+01	 6.9641941386e-01
 6.5000000000e-01	 3.0000000000e-01	 3.2500000000e+01	 1.5000000000e+01	 1.0003679649e+01	 7.1589105316e-01
 6.5000000000e-01	 3.5000000000e-01	 3.2500000000e+01	 1.7500000000e+01	 1.0004446467e+01	 7.3824115301e-01
 6.5000000000e-01	 4.0000000000e-01	 3.2500000000e+01	 2.0000000000e+01	 1.0005178367e+01	 7.6321687612e-01
 6.5000000000e-01	 4.5000000000e-01	 3.2500000000e+01	 2.2500000000e+01	 1.0005875265e+01	 7.9056941504e-01
 6.5000000000e-01	 5.0000000000e-01	 3.2500000000e+01	 2.5000000000e+01	 1.0006537137e+01	 8.2006097334e-01
 7.0000000000e-01	 0.0000000000e+00	 3.5000000000e+01	 0.0000000000e+00	 9.9988216987e+00	 7.0000000000e-01
 7.0000000000e-01	 5.0000000000e-02	 3.5000000000e+01	 2.5000000000e+00	 9.9994688960e+00	 7.0178344238e-01
 7.0000000000e-01	 1.0000000000e-01	 3.5000000000e+01	 5.0000000000e+00	 1.0000093026e+01	 7.0710678119e-01
 7.0000000000e-01	 1.5000000000e-01	 3.5000000000e+01	 7.5000000000e+00	 1.0000693850e+01	 7.1589105316e-01
 7.0000000000e-01	 2.0000000000e-01	 3.5000000000e+01	 1.0000000000e+01	 1.0001271160e+01	 7.2801098893e-01
 7.0000000000e-01	 2.5000000000e-01	 3.5000000000e+01	 1.2500000000e+01	 1.0001824778e+01	 7.4330343737e-01
 7.0000000000e-01	 3.0000000000e-01	 3.5000000000e+01	 1.5000000000e+01	 1.0002354557e+01	 7.6157731059e-01
 7.0000000000e-01	 3.5000000000e-01	 3.5000000000e+01	 1.7500000000e+01	 1.0002860380e+01	 7.8262379212e-01
 7.0000000000e-01	 4.0000000000e-01	 3.5000000000e+01	 2.0000000000e+01	 1.0003342160e+01	 8.0622577483e-01
 7.0000000000e-01	 4.5000000000e-01	 3.5000000000e+01	 2.2500000000e+01	 1.0003799841e+01	 8.3216584885e-01
 7.0000000000e-01	 5.0000000000e-01	 3.5000000000e+01	 2.5000000000e+01	 1.0004233396e+01	 8.6023252670e-01
 7.5000000000e-01	 0.0000000000e+00	 3.7500000000e+01	 0.0000000000e+00	 9.9990284395e+00	 7.5000000000e-01
 7.5000000000e-01	 5.0000000000e-02	 3.7500000000e+01	 2.5000000000e+00	 9.9994049128e+00	 7.5166481892e-01
 7.5000000000e-01	 1.0000000000e-01	 3.7500000000e+01	 5.0000000000e+00	 9.9997685943e+00	 7.5663729752e-01
 7.5000000000e-01	 1.5000000000e-01	 3.7500000000e+01	 7.5000000000e+00	 1.0000119393e+01	 7.6485292704e-01
 7.5000000000e-01	 2.0000000000e-01	 3.7500000000e+01	 1.0000000000e+01	 1.0000457229e+01	 7.7620873481e-01
 7.5000000000e-01	 2.5000000000e-01	 3.7500000000e+01	 1.2500000000e+01	 1.0000782031e+01	 7.9056941504e-01
 7.5000000000e-01	 3.0000000000e-01	 3.7500000000e+01	 1.5000000000e+01	 1.0001093739e+01	 8.0777472107e-01
 7.5000000000e-01	 3.5000000000e-01	 3.7500000000e+01	 1.7500000000e+01	 1.0001392305e+01	 8.2764726786e-01
 7.5000000000e-01	 4.0000000000e-01	 3.7500000000e+01	 2.0000000000e+01	 1.0001677687e+01	 8.5000000000e-01
 7.5000000000e-01	 4.5000000000e-01	 3.7500000000e+01	 2.2500000000e+01	 1.0001949859e+01	 8.7464278423e-01
 7.5000000000e-01	 5.0000000000e-01	 3.7500000000e+01	 2.5000000000e+01	 1.0002208800e+01	 9.0138781887e-01
 8.0000000000e-01	 0.0000000000e+00	 4.0000000000e+01	 0.0000000000e+00	 9.9989780315e+00	 8.0000000000e-01
 8.0000000000e-01	 5.0000000000e-02	 4.0000000000e+01	 2.5000000000e+00	 9.9991369294e+00	 8.0156097709e-01
 8.0000000000e-01	 1.0000000000e-01	 4.0000000000e+01	 5.0000000000e+00	 9.9992935612e+00	 8.0622577483e-01
 8.0000000000e-01	 1.5000000000e-01	 4.0000000000e+01	 7.5000000000e+00	 9.9994479109e+00	 8.1394102980e-01
 8.0000000000e-01	 2.0000000000e-01	 4.0000000000e+01	 1.0000000000e+01	 9.9995999637e+00	 8.2462112512e-01
 8.0000000000e-01	 2.5000000000e-01	 4.0000000000e+01	 1.2500000000e+01	 9.9997497062e+00	 8.3815273071e-01
 8.0000000000e-01	 3.0000000000e-01	 4.0000000000e+01	 1.5000000000e+01	 9.9998971266e+00	 8.5440037453e-01
 8.0000000000e-01	 3.5000000000e-01	 4.0000000000e+01	 1.7500000000e+01	 1.0000042214e+01	 8.7321245983e-01
 8.0000000000e-01	 4.0000000000e-01	 4.0000000000e+01	 2.0000000000e+01	 1.0000184959e+01	 8.9442719100e-01
 8.0000000000e-01	 4.5000000000e-01	 4.0000000000e+01	 2.2500000000e+01	 1.0000325354e+01	 9.1787798753e-01
 8.0000000000e-01	 5.0000000000e-01	 4.0000000000e+01	 2.5000000000e+01	 1.0000463392e+01	 9.4339811321e-01
 8.5000000000e-01	 0.0000000000e+00	 4.2500000000e+01	 0.0000000000e+00	 9.9986704717e+00	 8.5000000000e-01
 8.5000000000e-01	 5.0000000000e-02	 4.2500000000e+01	 2.5000000000e+00	 9.9986648796e+00	 8.5146931830e-01
 8.5000000000e-01	 1.0000000000e-01	 4.2500000000e+01	 5.0000000000e+00	 9.9986678262e+00	 8.5586213843e-01
 8.5000000000e-01	 1.5000000000e-01	 4.2500000000e+01	 7.5000000000e+00	 9.9986792925e+00	 8.6313382508e-01
 8.5000000000e-01	 2.0000000000e-01	 4.2500000000e+01	 1.0000000000e+01	 9.9986992630e+00	 8.7321245983e-01
 8.5000000000e-01	 2.5000000000e-01	 4.2500000000e+01	 1.2500000000e+01	 9.9987277252e+00	 8.8600225733e-01
 8.5000000000e-01	 3.0000000000e-01	 4.2500000000e+01	 1.5000000000e+01	 9.9987646704e+00	 9.0138781887e-01
 8.5000000000e-01	 3.5000000000e-01	 4.2500000000e+01	 1.7500000000e+01	 9.9988100930e+00	 9.1923881554e-01
 8.5000000000e-01	 4.0000000000e-01	 4.2500000000e+01	 2.0000000000e+01	 9.9988639910e+00	 9.3941471140e-01
 8.5000000000e-01	 4.5000000000e-01	 4.2500000000e+01	 2.2500000000e+01	 9.9989263656e+00	 9.6176920308e-01
 8.5000000000e-01	 5.0000000000e-01	 4.2500000000e+01	 2.5000000000e+01	 9.9989972214e+00	 9.8615414617e-01
 9.0000000000e-01	 0.0000000000e+00	 4.5000000000e+01	 0.0000000000e+00	 9.9981059089e+00	 9.0000000000e-01
 9.0000000000e-01	 5.0000000000e-02	 4.5000000000e+01	 2.5000000000e+00	 9.9979888172e+00	 9.0138781887e-01
 9.0000000000e-01	 1.0000000000e-01	 4.5000000000e+01	 5.0000000000e+00	 9.9978913814e+00	 9.0553851381e-01
 9.0000000000e-01	 1.5000000000e-01	 4.5000000000e+01	 7.5000000000e+00	 9.9978134962e+00	 9.1241437954e-01
 9.0000000000e-01	 2.0000000000e-01	 4.5000000000e+01	 1.0000000000e+01	 9.9977550732e+00	 9.2195444573e-01
 9.0000000000e-01	 2.5000000000e-01	 4.5000000000e+01	 1.2500000000e+01	 9.9977160399e+00	 9.3407708461e-01
 9.0000000000e-01	 3.0000000000e-01	 4.5000000000e+01	 1.5000000000e+01	 9.9976963407e+00	 9.4868329805e-01
 9.0000000000e-01	 3.5000000000e-01	 4.5000000000e+01	 1.7500000000e+01	 9.9976959361e+00	 9.6566039579e-01
 9.0000000000e-01	 4.0000000000e-01	 4.5000000000e+01	 2.0000000000e+01	 9.9977148032e+00	 9.8488578018e-01
 9.0000000000e-01	 4.5000000000e-01	 4.5000000000e+01	 2.2500000000e+01	 9.9977529356e+00	 1.0062305899e+00
 9.0000000000e-01	 5.0000000000e-01	 4.5000000000e+01	 2.5000000000e+01	 9.9978103431e+00	 1.0295630141e+00
 9.5000000000e-01	 0.0000000000e+00	 4.7500000000e+01	 0.0000000000e+00	 9.9972846441e+00	 9.5000000000e-01
 9.5000000000e-01	 5.0000000000e-02	 4.7500000000e+01	 2.5000000000e+00	 9.9971089165e+00	 9.5131487952e-01
 9.5000000000e-01	 1.0000000000e-01	 4.7500000000e+01	 5.0000000000e+00	 9.9969643112e+00	 9.5524865873e-01
 9.5000000000e-01	 1.5000000000e-01	 4.7500000000e+01	 7.5000000000e+00	 9.9968505484e+00	 9.6176920308e-01
 9.5000000000e-01	 2.0000000000e-01	 4.7500000000e+01	 1.0000000000e+01	 9.9967673890e+00	 9.7082439195e-01
 9.5000000000e-01	 2.5000000000e-01	 4.7500000000e+01	 1.2500000000e+01	 9.9967146344e+00	 9.8234413522e-01
 9.5000000000e-01	 3.0000000000e-01	 4.7500000000e+01	 1.5000000000e+01	 9.9966921265e+00	 9.9624294226e-01
 9.5000000000e-01	 3.5000000000e-01	 4.7500000000e+01	 1.7500000000e+01	 9.9966997477e+00	 1.0124228366e+00
 9.5000000000e-01	 4.0000000000e-01	 4.7500000000e+01	 2.0000000000e+01	 9.9967374210e+00	 1.0307764064e+00
 9.5000000000e-01	 4.5000000000e-01	 4.7500000000e+01	 2.2500000000e+01	 9.9968051097e+00	 1.0511898021e+00
 9.5000000000e-01	 5.0000000000e-01	 4.7500000000e+01	 2.5000000000e+01	 9.9969028181e+00	 1.0735455277e+00
 1.0000000000e+00	 0.0000000000e+00	 5.0000000000e+01	 0.0000000000e+00	 9.9962071304e+00	 1.0000000000e+00
 1.0000000000e+00	 5.0000000000e-02	 5.0000000000e+01	 2.5000000000e+00	 9.9960254723e+00	 1.0012492197e+00
 1.0000000000e+00	 1.0000000000e-01	 5.0000000000e+01	 5.0000000000e+00	 9.9958867928e+00	 1.0049875621e+00
 1.0000000000e+00	 1.5000000000e-01	 5.0000000000e+01	 7.5000000000e+00	 9.9957905440e+00	 1.0111874208e+00
 1.0000000000e+00	 2.0000000000e-01	 5.0000000000e+01	 1.0000000000e+01	 9.9957362536e+00	 1.0198039027e+00
 1.0000000000e+00	 2.5000000000e-01	 5.0000000000e+01	 1.2500000000e+01	 9.9957235247e+00	 1.0307764064e+00
 1.0000000000e+00	 3.0000000000e-01	 5.0000000000e+01	 1.5000000000e+01	 9.9957520362e+00	 1.0440306509e+00
 1.0000000000e+00	 3.5000000000e-01	 5.0000000000e+01	 1.7500000000e+01	 9.9958215428e+00	 1.0594810050e+00
 1.0000000000e+00	 4.0000000000e-01	 5.0000000000e+01	 2.0000000000e+01	 9.9959318746e+00	 1.0770329614e+00
 1.0000000000e+00	 4.5000000000e-01	 5.0000000000e+01	 2.2500000000e+01	 9.9960829375e+00	 1.0965856100e+00
 1.0000000000e+00	 5.0000000000e-01	 5.0000000000e+01	 2.5000000000e+01	 9.9962747131e+00	 1.1180339887e+00
 5.0000000000e-01	 5.0000000000e-01	 2.5000000000e+01	 2.5000000000e+01	 1.0015122891e+01	 7.0710678119e-01
 5.0000000000e-01	 5.5000000000e-01	 2.5000000000e+01	 2.7500000000e+01	 1.0012954509e+01	 7.4330343737e-01
 5.0000000000e-01	 6.0000000000e-01	 2.5000000000e+01	 3.0000000000e+01	 1.0010746002e+01	 7.8102496759e-01
 5.0000000000e-01	 6.5000000000e-01	 2.5000000000e+01	 3.2500000000e+01	 1.0008497100e+01	 8.2006097334e-01
 5.0000000000e-01	 7.0000000000e-01	 2.5000000000e+01	 3.5000000000e+01	 1.0006207654e+01	 8.6023252670e-01
 5.0000000000e-01	 7.5000000000e-01	 2.5000000000e+01	 3.7500000000e+01	 1.0003877633e+01	 9.0138781887e-01
 5.0000000000e-01	 8.0000000000e-01	 2.5000000000e+01	 4.0000000000e+01	 1.0001507128e+01	 9.4339811321e-01
 5.0000000000e-01	 8.5000000000e-01	 2.5000000000e+01	 4.2500000000e+01	 9.9990963495e+00	 9.8615414617e-01
 5.0000000000e-01	 9.0000000000e-01	 2.5000000000e+01	 4.5000000000e+01	 9.9966456279e+00	 1.0295630141e+00
 5.0000000000e-01	 9.5000000000e-01	 2.5000000000e+01	 4.7500000000e+01	 9.9941554150e+00	 1.0735455277e+00
 5.0000000000e-01	 1.0000000000e+00	 2.5000000000e+01	 5.0000000000e+01	 9.9916262830e+00	 1.1180339887e+00
 5.5000000000e-01	 5.0000000000e-01	 2.7500000000e+01	 2.5000000000e+01	 1.0011981913e+01	 7.4330343737e-01
 5.5000000000e-01	 5.5000000000e-01	 2.7500000000e+01	 2.7500000000e+01	 1.0010420397e+01	 7.7781745931e-01
 5.5000000000e-01	 6.0000000000e-01	 2.7500000000e+01	 3.0000000000e+01	 1.0008823636e+01	 8.1394102980e-01
 5.5000000000e-01	 6.5000000000e-01	 2.7500000000e+01	 3.2500000000e+01	 1.0007191446e+01	 8.5146931830e-01
 5.5000000000e-01	 7.0000000000e-01	 2.7500000000e+01	 3.5000000000e+01	 1.0005523734e+01	 8.9022469074e-01
 5.5000000000e-01	 7.5000000000e-01	 2.7500000000e+01	 3.7500000000e+01	 1.0003820500e+01	 9.3005376189e-01
 5.5000000000e-01	 8.0000000000e-01	 2.7500000000e+01	 4.0000000000e+01	 1.0002081837e+01	 9.7082439195e-01
 5.5000000000e-01	 8.5000000000e-01	 2.7500000000e+01	 4.2500000000e+01	 1.0000307928e+01	 1.0124228366e+00
 5.5000000000e-01	 9.0000000000e-01	 2.7500000000e+01	 4.5000000000e+01	 9.9984990486e+00	 1.0547511555e+00
 5.5000000000e-01	 9.5000000000e-01	 2.7500000000e+01	 4.7500000000e+01	 9.9966555684e+00	 1.0977249200e+00
 5.5000000000e-01	 1.0000000000e+00	 2.7500000000e+01	 5.0000000000e+01	 9.9947779481e+00	 1.1412712211e+00
 6.0000000000e-01	 5.0000000000e-01	 3.0000000000e+01	 2.5000000000e+01	 1.0009119986e+01	 7.8102496759e-01
 6.0000000000e-01	 5.5000000000e-01	 3.0000000000e+01	 2.7500000000e+01	 1.0008084034e+01	 8.1394102980e-01
 6.0000000000e-01	 6.0000000000e-01	 3.0000000000e+01	 3.0000000000e+01	 1.0007017747e+01	 8.4852813742e-01
 6.0000000000e-01	 6.5000000000e-01	 3.0000000000e+01	 3.2500000000e+01	 1.0005921006e+01	 8.8459030065e-01
 6.0000000000e-01	 7.0000000000e-01	 3.0000000000e+01	 3.5000000000e+01	 1.0004793758e+01	 9.2195444573e-01
 6.0000000000e-01	 7.5000000000e-01	 3.0000000000e+01	 3.7500000000e+01	 1.0003636017e+01	 9.6046863561e-01
 6.0000000000e-01	 8.0000000000e-01	 3.0000000000e+01	 4.0000000000e+01	 1.0002447866e+01	 1.0000000000e+00
 6.0000000000e-01	 8.5000000000e-01	 3.0000000000e+01	 4.2500000000e+01	 1.0001229456e+01	 1.0404326023e+00
 6.0000000000e-01	 9.0000000000e-01	 3.0000000000e+01	 4.5000000000e+01	 9.9999810037e+00	 1.0816653826e+00
 6.0000000000e-01	 9.5000000000e-01	 3.0000000000e+01	 4.7500000000e+01	 9.9987027955e+00	 1.1236102527e+00
 6.0000000000e-01	 1.0000000000e+00	 3.0000000000e+01	 5.0000000000e+01	 9.9973951849e+00	 1.1661903790e+00
 6.5000000000e-01	 5.0000000000e-01	 3.2500000000e+01	 2.5000000000e+01	 1.0006537137e+01	 8.2006097334e-01
 6.5000000000e-01	 5.5000000000e-01	 3.2500000000e+01	 2.7500000000e+01	 1.0005945429e+01	 8.5146931830e-01
 6.5000000000e-01	 6.0000000000e-01	 3.2500000000e+01	 3.0000000000e+01	 1.0005328320e+01	 8.8459030065e-01
 6.5000000000e-01	 6.5000000000e-01	 3.2500000000e+01	 3.2500000000e+01	 1.0004685735e+01	 9.1923881554e-01
 6.5000000000e-01	 7.0000000000e-01	 3.2500000000e+01	 3.5000000000e+01	 1.0004017646e+01	 9.5524865873e-01
 6.5000000000e-01	 7.5000000000e-01	 3.2500000000e+01	 3.7500000000e+01	 1.0003324072e+01	 9.9247166206e-01
 6.5000000000e-01	 8.0000000000e-01	 3.2500000000e+01	 4.0000000000e+01	 1.0002605077e+01	 1.0307764064e+00
 6.5000000000e-01	 8.5000000000e-01	 3.2500000000e+01	 4.2500000000e+01	 1.0001860776e+01	 1.0700467280e+00
 6.5000000000e-01	 9.0000000000e-01	 3.2500000000e+01	 4.5000000000e+01	 1.0001091328e+01	 1.1101801656e+00
 6.5000000000e-01	 9.5000000000e-01	 3.2500000000e+01	 4.7500000000e+01	 1.0000296939e+01	 1.1510864433e+00
 6.5000000000e-01	 1.0000000000e+00	 3.2500000000e+01	 5.0000000000e+01	 9.9994778648e+00	 1.1926860442e+00
 7.0000000000e-01	 5.0000000000e-01	 3.5000000000e+01	 2.5000000000e+01	 1.0004233396e+01	 8.6023252670e-01
 7.0000000000e-01	 5.5000000000e-01	 3.5000000000e+01	 2.7500000000e+01	 1.0004004597e+01	 8.9022469074e-01
 7.0000000000e-01	 6.0000000000e-01	 3.5000000000e+01	 3.0000000000e+01	 1.0003755345e+01	 9.2195444573e-01
 7.0000000000e-01	 6.5000000000e-01	 3.5000000000e+01	 3.2500000000e+01	 1.0003485595e+01	 9.5524865873e-01
 7.0000000000e-01	 7.0000000000e-01	 3.5000000000e+01	 3.5000000000e+01	 1.0003195331e+01	 9.8994949366e-01
 7.0000000000e-01	 7.5000000000e-01	 3.5000000000e+01	 3.7500000000e+01	 1.0002884569e+01	 1.0259142264e+00
 7.0000000000e-01	 8.0000000000e-01	 3.5000000000e+01	 4.0000000000e+01	 1.0002553354e+01	 1.0630145813e+00
 7.0000000000e-01	 8.5000000000e-01	 3.5000000000e+01	 4.2500000000e+01	 1.0002201761e+01	 1.1011357773e+00
 7.0000000000e-01	 9.0000000000e-01	 3.5000000000e+01	 4.5000000000e+01	 1.0001829897e+01	 1.1401754251e+00
 7.0000000000e-01	 9.5000000000e-01	 3.5000000000e+01	 4.7500000000e+01	 1.0001437896e+01	 1.1800423721e+00
 7.0000000000e-01	 1.0000000000e+00	 3.5000000000e+01	 5.0000000000e+01	 1.0001025924e+01	 1.2206555616e+00
 7.5000000000e-01	 5.0000000000e-01	 3.7500000000e+01	 2.5000000000e+01	 1.0002208800e+01	 9.0138781887e-01
 7.5000000000e-01	 5.5000000000e-01	 3.7500000000e+01	 2.7500000000e+01	 1.0002261559e+01	 9.3005376189e-01
 7.5000000000e-01	 6.0000000000e-01	 3.7500000000e+01	 3.0000000000e+01	 1.0002298820e+01	 9.6046863561e-01
 7.5000000000e-01	 6.5000000000e-01	 3.7500000000e+01	 3.2500000000e+01	 1.0002320555e+01	 9.9247166206e-01
 7.5000000000e-01	 7.0000000000e-01	 3.7500000000e+01	 3.5000000000e+01	 1.0002326756e+01	 1.0259142264e+00
 7.5000000000e-01	 7.5000000000e-01	 3.7500000000e+01	 3.7500000000e+01	 1.0002317430e+01	 1.0606601718e+00
 7.5000000000e-01	 8.0000000000e-01	 3.7500000000e+01	 4.0000000000e+01	 1.0002292603e+01	 1.0965856100e+00
 7.5000000000e-01	 8.5000000000e-01	 3.7500000000e+01	 4.2500000000e+01	 1.0002252315e+01	 1.1335784049e+00
 7.5000000000e-01	 9.0000000000e-01	 3.7500000000e+01	 4.5000000000e+01	 1.0002196626e+01	 1.1715374514e+00
 7.5000000000e-01	 9.5000000000e-01	 3.7500000000e+01	 4.7500000000e+01	 1.0002125612e+01	 1.2103718437e+00
 7.5000000000e-01	 1.0000000000e+00	 3.7500000000e+01	 5.0000000000e+01	 1.0002039366e+01	 1.2500000000e+00
 8.0000000000e-01	 5.0000000000e-01	 4.0000000000e+01	 2.5000000000e+01	 1.0000463392e+01	 9.4339811321e-01
 8.0000000000e-01	 5.5000000000e-01	 4.0000000000e+01	 2.7500000000e+01	 1.0000716339e+01	 9.7082439195e-01
 8.0000000000e-01	 6.0000000000e-01	 4.0000000000e+01	 3.0000000000e+01	 1.0000958744e+01	 1.0000000000e+00
 8.0000000000e-01	 6.5000000000e-01	 4.0000000000e+01	 3.2500000000e+01	 1.0001190591e+01	 1.0307764064e+00
 8.0000000000e-01	 7.0000000000e-01	 4.0000000000e+01	 3.5000000000e+01	 1.0001411873e+01	 1.0630145813e+00
 8.0000000000e-01	 7.5000000000e-01	 4.0000000000e+01	 3.7500000000e+01	 1.0001622591e+01	 1.0965856100e+00
 8.0000000000e-01	 8.0000000000e-01	 4.0000000000e+01	 4.0000000000e+01	 1.0001822752e+01	 1.1313708499e+00
 8.0000000000e-01	 8.5000000000e-01	 4.0000000000e+01	 4.2500000000e+01	 1.0002012372e+01	 1.1672617530e+00
 8.0000000000e-01	 9.0000000000e-01	 4.0000000000e+01	 4.5000000000e+01	 1.0002191475e+01	 1.2041594579e+00
 8.0000000000e-01	 9.5000000000e-01	 4.0000000000e+01	 4.7500000000e+01	 1.0002360090e+01	 1.2419742348e+00
 8.0000000000e-01	 1.0000000000e+00	 4.0000000000e+01	 5.0000000000e+01	 1.0002518257e+01	 1.2806248475e+00
 8.5000000000e-01	 5.0000000000e-01	 4.2500000000e+01	 2.5000000000e+01	 9.9989972214e+00	 9.8615414617e-01
 8.5000000000e-01	 5.5000000000e-01	 4.2500000000e+01	 2.7500000000e+01	 9.9993689668e+00	 1.0124228366e+00
 8.5000000000e-01	 6.0000000000e-01	 4.2500000000e+01	 3.0000000000e+01	 9.9997351240e+00	 1.0404326023e+00
 8.5000000000e-01	 6.5000000000e-01	 4.2500000000e+01	 3.2500000000e+01	 1.0000095686e+01	 1.0700467280e+00
 8.5000000000e-01	 7.0000000000e-01	 4.2500000000e+01	 3.5000000000e+01	 1.0000450646e+01	 1.1011357773e+00
 8.5000000000e-01	 7.5000000000e-01	 4.2500000000e+01	 3.7500000000e+01	 1.0000800003e+01	 1.1335784049e+00
 8.5000000000e-01	 8.0000000000e-01	 4.2500000000e+01	 4.0000000000e+01	 1.0001143753e+01	 1.1672617530e+00
 8.5000000000e-01	 8.5000000000e-01	 4.2500000000e+01	 4.2500000000e+01	 1.0001481898e+01	 1.2020815280e+00
 8.5000000000e-01	 9.0000000000e-01	 4.2500000000e+01	 4.5000000000e+01	 1.0001814439e+01	 1.2379418403e+00
 8.5000000000e-01	 9.5000000000e-01	 4.2500000000e+01	 4.7500000000e+01	 1.0002141382e+01	 1.2747548784e+00
 8.5000000000e-01	 1.0000000000e+00	 4.2500000000e+01	 5.0000000000e+01	 1.0002462732e+01	 1.3124404748e+00
 9.0000000000e-01	 5.0000000000e-01	 4.5000000000e+01	 2.5000000000e+01	 9.9978103431e+00	 1.0295630141e+00
 9.0000000000e-01	 5.5000000000e-01	 4.5000000000e+01	 2.7500000000e+01	 9.9982194757e+00	 1.0547511555e+00
 9.0000000000e-01	 6.0000000000e-01	 4.5000000000e+01	 3.0000000000e+01	 9.9986279712e+00	 1.0816653826e+00
 9.0000000000e-01	 6.5000000000e-01	 4.5000000000e+01	 3.2500000000e+01	 9.9990358295e+00	 1.1101801656e+00
 9.0000000000e-01	 7.0000000000e-01	 4.5000000000e+01	 3.5000000000e+01	 9.9994430504e+00	 1.1401754251e+00
 9.0000000000e-01	 7.5000000000e-01	 4.5000000000e+01	 3.7500000000e+01	 9.9998496339e+00	 1.1715374514e+00
 9.0000000000e-01	 8.0000000000e-01	 4.5000000000e+01	 4.0000000000e+01	 1.0000255580e+01	 1.2041594579e+00
 9.0000000000e-01	 8.5000000000e-01	 4.5000000000e+01	 4.2500000000e+01	 1.0000660888e+01	 1.2379418403e+00
 9.0000000000e-01	 9.0000000000e-01	 4.5000000000e+01	 4.5000000000e+01	 1.0001065559e+01	 1.2727922061e+00
 9.0000000000e-01	 9.5000000000e-01	 4.5000000000e+01	 4.7500000000e+01	 1.0001469592e+01	 1.3086252328e+00
 9.0000000000e-01	 1.0000000000e+00	 4.5000000000e+01	 5.0000000000e+01	 1.0001872988e+01	 1.3453624047e+00
 9.5000000000e-01	 5.0000000000e-01	 4.7500000000e+01	 2.5000000000e+01	 9.9969028181e+00	 1.0735455277e+00
 9.5000000000e-01	 5.5000000000e-01	 4.7500000000e+01	 2.7500000000e+01	 9.9972679048e+00	 1.0977249200e+00
 9.5000000000e-01	 6.0000000000e-01	 4.7500000000e+01	 3.0000000000e+01	 9.9976373017e+00	 1.1236102527e+00
 9.5000000000e-01	 6.5000000000e-01	 4.7500000000e+01	 3.2500000000e+01	 9.9980110194e+00	 1.1510864433e+00
 9.5000000000e-01	 7.0000000000e-01	 4.7500000000e+01	 3.5000000000e+01	 9.9983890700e+00	 1.1800423721e+00
 9.5000000000e-01	 7.5000000000e-01	 4.7500000000e+01	 3.7500000000e+01	 9.9987714679e+00	 1.2103718437e+00
 9.5000000000e-01	 8.0000000000e-01	 4.7500000000e+01	 4.0000000000e+01	 9.9991582288e+00	 1.2419742348e+00
 9.5000000000e-01	 8.5000000000e-01	 4.7500000000e+01	 4.2500000000e+01	 9.9995493709e+00	 1.2747548784e+00
 9.5000000000e-01	 9.0000000000e-01	 4.7500000000e+01	 4.5000000000e+01	 9.9999449137e+00	 1.3086252328e+00
 9.5000000000e-01	 9.5000000000e-01	 4.7500000000e+01	 4.7500000000e+01	 1.0000344879e+01	 1.3435028843e+00
 9.5000000000e-01	 1.0000000000e+00	 4.7500000000e+01	 5.0000000000e+01	 1.0000749290e+01	 1.3793114224e+00
 1.0000000000e+00	 5.0000000000e-01	 5.0000000000e+01	 2.5000000000e+01	 9.9962747131e+00	 1.1180339887e+00
 1.0000000000e+00	 5.5000000000e-01	 5.0000000000e+01	 2.7500000000e+01	 9.9965142975e+00	 1.1412712211e+00
 1.0000000000e+00	 6.0000000000e-01	 5.0000000000e+01	 3.0000000000e+01	 9.9967631370e+00	 1.1661903790e+00
 1.0000000000e+00	 6.5000000000e-01	 5.0000000000e+01	 3.2500000000e+01	 9.9970212596e+00	 1.1926860442e+00
 1.0000000000e+00	 7.0000000000e-01	 5.0000000000e+01	 3.5000000000e+01	 9.9972887009e+00	 1.2206555616e+00
 1.0000000000e+00	 7.5000000000e-01	 5.0000000000e+01	 3.7500000000e+01	 9.9975655039e+00	 1.2500000000e+00
 1.0000000000e+00	 8.0000000000e-01	 5.0000000000e+01	 4.0000000000e+01	 9.9978517189e+00	 1.2806248475e+00
 1.0000000000e+00	 8.5000000000e-01	 5.0000000000e+01	 4.2500000000e+01	 9.9981474039e+00	 1.3124404748e+00
 1.0000000000e+00	 9.0000000000e-01	 5.0000000000e+01	 4.5000000000e+01	 9.9984526242e+00	 1.3453624047e+00
 1.0000000000e+00	 9.5000000000e-01	 5.0000000000e+01	 4.7500000000e+01	 9.9987674527e+00	 1.3793114224e+00
 1.0000000000e+00	 1.0000000000e+00	 5.0000000000e+01	 5.0000000000e+01	 9.9990919696e+00	 1.4142135624e+00

patch_n;1

 0.0000000000e+00	 0.0000000000e+00	 1.0000000000e+00	 0.0000000000e+00	 3.6415604491e+02	 0.0000000000e+00
 0.0000000000e+00	 1.0000000000e-01	 9.9129861554e-01	 1.6161597457e-01	 6.3416319972e+01	 1.0000000000e-01
 0.0000000000e+00	 2.0000000000e-01	 9.6275783593e-01	 3.2139029700e-01	 1.4404113499e+02	 2.0000000000e-01
 0.0000000000e+00	 3.0000000000e-01	 9.1140270556e-01	 4.7399722407e-01	 1.9467872675e+02	 3.0000000000e-01
 0.0000000000e+00	 4.0000000000e-01	 8.3563767268e-01	 6.1382603606e-01	 1.3080351669e+02	 4.0000000000e-01
 0.0000000000e+00	 5.0000000000e-01	 7.3570226041e-01	 7.3570226041e-01	 1.5715931487e+01	 5.0000000000e-01
 0.0000000000e+00	 6.0000000000e-01	 6.1382603606e-01	 8.3563767268e-01	 1.3682750909e+02	 6.0000000000e-01
 0.0000000000e+00	 7.0000000000e-01	 4.7399722407e-01	 9.1140270556e-01	 2.0135822768e+02	 7.0000000000e-01
 0.0000000000e+00	 8.0000000000e-01	 3.2139029700e-01	 9.6275783593e-01	 1.5159980654e+02	 8.0000000000e-01
 0.0000000000e+00	 9.0000000000e-01	 1.6161597457e-01	 9.9129861554e-01	 6.2671866556e+01	 9.0000000000e-01
 0.0000000000e+00	 1.0000000000e+00	 0.0000000000e+00	 1.0000000000e+00	 3.5933858144e+02	 1.0000000000e+00
 1.0000000000e-01	 0.0000000000e+00	 1.1000000000e+00	 0.0000000000e+00	 2.1398052769e+02	 1.0000000000e-01
 1.0000000000e-01	 1.0000000000e-01	 1.0904284771e+00	 1.7777757203e-01	 2.2558188431e+01	 1.4142135624e-01
 1.0000000000e-01	 2.0000000000e-01	 1.0590336195e+00	 3.5352932670e-01	 9.3450744980e+01	 2.2360679775e-01
 1.0000000000e-01	 3.0000000000e-01	 1.0025429761e+00	 5.2139694647e-01	 1.2403836164e+02	 3.1622776602e-01
 1.0000000000e-01	 4.0000000000e-01	 9.1920143994e-01	 6.7520863966e-01	 8.2097923057e+01	 4.1231056256e-01
 1.0000000000e-01	 5.0000000000e-01	 8.0927248644e-01	 8.0927248644e-01	 7.9317814293e+00	 5.0990195136e-01
 1.0000000000e-01	 6.0000000000e-01	 6.7520863966e-01	 9.1920143994e-01	 8.8801553548e+01	 6.0827625303e-01
 1.0000000000e-01	 7.0000000000e-01	 5.2139694647e-01	 1.0025429761e+00	 1.3108693818e+02	 7.0710678119e-01
 1.0000000000e-01	 8.0000000000e-01	 3.5352932670e-01	 1.0590336195e+00	 1.0091407305e+02	 8.0622577483e-01
 1.0000000000e-01	 9.0000000000e-01	 1.7777757203e-01	 1.0904284771e+00	 1.9749446172e+01	 9.0553851381e-01
 1.0000000000e-01	 1.0000000000e+00	 0.0000000000e+00	 1.1000000000e+00	 2.0801789104e+02	 1.0049875621e+00
 2.0000000000e-01	 0.0000000000e+00	 1.2000000000e+00	 0.0000000000e+00	 1.1399839661e+02	 2.0000000000e-01
 2.0000000000e-01	 1.0000000000e-01	 1.1895583386e+00	 1.9393916948e-01	 1.0466626869e+01	 2.2360679775e-01
 2.0000000000e-01	 2.0000000000e-01	 1.1553094031e+00	 3.8566835640e-01	 5.5064140539e+01	 2.8284271247e-01
 2.0000000000e-01	 3.0000000000e-01	 1.0936832467e+00	 5.6879666887e-01	 7.1069485487e+01	 3.6055512755e-01
 2.0000000000e-01	 4.0000000000e-01	 1.0027652072e+00	 7.3659124326e-01	 4.7303179586e+01	 4.4721359550e-01
 2.0000000000e-01	 5.0000000000e-01	 8.8284271247e-01	 8.8284271247e-01	 1.4544634883e+01	 5.3851648071e-01
 2.0000000000e-01	 6.0000000000e-01	 7.3659124326e-01	 1.0027652072e+00	 5.4013596187e+01	 6.3245553203e-01
 2.0000000000e-01	 7.0000000000e-01	 5.6879666887e-01	 1.0936832467e+00	 7.8087659778e+01	 7.2801098893e-01
 2.0000000000e-01	 8.0000000000e-01	 3.8566835640e-01	 1.1553094031e+00	 6.2187635780e+01	 8.2462112512e-01
 2.0000000000e-01	 9.0000000000e-01	 1.9393916948e-01	 1.1895583386e+00	 7.0232216726e+00	 9.2195444573e-01
 2.0000000000e-01	 1.0000000000e+00	 0.0000000000e+00	 1.2000000000e+00	 1.0721728872e+02	 1.0198039027e+00
 3.0000000000e-01	 0.0000000000e+00	 1.3000000000e+00	 0.0000000000e+00	 4.8815120669e+01	 3.0000000000e-01
 3.0000000000e-01	 1.0000000000e-01	 1.2886882002e+00	 2.1010076694e-01	 1.0149501111e+01	 3.1622776602e-01
 3.0000000000e-01	 2.0000000000e-01	 1.2515851867e+00	 4.1780738609e-01	 2.6161595872e+01	 3.6055512755e-01
 3.0000000000e-01	 3.0000000000e-01	 1.1848235172e+00	 6.1619639128e-01	 3.2370621488e+01	 4.2426406871e-01
 3.0000000000e-01	 4.0000000000e-01	 1.0863289745e+00	 7.9797384686e-01	 2.2691542671e+01	 5.0000000000e-01
 3.0000000000e-01	 5.0000000000e-01	 9.5641293851e-01	 9.5641293851e-01	 1.3998771213e+01	 5.8309518948e-01
 3.0000000000e-01	 6.0000000000e-01	 7.9797384686e-01	 1.0863289745e+00	 2.8798938115e+01	 6.7082039325e-01
 3.0000000000e-01	 7.0000000000e-01	 6.1619639128e-01	 1.1848235172e+00	 3.9122503487e+01	 7.6157731059e-01
 3.0000000000e-01	 8.0000000000e-01	 4.1780738609e-01	 1.2515851867e+00	 3.2837225084e+01	 8.5440037453e-01
 3.0000000000e-01	 9.0000000000e-01	 2.1010076694e-01	 1.2886882002e+00	 1.0315499356e+01	 9.4868329805e-01
 3.0000000000e-01	 1.0000000000e+00	 0.0000000000e+00	 1.3000000000e+00	 4.1516069700e+01	 1.0440306509e+00
 4.0000000000e-01	 0.0000000000e+00	 1.4000000000e+00	 0.0000000000e+00	 1.2480458472e+01	 4.0000000000e-01
 4.0000000000e-01	 1.0000000000e-01	 1.3878180618e+00	 2.2626236439e-01	 6.7580782917e+00	 4.1231056256e-01
 4.0000000000e-01	 2.0000000000e-01	 1.3478609703e+00	 4.4994641579e-01	 5.4638588519e+00	 4.4721359550e-01
 4.0000000000e-01	 3.0000000000e-01	 1.2759637878e+00	 6.6359611368e-01	 6.5705572356e+00	 5.0000000000e-01
 4.0000000000e-01	 4.0000000000e-01	 1.1698927417e+00	 8.5935645047e-01	 7.7763593241e+00	 5.6568542495e-01
 4.0000000000e-01	 5.0000000000e-01	 1.0299831646e+00	 1.0299831646e+00	 9.4581956646e+00	 6.4031242374e-01
 4.0000000000e-01	 6.0000000000e-01	 8.5935645047e-01	 1.1698927417e+00	 1.1426707696e+01	 7.2111025509e-01
 4.0000000000e-01	 7.0000000000e-01	 6.6359611368e-01	 1.2759637878e+00	 1.2469703925e+01	 8.0622577483e-01
 4.0000000000e-01	 8.0000000000e-01	 4.4994641579e-01	 1.3478609703e+00	 1.1717953273e+01	 8.9442719100e-01
 4.0000000000e-01	 9.0000000000e-01	 2.2626236439e-01	 1.3878180618e+00	 9.6933092432e+00	 9.8488578018e-01
 4.0000000000e-01	 1.0000000000e+00	 0.0000000000e+00	 1.4000000000e+00	 9.6387202132e+00	 1.0770329614e+00
 5.0000000000e-01	 0.0000000000e+00	 1.5000000000e+00	 0.0000000000e+00	 2.1330970353e+01	 5.0000000000e-01
 5.0000000000e-01	 1.0000000000e-01	 1.4869479233e+00	 2.4242396185e-01	 4.9453963788e+00	 5.0990195136e-01
 5.0000000000e-01	 2.0000000000e-01	 1.4441367539e+00	 4.8208544549e-01	 8.2180024765e+00	 5.3851648071e-01
 5.0000000000e-01	 3.0000000000e-01	 1.3671040583e+00	 7.1099583608e-01	 1.1638255205e+01	 5.8309518948e-01
 5.0000000000e-01	 4.0000000000e-01	 1.2534565090e+00	 9.2073905407e-01	 9.2815847419e+00	 6.4031242374e-01
 5.0000000000e-01	 5.0000000000e-01	 1.1035533906e+00	 1.1035533906e+00	 4.0955081036e+00	 7.0710678119e-01
 5.0000000000e-01	 6.0000000000e-01	 9.2073905407e-01	 1.2534565090e+00	 4.6005824740e+00	 7.8102496759e-01
 5.0000000000e-01	 7.0000000000e-01	 7.1099583608e-01	 1.3671040583e+00	 6.6505891070e+00	 8.6023252670e-01
 5.0000000000e-01	 8.0000000000e-01	 4.8208544549e-01	 1.4441367539e+00	 4.0792563760e+00	 9.4339811321e-01
 5.0000000000e-01	 9.0000000000e-01	 2.4242396185e-01	 1.4869479233e+00	 9.8137061305e+00	 1.0295630141e+00
 5.0000000000e-01	 1.0000000000e+00	 0.0000000000e+00	 1.5000000000e+00	 2.7244516637e+01	 1.1180339887e+00
 6.0000000000e-01	 0.0000000000e+00	 1.6000000000e+00	 0.0000000000e+00	 3.0022294391e+01	 6.0000000000e-01
 6.0000000000e-01	 1.0000000000e-01	 1.5860777849e+00	 2.5858555930e-01	 9.1405308434e+00	 6.0827625303e-01
 6.0000000000e-01	 2.0000000000e-01	 1.5404125375e+00	 5.1422447519e-01	 1.4301697599e+01	 6.3245553203e-01
 6.0000000000e-01	 3.0000000000e-01	 1.4582443289e+00	 7.5839555849e-01	 1.7977137728e+01	 6.7082039325e-01
 6.0000000000e-01	 4.0000000000e-01	 1.3370202763e+00	 9.8212165767e-01	 1.3176746534e+01	 7.2111025509e-01
 6.0000000000e-01	 5.0000000000e-01	 1.1771236166e+00	 1.1771236166e+00	 3.6715261134e+00	 7.8102496759e-01
 6.0000000000e-01	 6.0000000000e-01	 9.8212165767e-01	 1.3370202763e+00	 7.8417490210e+00	 8.4852813742e-01
 6.0000000000e-01	 7.0000000000e-01	 7.5839555849e-01	 1.4582443289e+00	 1.2676773540e+01	 9.2195444573e-01
 6.0000000000e-01	 8.0000000000e-01	 5.1422447519e-01	 1.5404125375e+00	 9.8418648371e+00	 1.0000000000e+00
 6.0000000000e-01	 9.0000000000e-01	 2.5858555930e-01	 1.5860777849e+00	 1.2710964644e+01	 1.0816653826e+00
 6.0000000000e-01	 1.0000000000e+00	 0.0000000000e+00	 1.6000000000e+00	 3.6288762132e+01	 1.1661903790e+00
 7.0000000000e-01	 0.0000000000e+00	 1.7000000000e+00	 0.0000000000e+00	 2.7367809418e+01	 7.0000000000e-01
 7.0000000000e-01	 1.0000000000e-01	 1.6852076464e+00	 2.7474715676e-01	 1.1849541766e+01	 7.0710678119e-01
 7.0000000000e-01	 2.0000000000e-01	 1.6366883211e+00	 5.4636350488e-01	 1.3241545236e+01	 7.2801098893e-01
 7.0000000000e-01	 3.0000000000e-01	 1.5493845995e+00	 8.0579528089e-01	 1.5508635365e+01	 7.6157731059e-01
 7.0000000000e-01	 4.0000000000e-01	 1.4205840435e+00	 1.0435042613e+00	 1.2033596886e+01	 8.0622577483e-01
 7.0000000000e-01	 5.0000000000e-01	 1.2506938427e+00	 1.2506938427e+00	 6.0484450672e+00	 8.6023252670e-01
 7.0000000000e-01	 6.0000000000e-01	 1.0435042613e+00	 1.4205840435e+00	 7.3285401504e+00	 9.2195444573e-01
 7.0000000000e-01	 7.0000000000e-01	 8.0579528089e-01	 1.5493845995e+00	 1.0454884325e+01	 9.8994949366e-01
 7.0000000000e-01	 8.0000000000e-01	 5.4636350488e-01	 1.6366883211e+00	 9.5350459430e+00	 1.0630145813e+00
 7.0000000000e-01	 9.0000000000e-01	 2.7474715676e-01	 1.6852076464e+00	 1.4552054468e+01	 1.1401754251e+00
 7.0000000000e-01	 1.0000000000e+00	 0.0000000000e+00	 1.7000000000e+00	 3.3224332182e+01	 1.2206555616e+00
 8.0000000000e-01	 0.0000000000e+00	 1.8000000000e+00	 0.0000000000e+00	 1.5907119750e+01	 8.0000000000e-01
 8.0000000000e-01	 1.0000000000e-01	 1.7843375080e+00	 2.9090875422e-01	 9.7690194192e+00	 8.0622577483e-01
 8.0000000000e-01	 2.0000000000e-01	 1.7329641047e+00	 5.7850253458e-01	 5.9776468357e+00	 8.2462112512e-01
 8.0000000000e-01	 3.0000000000e-01	 1.6405248700e+00	 8.5319500329e-01	 5.2346733338e+00	 8.5440037453e-01
 8.0000000000e-01	 4.0000000000e-01	 1.5041478108e+00	 1.1048868649e+00	 5.7103316735e+00	 8.9442719100e-01
 8.0000000000e-01	 5.0000000000e-01	 1.3242640687e+00	 1.3242640687e+00	 5.5014054141e+00	 9.4339811321e-01
 8.0000000000e-01	 6.0000000000e-01	 1.1048868649e+00	 1.5041478108e+00	 4.2535257706e+00	 1.0000000000e+00
 8.0000000000e-01	 7.0000000000e-01	 8.5319500329e-01	 1.6405248700e+00	 3.3301427944e+00	 1.0630145813e+00
 8.0000000000e-01	 8.0000000000e-01	 5.7850253458e-01	 1.7329641047e+00	 6.3575194292e+00	 1.1313708499e+00
 8.0000000000e-01	 9.0000000000e-01	 2.9090875422e-01	 1.7843375080e+00	 1.2271243025e+01	 1.2041594579e+00
 8.0000000000e-01	 1.0000000000e+00	 0.0000000000e+00	 1.8000000000e+00	 1.9791888997e+01	 1.2806248475e+00
 9.0000000000e-01	 0.0000000000e+00	 1.9000000000e+00	 0.0000000000e+00	 2.4376163897e+01	 9.0000000000e-01
 9.0000000000e-01	 1.0000000000e-01	 1.8834673695e+00	 3.0707035167e-01	 2.4600969976e+00	 9.0553851381e-01
 9.0000000000e-01	 2.0000000000e-01	 1.8292398883e+00	 6.1064156428e-01	 1.3679064667e+01	 9.2195444573e-01
 9.0000000000e-01	 3.0000000000e-01	 1.7316651406e+00	 9.0059472570e-01	 1.6380333346e+01	 9.4868329805e-01
 9.0000000000e-01	 4.0000000000e-01	 1.5877115781e+00	 1.1662694685e+00	 9.7588531954e+00	 9.8488578018e-01
 9.0000000000e-01	 5.0000000000e-01	 1.3978342947e+00	 1.3978342947e+00	 2.4409154807e+00	 1.0295630141e+00
 9.0000000000e-01	 6.0000000000e-01	 1.1662694685e+00	 1.5877115781e+00	 1.4487384581e+01	 1.0816653826e+00
 9.0000000000e-01	 7.0000000000e-01	 9.0059472570e-01	 1.7316651406e+00	 2.1102471627e+01	 1.1401754251e+00
 9.0000000000e-01	 8.0000000000e-01	 6.1064156428e-01	 1.8292398883e+00	 1.8472701524e+01	 1.2041594579e+00
 9.0000000000e-01	 9.0000000000e-01	 3.0707035167e-01	 1.8834673695e+00	 6.1200933924e+00	 1.2727922061e+00
 9.0000000000e-01	 1.0000000000e+00	 0.0000000000e+00	 1.9000000000e+00	 1.9814734594e+01	 1.3453624047e+00
 1.0000000000e+00	 0.0000000000e+00	 2.0000000000e+00	 0.0000000000e+00	 6.3618443549e+01	 1.0000000000e+00
 1.0000000000e+00	 1.0000000000e-01	 1.9825972311e+00	 3.2323194913e-01	 1.6426434181e+01	 1.0049875621e+00
 1.0000000000e+00	 2.0000000000e-01	 1.9255156719e+00	 6.4278059397e-01	 3.7563954407e+01	 1.0198039027e+00
 1.0000000000e+00	 3.0000000000e-01	 1.8228054111e+00	 9.4799444810e-01	 4.4345517678e+01	 1.0440306509e+00
 1.0000000000e+00	 4.0000000000e-01	 1.6712753453e+00	 1.2276520721e+00	 2.9108771911e+01	 1.0770329614e+00
 1.0000000000e+00	 5.0000000000e-01	 1.4714045208e+00	 1.4714045208e+00	 1.0957640971e+01	 1.1180339887e+00
 1.0000000000e+00	 6.0000000000e-01	 1.2276520721e+00	 1.6712753453e+00	 3.3933023779e+01	 1.1661903790e+00
 1.0000000000e+00	 7.0000000000e-01	 9.4799444810e-01	 1.8228054111e+00	 4.9242013296e+01	 1.2206555616e+00
 1.0000000000e+00	 8.0000000000e-01	 6.4278059397e-01	 1.9255156719e+00	 4.2175721885e+01	 1.2806248475e+00
 1.0000000000e+00	 9.0000000000e-01	 3.2323194913e-01	 1.9825972311e+00	 1.6471971314e+01	 1.3453624047e+00
 1.0000000000e+00	 1.0000000000e+00	 0.0000000000e+00	 2.0000000000e+00	 5.8400205340e+01	 1.4142135624e+00
