1	10	10
21	21	2	2
 0.0000e+00	 0.0000e+00	 0.0000e+00	 0.0000e+00	 0.0000e+00
 0.0000e+00	 2.5000e+00	 0.0000e+00	 2.3080e-02	 2.3080e-02
 0.0000e+00	 5.0000e+00	 0.0000e+00	 4.6106e-02	 4.6106e-02
 0.0000e+00	 7.5000e+00	 0.0000e+00	 6.9078e-02	 6.9078e-02
 0.0000e+00	 1.0000e+01	 0.0000e+00	 9.1996e-02	 9.1996e-02
 0.0000e+00	 1.2500e+01	 0.0000e+00	 1.1486e-01	 1.1486e-01
 0.0000e+00	 1.5000e+01	 0.0000e+00	 1.3767e-01	 1.3767e-01
 0.0000e+00	 1.7500e+01	 0.0000e+00	 1.6043e-01	 1.6043e-01
 0.0000e+00	 2.0000e+01	 0.0000e+00	 1.8313e-01	 1.8313e-01
 0.0000e+00	 2.2500e+01	 0.0000e+00	 2.0578e-01	 2.0578e-01
 0.0000e+00	 2.5000e+01	 0.0000e+00	 2.2837e-01	 2.2837e-01
 0.0000e+00	 2.7500e+01	 0.0000e+00	 2.5095e-01	 2.5095e-01
 0.0000e+00	 3.0000e+01	 0.0000e+00	 2.7356e-01	 2.7356e-01
 0.0000e+00	 3.2500e+01	 0.0000e+00	 2.9619e-01	 2.9619e-01
 0.0000e+00	 3.5000e+01	 0.0000e+00	 3.1885e-01	 3.1885e-01
 0.0000e+00	 3.7500e+01	 0.0000e+00	 3.4154e-01	 3.4154e-01
 0.0000e+00	 4.0000e+01	 0.0000e+00	 3.6425e-01	 3.6425e-01
 0.0000e+00	 4.2500e+01	 0.0000e+00	 3.8699e-01	 3.8699e-01
 0.0000e+00	 4.5000e+01	 0.0000e+00	 4.0975e-01	 4.0975e-01
 0.0000e+00	 4.7500e+01	 0.0000e+00	 4.3254e-01	 4.3254e-01
 0.0000e+00	 5.0000e+01	 0.0000e+00	 4.5536e-01	 4.5536e-01
 2.5000e+00	 0.0000e+00	-9.8812e-03	 0.0000e+00	 9.8812e-03
 2.5000e+00	 2.5000e+00	-9.8578e-03	 2.3015e-02	 2.5037e-02
 2.5000e+00	 5.0000e+00	-9.8361e-03	 4.5987e-02	 4.7028e-02
 2.5000e+00	 7.5000e+00	-9.8164e-03	 6.8918e-02	 6.9614e-02
 2.5000e+00	 1.0000e+01	-9.7985e-03	 9.1806e-02	 9.2328e-02
 2.5000e+00	 1.2500e+01	-9.7825e-03	 1.1465e-01	 1.1507e-01
 2.5000e+00	 1.5000e+01	-9.7683e-03	 1.3746e-01	 1.3780e-01
 2.5000e+00	 1.7500e+01	-9.7560e-03	 1.6022e-01	 1.6052e-01
 2.5000e+00	 2.0000e+01	-9.7456e-03	 1.8294e-01	 1.8320e-01
 2.5000e+00	 2.2500e+01	-9.7370e-03	 2.0562e-01	 2.0585e-01
 2.5000e+00	 2.5000e+01	-9.7303e-03	 2.2825e-01	 2.2846e-01
 2.5000e+00	 2.7500e+01	-9.7253e-03	 2.5088e-01	 2.5107e-01
 2.5000e+00	 3.0000e+01	-9.7218e-03	 2.7352e-01	 2.7369e-01
 2.5000e+00	 3.2500e+01	-9.7198e-03	 2.9618e-01	 2.9634e-01
 2.5000e+00	 3.5000e+01	-9.7193e-03	 3.1886e-01	 3.1901e-01
 2.5000e+00	 3.7500e+01	-9.7203e-03	 3.4157e-01	 3.4170e-01
 2.5000e+00	 4.0000e+01	-9.7228e-03	 3.6429e-01	 3.6441e-01
 2.5000e+00	 4.2500e+01	-9.7268e-03	 3.8702e-01	 3.8715e-01
 2.5000e+00	 4.5000e+01	-9.7323e-03	 4.0978e-01	 4.0990e-01
 2.5000e+00	 4.7500e+01	-9.7393e-03	 4.3256e-01	 4.3267e-01
 2.5000e+00	 5.0000e+01	-9.7479e-03	 4.5535e-01	 4.5546e-01
 5.0000e+00	 0.0000e+00	-1.9743e-02	 0.0000e+00	 1.9743e-02
 5.0000e+00	 2.5000e+00	-1.9700e-02	 2.2957e-02	 3.0251e-02
 5.0000e+00	 5.0000e+00	-1.9661e-02	 4.5882e-02	 4.9917e-02
 5.0000e+00	 7.5000e+00	-1.9625e-02	 6.8775e-02	 7.1520e-02
 5.0000e+00	 1.0000e+01	-1.9592e-02	 9.1637e-02	 9.3708e-02
 5.0000e+00	 1.2500e+01	-1.9562e-02	 1.1447e-01	 1.1613e-01
 5.0000e+00	 1.5000e+01	-1.9536e-02	 1.3727e-01	 1.3865e-01
 5.0000e+00	 1.7500e+01	-1.9514e-02	 1.6003e-01	 1.6122e-01
 5.0000e+00	 2.0000e+01	-1.9494e-02	 1.8277e-01	 1.8381e-01
 5.0000e+00	 2.2500e+01	-1.9478e-02	 2.0547e-01	 2.0639e-01
 5.0000e+00	 2.5000e+01	-1.9466e-02	 2.2815e-01	 2.2897e-01
 5.0000e+00	 2.7500e+01	-1.9456e-02	 2.5081e-01	 2.5156e-01
 5.0000e+00	 3.0000e+01	-1.9449e-02	 2.7348e-01	 2.7417e-01
 5.0000e+00	 3.2500e+01	-1.9445e-02	 2.9617e-01	 2.9681e-01
 5.0000e+00	 3.5000e+01	-1.9444e-02	 3.1887e-01	 3.1947e-01
 5.0000e+00	 3.7500e+01	-1.9445e-02	 3.4159e-01	 3.4214e-01
 5.0000e+00	 4.0000e+01	-1.9449e-02	 3.6431e-01	 3.6483e-01
 5.0000e+00	 4.2500e+01	-1.9456e-02	 3.8705e-01	 3.8754e-01
 5.0000e+00	 4.5000e+01	-1.9466e-02	 4.0980e-01	 4.1027e-01
 5.0000e+00	 4.7500e+01	-1.9478e-02	 4.3257e-01	 4.3301e-01
 5.0000e+00	 5.0000e+01	-1.9493e-02	 4.5535e-01	 4.5576e-01
 7.5000e+00	 0.0000e+00	-2.9585e-02	 0.0000e+00	 2.9585e-02
 7.5000e+00	 2.5000e+00	-2.9527e-02	 2.2905e-02	 3.7370e-02
 7.5000e+00	 5.0000e+00	-2.9474e-02	 4.5789e-02	 5.4454e-02
 7.5000e+00	 7.5000e+00	-2.9425e-02	 6.8649e-02	 7.4689e-02
 7.5000e+00	 1.0000e+01	-2.9380e-02	 9.1487e-02	 9.6089e-02
 7.5000e+00	 1.2500e+01	-2.9340e-02	 1.1430e-01	 1.1801e-01
 7.5000e+00	 1.5000e+01	-2.9304e-02	 1.3710e-01	 1.4019e-01
 7.5000e+00	 1.7500e+01	-2.9273e-02	 1.5987e-01	 1.6253e-01
 7.5000e+00	 2.0000e+01	-2.9246e-02	 1.8262e-01	 1.8494e-01
 7.5000e+00	 2.2500e+01	-2.9224e-02	 2.0534e-01	 2.0741e-01
 7.5000e+00	 2.5000e+01	-2.9206e-02	 2.2805e-01	 2.2991e-01
 7.5000e+00	 2.7500e+01	-2.9192e-02	 2.5074e-01	 2.5244e-01
 7.5000e+00	 3.0000e+01	-2.9182e-02	 2.7345e-01	 2.7500e-01
 7.5000e+00	 3.2500e+01	-2.9176e-02	 2.9616e-01	 2.9759e-01
 7.5000e+00	 3.5000e+01	-2.9173e-02	 3.1888e-01	 3.2021e-01
 7.5000e+00	 3.7500e+01	-2.9174e-02	 3.4160e-01	 3.4284e-01
 7.5000e+00	 4.0000e+01	-2.9179e-02	 3.6433e-01	 3.6550e-01
 7.5000e+00	 4.2500e+01	-2.9188e-02	 3.8707e-01	 3.8817e-01
 7.5000e+00	 4.5000e+01	-2.9200e-02	 4.0982e-01	 4.1086e-01
 7.5000e+00	 4.7500e+01	-2.9216e-02	 4.3257e-01	 4.3356e-01
 7.5000e+00	 5.0000e+01	-2.9235e-02	 4.5533e-01	 4.5627e-01
 1.0000e+01	 0.0000e+00	-3.9407e-02	 0.0000e+00	 3.9407e-02
 1.0000e+01	 2.5000e+00	-3.9339e-02	 2.2861e-02	 4.5499e-02
 1.0000e+01	 5.0000e+00	-3.9275e-02	 4.5708e-02	 6.0264e-02
 1.0000e+01	 7.5000e+00	-3.9216e-02	 6.8541e-02	 7.8967e-02
 1.0000e+01	 1.0000e+01	-3.9163e-02	 9.1358e-02	 9.9399e-02
 1.0000e+01	 1.2500e+01	-3.9115e-02	 1.1416e-01	 1.2068e-01
 1.0000e+01	 1.5000e+01	-3.9072e-02	 1.3695e-01	 1.4241e-01
 1.0000e+01	 1.7500e+01	-3.9034e-02	 1.5972e-01	 1.6442e-01
 1.0000e+01	 2.0000e+01	-3.9001e-02	 1.8248e-01	 1.8660e-01
 1.0000e+01	 2.2500e+01	-3.8974e-02	 2.0523e-01	 2.0890e-01
 1.0000e+01	 2.5000e+01	-3.8952e-02	 2.2796e-01	 2.3126e-01
 1.0000e+01	 2.7500e+01	-3.8934e-02	 2.5068e-01	 2.5369e-01
 1.0000e+01	 3.0000e+01	-3.8921e-02	 2.7341e-01	 2.7617e-01
 1.0000e+01	 3.2500e+01	-3.8912e-02	 2.9614e-01	 2.9869e-01
 1.0000e+01	 3.5000e+01	-3.8908e-02	 3.1887e-01	 3.2124e-01
 1.0000e+01	 3.7500e+01	-3.8908e-02	 3.4161e-01	 3.4382e-01
 1.0000e+01	 4.0000e+01	-3.8913e-02	 3.6435e-01	 3.6642e-01
 1.0000e+01	 4.2500e+01	-3.8922e-02	 3.8709e-01	 3.8904e-01
 1.0000e+01	 4.5000e+01	-3.8935e-02	 4.0983e-01	 4.1167e-01
 1.0000e+01	 4.7500e+01	-3.8953e-02	 4.3257e-01	 4.3432e-01
 1.0000e+01	 5.0000e+01	-3.8975e-02	 4.5532e-01	 4.5699e-01
 1.2500e+01	 0.0000e+00	-4.9210e-02	 0.0000e+00	 4.9210e-02
 1.2500e+01	 2.5000e+00	-4.9135e-02	 2.2824e-02	 5.4177e-02
 1.2500e+01	 5.0000e+00	-4.9064e-02	 4.5641e-02	 6.7011e-02
 1.2500e+01	 7.5000e+00	-4.9000e-02	 6.8449e-02	 8.4180e-02
 1.2500e+01	 1.0000e+01	-4.8941e-02	 9.1249e-02	 1.0355e-01
 1.2500e+01	 1.2500e+01	-4.8887e-02	 1.1404e-01	 1.2408e-01
 1.2500e+01	 1.5000e+01	-4.8839e-02	 1.3683e-01	 1.4528e-01
 1.2500e+01	 1.7500e+01	-4.8797e-02	 1.5960e-01	 1.6689e-01
 1.2500e+01	 2.0000e+01	-4.8760e-02	 1.8237e-01	 1.8878e-01
 1.2500e+01	 2.2500e+01	-4.8728e-02	 2.0513e-01	 2.1084e-01
 1.2500e+01	 2.5000e+01	-4.8702e-02	 2.2788e-01	 2.3303e-01
 1.2500e+01	 2.7500e+01	-4.8681e-02	 2.5063e-01	 2.5531e-01
 1.2500e+01	 3.0000e+01	-4.8665e-02	 2.7337e-01	 2.7767e-01
 1.2500e+01	 3.2500e+01	-4.8654e-02	 2.9612e-01	 3.0009e-01
 1.2500e+01	 3.5000e+01	-4.8648e-02	 3.1886e-01	 3.2255e-01
 1.2500e+01	 3.7500e+01	-4.8647e-02	 3.4161e-01	 3.4505e-01
 1.2500e+01	 4.0000e+01	-4.8650e-02	 3.6435e-01	 3.6758e-01
 1.2500e+01	 4.2500e+01	-4.8658e-02	 3.8709e-01	 3.9014e-01
 1.2500e+01	 4.5000e+01	-4.8671e-02	 4.0983e-01	 4.1271e-01
 1.2500e+01	 4.7500e+01	-4.8689e-02	 4.3257e-01	 4.3530e-01
 1.2500e+01	 5.0000e+01	-4.8712e-02	 4.5531e-01	 4.5791e-01
 1.5000e+01	 0.0000e+00	-5.8993e-02	 0.0000e+00	 5.8993e-02
 1.5000e+01	 2.5000e+00	-5.8915e-02	 2.2795e-02	 6.3171e-02
 1.5000e+01	 5.0000e+00	-5.8842e-02	 4.5586e-02	 7.4435e-02
 1.5000e+01	 7.5000e+00	-5.8775e-02	 6.8375e-02	 9.0165e-02
 1.5000e+01	 1.0000e+01	-5.8713e-02	 9.1161e-02	 1.0843e-01
 1.5000e+01	 1.2500e+01	-5.8657e-02	 1.1394e-01	 1.2816e-01
 1.5000e+01	 1.5000e+01	-5.8606e-02	 1.3672e-01	 1.4875e-01
 1.5000e+01	 1.7500e+01	-5.8561e-02	 1.5950e-01	 1.6991e-01
 1.5000e+01	 2.0000e+01	-5.8521e-02	 1.8227e-01	 1.9144e-01
 1.5000e+01	 2.2500e+01	-5.8487e-02	 2.0504e-01	 2.1322e-01
 1.5000e+01	 2.5000e+01	-5.8458e-02	 2.2781e-01	 2.3519e-01
 1.5000e+01	 2.7500e+01	-5.8434e-02	 2.5058e-01	 2.5730e-01
 1.5000e+01	 3.0000e+01	-5.8415e-02	 2.7334e-01	 2.7951e-01
 1.5000e+01	 3.2500e+01	-5.8402e-02	 2.9609e-01	 3.0180e-01
 1.5000e+01	 3.5000e+01	-5.8393e-02	 3.1885e-01	 3.2415e-01
 1.5000e+01	 3.7500e+01	-5.8389e-02	 3.4160e-01	 3.4655e-01
 1.5000e+01	 4.0000e+01	-5.8391e-02	 3.6434e-01	 3.6899e-01
 1.5000e+01	 4.2500e+01	-5.8397e-02	 3.8709e-01	 3.9147e-01
 1.5000e+01	 4.5000e+01	-5.8408e-02	 4.0983e-01	 4.1397e-01
 1.5000e+01	 4.7500e+01	-5.8425e-02	 4.3256e-01	 4.3649e-01
 1.5000e+01	 5.0000e+01	-5.8446e-02	 4.5529e-01	 4.5903e-01
 1.7500e+01	 0.0000e+00	-6.8757e-02	 0.0000e+00	 6.8757e-02
 1.7500e+01	 2.5000e+00	-6.8680e-02	 2.2772e-02	 7.2357e-02
 1.7500e+01	 5.0000e+00	-6.8609e-02	 4.5545e-02	 8.2350e-02
 1.7500e+01	 7.5000e+00	-6.8542e-02	 6.8318e-02	 9.6775e-02
 1.7500e+01	 1.0000e+01	-6.8481e-02	 9.1092e-02	 1.1396e-01
 1.7500e+01	 1.2500e+01	-6.8424e-02	 1.1387e-01	 1.3284e-01
 1.7500e+01	 1.5000e+01	-6.8373e-02	 1.3664e-01	 1.5279e-01
 1.7500e+01	 1.7500e+01	-6.8327e-02	 1.5942e-01	 1.7344e-01
 1.7500e+01	 2.0000e+01	-6.8286e-02	 1.8220e-01	 1.9457e-01
 1.7500e+01	 2.2500e+01	-6.8249e-02	 2.0497e-01	 2.1604e-01
 1.7500e+01	 2.5000e+01	-6.8218e-02	 2.2775e-01	 2.3775e-01
 1.7500e+01	 2.7500e+01	-6.8192e-02	 2.5053e-01	 2.5964e-01
 1.7500e+01	 3.0000e+01	-6.8171e-02	 2.7330e-01	 2.8167e-01
 1.7500e+01	 3.2500e+01	-6.8155e-02	 2.9607e-01	 3.0381e-01
 1.7500e+01	 3.5000e+01	-6.8143e-02	 3.1883e-01	 3.2603e-01
 1.7500e+01	 3.7500e+01	-6.8137e-02	 3.4158e-01	 3.4831e-01
 1.7500e+01	 4.0000e+01	-6.8135e-02	 3.6433e-01	 3.7065e-01
 1.7500e+01	 4.2500e+01	-6.8138e-02	 3.8708e-01	 3.9303e-01
 1.7500e+01	 4.5000e+01	-6.8146e-02	 4.0981e-01	 4.1544e-01
 1.7500e+01	 4.7500e+01	-6.8159e-02	 4.3255e-01	 4.3789e-01
 1.7500e+01	 5.0000e+01	-6.8177e-02	 4.5528e-01	 4.6035e-01
 2.0000e+01	 0.0000e+00	-7.8501e-02	 0.0000e+00	 7.8501e-02
 2.0000e+01	 2.5000e+00	-7.8430e-02	 2.2756e-02	 8.1665e-02
 2.0000e+01	 5.0000e+00	-7.8364e-02	 4.5516e-02	 9.0623e-02
 2.0000e+01	 7.5000e+00	-7.8301e-02	 6.8278e-02	 1.0389e-01
 2.0000e+01	 1.0000e+01	-7.8243e-02	 9.1044e-02	 1.2005e-01
 2.0000e+01	 1.2500e+01	-7.8189e-02	 1.1381e-01	 1.3808e-01
 2.0000e+01	 1.5000e+01	-7.8140e-02	 1.3658e-01	 1.5736e-01
 2.0000e+01	 1.7500e+01	-7.8094e-02	 1.5936e-01	 1.7747e-01
 2.0000e+01	 2.0000e+01	-7.8053e-02	 1.8214e-01	 1.9816e-01
 2.0000e+01	 2.2500e+01	-7.8017e-02	 2.0492e-01	 2.1927e-01
 2.0000e+01	 2.5000e+01	-7.7984e-02	 2.2770e-01	 2.4069e-01
 2.0000e+01	 2.7500e+01	-7.7956e-02	 2.5049e-01	 2.6234e-01
 2.0000e+01	 3.0000e+01	-7.7932e-02	 2.7326e-01	 2.8416e-01
 2.0000e+01	 3.2500e+01	-7.7913e-02	 2.9604e-01	 3.0612e-01
 2.0000e+01	 3.5000e+01	-7.7899e-02	 3.1880e-01	 3.2818e-01
 2.0000e+01	 3.7500e+01	-7.7889e-02	 3.4156e-01	 3.5033e-01
 2.0000e+01	 4.0000e+01	-7.7883e-02	 3.6431e-01	 3.7254e-01
 2.0000e+01	 4.2500e+01	-7.7882e-02	 3.8706e-01	 3.9481e-01
 2.0000e+01	 4.5000e+01	-7.7885e-02	 4.0980e-01	 4.1713e-01
 2.0000e+01	 4.7500e+01	-7.7893e-02	 4.3253e-01	 4.3949e-01
 2.0000e+01	 5.0000e+01	-7.7906e-02	 4.5526e-01	 4.6188e-01
 2.2500e+01	 0.0000e+00	-8.8226e-02	 0.0000e+00	 8.8226e-02
 2.2500e+01	 2.5000e+00	-8.8165e-02	 2.2748e-02	 9.1052e-02
 2.2500e+01	 5.0000e+00	-8.8107e-02	 4.5499e-02	 9.9161e-02
 2.2500e+01	 7.5000e+00	-8.8052e-02	 6.8255e-02	 1.1141e-01
 2.2500e+01	 1.0000e+01	-8.8000e-02	 9.1016e-02	 1.2660e-01
 2.2500e+01	 1.2500e+01	-8.7952e-02	 1.1378e-01	 1.4381e-01
 2.2500e+01	 1.5000e+01	-8.7906e-02	 1.3655e-01	 1.6240e-01
 2.2500e+01	 1.7500e+01	-8.7864e-02	 1.5932e-01	 1.8194e-01
 2.2500e+01	 2.0000e+01	-8.7824e-02	 1.8210e-01	 2.0217e-01
 2.2500e+01	 2.2500e+01	-8.7788e-02	 2.0488e-01	 2.2290e-01
 2.2500e+01	 2.5000e+01	-8.7755e-02	 2.2767e-01	 2.4399e-01
 2.2500e+01	 2.7500e+01	-8.7725e-02	 2.5045e-01	 2.6537e-01
 2.2500e+01	 3.0000e+01	-8.7699e-02	 2.7323e-01	 2.8696e-01
 2.2500e+01	 3.2500e+01	-8.7677e-02	 2.9600e-01	 3.0871e-01
 2.2500e+01	 3.5000e+01	-8.7659e-02	 3.1877e-01	 3.3060e-01
 2.2500e+01	 3.7500e+01	-8.7645e-02	 3.4153e-01	 3.5259e-01
 2.2500e+01	 4.0000e+01	-8.7634e-02	 3.6428e-01	 3.7467e-01
 2.2500e+01	 4.2500e+01	-8.7628e-02	 3.8703e-01	 3.9683e-01
 2.2500e+01	 4.5000e+01	-8.7625e-02	 4.0977e-01	 4.1904e-01
 2.2500e+01	 4.7500e+01	-8.7626e-02	 4.3251e-01	 4.4130e-01
 2.2500e+01	 5.0000e+01	-8.7632e-02	 4.5524e-01	 4.6360e-01
 2.5000e+01	 0.0000e+00	-9.7931e-02	 0.0000e+00	 9.7931e-02
 2.5000e+01	 2.5000e+00	-9.7884e-02	 2.2746e-02	 1.0049e-01
 2.5000e+01	 5.0000e+00	-9.7838e-02	 4.5496e-02	 1.0790e-01
 2.5000e+01	 7.5000e+00	-9.7795e-02	 6.8250e-02	 1.1926e-01
 2.5000e+01	 1.0000e+01	-9.7752e-02	 9.1008e-02	 1.3356e-01
 2.5000e+01	 1.2500e+01	-9.7711e-02	 1.1377e-01	 1.4997e-01
 2.5000e+01	 1.5000e+01	-9.7672e-02	 1.3653e-01	 1.6787e-01
 2.5000e+01	 1.7500e+01	-9.7635e-02	 1.5930e-01	 1.8684e-01
 2.5000e+01	 2.0000e+01	-9.7598e-02	 1.8208e-01	 2.0659e-01
 2.5000e+01	 2.2500e+01	-9.7564e-02	 2.0486e-01	 2.2690e-01
 2.5000e+01	 2.5000e+01	-9.7531e-02	 2.2764e-01	 2.4765e-01
 2.5000e+01	 2.7500e+01	-9.7500e-02	 2.5042e-01	 2.6873e-01
 2.5000e+01	 3.0000e+01	-9.7472e-02	 2.7319e-01	 2.9006e-01
 2.5000e+01	 3.2500e+01	-9.7447e-02	 2.9596e-01	 3.1159e-01
 2.5000e+01	 3.5000e+01	-9.7425e-02	 3.1873e-01	 3.3329e-01
 2.5000e+01	 3.7500e+01	-9.7406e-02	 3.4149e-01	 3.5511e-01
 2.5000e+01	 4.0000e+01	-9.7390e-02	 3.6424e-01	 3.7704e-01
 2.5000e+01	 4.2500e+01	-9.7376e-02	 3.8700e-01	 3.9906e-01
 2.5000e+01	 4.5000e+01	-9.7366e-02	 4.0974e-01	 4.2115e-01
 2.5000e+01	 4.7500e+01	-9.7359e-02	 4.3248e-01	 4.4330e-01
 2.5000e+01	 5.0000e+01	-9.7355e-02	 4.5522e-01	 4.6551e-01
 2.7500e+01	 0.0000e+00	-1.0763e-01	 0.0000e+00	 1.0763e-01
 2.7500e+01	 2.5000e+00	-1.0760e-01	 2.2748e-02	 1.0998e-01
 2.7500e+01	 5.0000e+00	-1.0757e-01	 4.5499e-02	 1.1679e-01
 2.7500e+01	 7.5000e+00	-1.0753e-01	 6.8252e-02	 1.2737e-01
 2.7500e+01	 1.0000e+01	-1.0750e-01	 9.1009e-02	 1.4085e-01
 2.7500e+01	 1.2500e+01	-1.0747e-01	 1.1377e-01	 1.5650e-01
 2.7500e+01	 1.5000e+01	-1.0744e-01	 1.3653e-01	 1.7373e-01
 2.7500e+01	 1.7500e+01	-1.0740e-01	 1.5930e-01	 1.9212e-01
 2.7500e+01	 2.0000e+01	-1.0737e-01	 1.8207e-01	 2.1137e-01
 2.7500e+01	 2.2500e+01	-1.0734e-01	 2.0484e-01	 2.3126e-01
 2.7500e+01	 2.5000e+01	-1.0731e-01	 2.2761e-01	 2.5164e-01
 2.7500e+01	 2.7500e+01	-1.0728e-01	 2.5039e-01	 2.7240e-01
 2.7500e+01	 3.0000e+01	-1.0725e-01	 2.7316e-01	 2.9346e-01
 2.7500e+01	 3.2500e+01	-1.0722e-01	 2.9592e-01	 3.1475e-01
 2.7500e+01	 3.5000e+01	-1.0719e-01	 3.1869e-01	 3.3623e-01
 2.7500e+01	 3.7500e+01	-1.0717e-01	 3.4145e-01	 3.5787e-01
 2.7500e+01	 4.0000e+01	-1.0715e-01	 3.6420e-01	 3.7964e-01
 2.7500e+01	 4.2500e+01	-1.0713e-01	 3.8696e-01	 4.0151e-01
 2.7500e+01	 4.5000e+01	-1.0711e-01	 4.0971e-01	 4.2347e-01
 2.7500e+01	 4.7500e+01	-1.0709e-01	 4.3245e-01	 4.4551e-01
 2.7500e+01	 5.0000e+01	-1.0708e-01	 4.5519e-01	 4.6762e-01
 3.0000e+01	 0.0000e+00	-1.1734e-01	 0.0000e+00	 1.1734e-01
 3.0000e+01	 2.5000e+00	-1.1732e-01	 2.2749e-02	 1.1950e-01
 3.0000e+01	 5.0000e+00	-1.1730e-01	 4.5500e-02	 1.2581e-01
 3.0000e+01	 7.5000e+00	-1.1727e-01	 6.8254e-02	 1.3569e-01
 3.0000e+01	 1.0000e+01	-1.1725e-01	 9.1009e-02	 1.4843e-01
 3.0000e+01	 1.2500e+01	-1.1723e-01	 1.1377e-01	 1.6335e-01
 3.0000e+01	 1.5000e+01	-1.1720e-01	 1.3653e-01	 1.7993e-01
 3.0000e+01	 1.7500e+01	-1.1717e-01	 1.5929e-01	 1.9774e-01
 3.0000e+01	 2.0000e+01	-1.1714e-01	 1.8205e-01	 2.1648e-01
 3.0000e+01	 2.2500e+01	-1.1711e-01	 2.0482e-01	 2.3594e-01
 3.0000e+01	 2.5000e+01	-1.1708e-01	 2.2759e-01	 2.5594e-01
 3.0000e+01	 2.7500e+01	-1.1705e-01	 2.5036e-01	 2.7637e-01
 3.0000e+01	 3.0000e+01	-1.1702e-01	 2.7312e-01	 2.9713e-01
 3.0000e+01	 3.2500e+01	-1.1699e-01	 2.9589e-01	 3.1817e-01
 3.0000e+01	 3.5000e+01	-1.1696e-01	 3.1865e-01	 3.3943e-01
 3.0000e+01	 3.7500e+01	-1.1693e-01	 3.4141e-01	 3.6088e-01
 3.0000e+01	 4.0000e+01	-1.1690e-01	 3.6416e-01	 3.8247e-01
 3.0000e+01	 4.2500e+01	-1.1688e-01	 3.8692e-01	 4.0418e-01
 3.0000e+01	 4.5000e+01	-1.1685e-01	 4.0967e-01	 4.2601e-01
 3.0000e+01	 4.7500e+01	-1.1683e-01	 4.3242e-01	 4.4792e-01
 3.0000e+01	 5.0000e+01	-1.1681e-01	 4.5517e-01	 4.6991e-01
 3.2500e+01	 0.0000e+00	-1.2705e-01	 0.0000e+00	 1.2705e-01
 3.2500e+01	 2.5000e+00	-1.2704e-01	 2.2750e-02	 1.2906e-01
 3.2500e+01	 5.0000e+00	-1.2703e-01	 4.5501e-02	 1.3493e-01
 3.2500e+01	 7.5000e+00	-1.2702e-01	 6.8253e-02	 1.4419e-01
 3.2500e+01	 1.0000e+01	-1.2700e-01	 9.1008e-02	 1.5624e-01
 3.2500e+01	 1.2500e+01	-1.2698e-01	 1.1376e-01	 1.7049e-01
 3.2500e+01	 1.5000e+01	-1.2696e-01	 1.3652e-01	 1.8643e-01
 3.2500e+01	 1.7500e+01	-1.2693e-01	 1.5928e-01	 2.0367e-01
 3.2500e+01	 2.0000e+01	-1.2691e-01	 1.8204e-01	 2.2191e-01
 3.2500e+01	 2.2500e+01	-1.2688e-01	 2.0480e-01	 2.4092e-01
 3.2500e+01	 2.5000e+01	-1.2685e-01	 2.2756e-01	 2.6053e-01
 3.2500e+01	 2.7500e+01	-1.2681e-01	 2.5033e-01	 2.8062e-01
 3.2500e+01	 3.0000e+01	-1.2678e-01	 2.7309e-01	 3.0108e-01
 3.2500e+01	 3.2500e+01	-1.2675e-01	 2.9585e-01	 3.2186e-01
 3.2500e+01	 3.5000e+01	-1.2672e-01	 3.1861e-01	 3.4288e-01
 3.2500e+01	 3.7500e+01	-1.2669e-01	 3.4137e-01	 3.6412e-01
 3.2500e+01	 4.0000e+01	-1.2666e-01	 3.6412e-01	 3.8552e-01
 3.2500e+01	 4.2500e+01	-1.2663e-01	 3.8688e-01	 4.0707e-01
 3.2500e+01	 4.5000e+01	-1.2660e-01	 4.0963e-01	 4.2875e-01
 3.2500e+01	 4.7500e+01	-1.2657e-01	 4.3238e-01	 4.5053e-01
 3.2500e+01	 5.0000e+01	-1.2654e-01	 4.5514e-01	 4.7240e-01
 3.5000e+01	 0.0000e+00	-1.3678e-01	 0.0000e+00	 1.3678e-01
 3.5000e+01	 2.5000e+00	-1.3677e-01	 2.2750e-02	 1.3865e-01
 3.5000e+01	 5.0000e+00	-1.3677e-01	 4.5500e-02	 1.4414e-01
 3.5000e+01	 7.5000e+00	-1.3676e-01	 6.8252e-02	 1.5284e-01
 3.5000e+01	 1.0000e+01	-1.3675e-01	 9.1005e-02	 1.6426e-01
 3.5000e+01	 1.2500e+01	-1.3673e-01	 1.1376e-01	 1.7787e-01
 3.5000e+01	 1.5000e+01	-1.3671e-01	 1.3651e-01	 1.9320e-01
 3.5000e+01	 1.7500e+01	-1.3669e-01	 1.5927e-01	 2.0988e-01
 3.5000e+01	 2.0000e+01	-1.3667e-01	 1.8203e-01	 2.2762e-01
 3.5000e+01	 2.2500e+01	-1.3664e-01	 2.0478e-01	 2.4618e-01
 3.5000e+01	 2.5000e+01	-1.3661e-01	 2.2754e-01	 2.6540e-01
 3.5000e+01	 2.7500e+01	-1.3658e-01	 2.5030e-01	 2.8514e-01
 3.5000e+01	 3.0000e+01	-1.3654e-01	 2.7306e-01	 3.0530e-01
 3.5000e+01	 3.2500e+01	-1.3651e-01	 2.9582e-01	 3.2579e-01
 3.5000e+01	 3.5000e+01	-1.3648e-01	 3.1857e-01	 3.4658e-01
 3.5000e+01	 3.7500e+01	-1.3644e-01	 3.4133e-01	 3.6759e-01
 3.5000e+01	 4.0000e+01	-1.3641e-01	 3.6409e-01	 3.8880e-01
 3.5000e+01	 4.2500e+01	-1.3638e-01	 3.8684e-01	 4.1018e-01
 3.5000e+01	 4.5000e+01	-1.3634e-01	 4.0960e-01	 4.3169e-01
 3.5000e+01	 4.7500e+01	-1.3631e-01	 4.3235e-01	 4.5333e-01
 3.5000e+01	 5.0000e+01	-1.3627e-01	 4.5510e-01	 4.7507e-01
 3.7500e+01	 0.0000e+00	-1.4651e-01	 0.0000e+00	 1.4651e-01
 3.7500e+01	 2.5000e+00	-1.4651e-01	 2.2749e-02	 1.4826e-01
 3.7500e+01	 5.0000e+00	-1.4651e-01	 4.5499e-02	 1.5341e-01
 3.7500e+01	 7.5000e+00	-1.4650e-01	 6.8250e-02	 1.6162e-01
 3.7500e+01	 1.0000e+01	-1.4650e-01	 9.1001e-02	 1.7246e-01
 3.7500e+01	 1.2500e+01	-1.4648e-01	 1.1375e-01	 1.8546e-01
 3.7500e+01	 1.5000e+01	-1.4647e-01	 1.3650e-01	 2.0022e-01
 3.7500e+01	 1.7500e+01	-1.4645e-01	 1.5926e-01	 2.1636e-01
 3.7500e+01	 2.0000e+01	-1.4643e-01	 1.8201e-01	 2.3360e-01
 3.7500e+01	 2.2500e+01	-1.4640e-01	 2.0476e-01	 2.5172e-01
 3.7500e+01	 2.5000e+01	-1.4637e-01	 2.2752e-01	 2.7053e-01
 3.7500e+01	 2.7500e+01	-1.4634e-01	 2.5027e-01	 2.8992e-01
 3.7500e+01	 3.0000e+01	-1.4630e-01	 2.7303e-01	 3.0976e-01
 3.7500e+01	 3.2500e+01	-1.4627e-01	 2.9578e-01	 3.2997e-01
 3.7500e+01	 3.5000e+01	-1.4624e-01	 3.1854e-01	 3.5050e-01
 3.7500e+01	 3.7500e+01	-1.4620e-01	 3.4129e-01	 3.7129e-01
 3.7500e+01	 4.0000e+01	-1.4616e-01	 3.6405e-01	 3.9229e-01
 3.7500e+01	 4.2500e+01	-1.4613e-01	 3.8680e-01	 4.1348e-01
 3.7500e+01	 4.5000e+01	-1.4609e-01	 4.0956e-01	 4.3483e-01
 3.7500e+01	 4.7500e+01	-1.4605e-01	 4.3231e-01	 4.5632e-01
 3.7500e+01	 5.0000e+01	-1.4601e-01	 4.5507e-01	 4.7792e-01
 4.0000e+01	 0.0000e+00	-1.5625e-01	 0.0000e+00	 1.5625e-01
 4.0000e+01	 2.5000e+00	-1.5625e-01	 2.2748e-02	 1.5790e-01
 4.0000e+01	 5.0000e+00	-1.5625e-01	 4.5497e-02	 1.6274e-01
 4.0000e+01	 7.5000e+00	-1.5625e-01	 6.8246e-02	 1.7050e-01
 4.0000e+01	 1.0000e+01	-1.5624e-01	 9.0995e-02	 1.8081e-01
 4.0000e+01	 1.2500e+01	-1.5623e-01	 1.1374e-01	 1.9325e-01
 4.0000e+01	 1.5000e+01	-1.5622e-01	 1.3649e-01	 2.0745e-01
 4.0000e+01	 1.7500e+01	-1.5620e-01	 1.5924e-01	 2.2306e-01
 4.0000e+01	 2.0000e+01	-1.5618e-01	 1.8199e-01	 2.3982e-01
 4.0000e+01	 2.2500e+01	-1.5615e-01	 2.0474e-01	 2.5750e-01
 4.0000e+01	 2.5000e+01	-1.5613e-01	 2.2749e-01	 2.7591e-01
 4.0000e+01	 2.7500e+01	-1.5609e-01	 2.5025e-01	 2.9494e-01
 4.0000e+01	 3.0000e+01	-1.5606e-01	 2.7300e-01	 3.1446e-01
 4.0000e+01	 3.2500e+01	-1.5603e-01	 2.9575e-01	 3.3438e-01
 4.0000e+01	 3.5000e+01	-1.5599e-01	 3.1850e-01	 3.5465e-01
 4.0000e+01	 3.7500e+01	-1.5595e-01	 3.4126e-01	 3.7520e-01
 4.0000e+01	 4.0000e+01	-1.5592e-01	 3.6401e-01	 3.9600e-01
 4.0000e+01	 4.2500e+01	-1.5588e-01	 3.8676e-01	 4.1699e-01
 4.0000e+01	 4.5000e+01	-1.5584e-01	 4.0952e-01	 4.3817e-01
 4.0000e+01	 4.7500e+01	-1.5580e-01	 4.3227e-01	 4.5949e-01
 4.0000e+01	 5.0000e+01	-1.5576e-01	 4.5503e-01	 4.8095e-01
 4.2500e+01	 0.0000e+00	-1.6599e-01	 0.0000e+00	 1.6599e-01
 4.2500e+01	 2.5000e+00	-1.6600e-01	 2.2747e-02	 1.6755e-01
 4.2500e+01	 5.0000e+00	-1.6600e-01	 4.5494e-02	 1.7212e-01
 4.2500e+01	 7.5000e+00	-1.6600e-01	 6.8241e-02	 1.7948e-01
 4.2500e+01	 1.0000e+01	-1.6599e-01	 9.0988e-02	 1.8929e-01
 4.2500e+01	 1.2500e+01	-1.6598e-01	 1.1373e-01	 2.0121e-01
 4.2500e+01	 1.5000e+01	-1.6597e-01	 1.3648e-01	 2.1488e-01
 4.2500e+01	 1.7500e+01	-1.6595e-01	 1.5923e-01	 2.2999e-01
 4.2500e+01	 2.0000e+01	-1.6593e-01	 1.8198e-01	 2.4627e-01
 4.2500e+01	 2.2500e+01	-1.6591e-01	 2.0472e-01	 2.6351e-01
 4.2500e+01	 2.5000e+01	-1.6588e-01	 2.2747e-01	 2.8153e-01
 4.2500e+01	 2.7500e+01	-1.6584e-01	 2.5022e-01	 3.0019e-01
 4.2500e+01	 3.0000e+01	-1.6581e-01	 2.7297e-01	 3.1938e-01
 4.2500e+01	 3.2500e+01	-1.6578e-01	 2.9572e-01	 3.3902e-01
 4.2500e+01	 3.5000e+01	-1.6574e-01	 3.1847e-01	 3.5902e-01
 4.2500e+01	 3.7500e+01	-1.6571e-01	 3.4122e-01	 3.7933e-01
 4.2500e+01	 4.0000e+01	-1.6567e-01	 3.6397e-01	 3.9990e-01
 4.2500e+01	 4.2500e+01	-1.6563e-01	 3.8673e-01	 4.2070e-01
 4.2500e+01	 4.5000e+01	-1.6559e-01	 4.0948e-01	 4.4169e-01
 4.2500e+01	 4.7500e+01	-1.6555e-01	 4.3223e-01	 4.6285e-01
 4.2500e+01	 5.0000e+01	-1.6551e-01	 4.5499e-01	 4.8416e-01
 4.5000e+01	 0.0000e+00	-1.7575e-01	 0.0000e+00	 1.7575e-01
 4.5000e+01	 2.5000e+00	-1.7575e-01	 2.2745e-02	 1.7722e-01
 4.5000e+01	 5.0000e+00	-1.7575e-01	 4.5489e-02	 1.8154e-01
 4.5000e+01	 7.5000e+00	-1.7575e-01	 6.8234e-02	 1.8853e-01
 4.5000e+01	 1.0000e+01	-1.7574e-01	 9.0979e-02	 1.9789e-01
 4.5000e+01	 1.2500e+01	-1.7573e-01	 1.1372e-01	 2.0932e-01
 4.5000e+01	 1.5000e+01	-1.7571e-01	 1.3647e-01	 2.2248e-01
 4.5000e+01	 1.7500e+01	-1.7570e-01	 1.5921e-01	 2.3710e-01
 4.5000e+01	 2.0000e+01	-1.7568e-01	 1.8196e-01	 2.5293e-01
 4.5000e+01	 2.2500e+01	-1.7565e-01	 2.0470e-01	 2.6974e-01
 4.5000e+01	 2.5000e+01	-1.7562e-01	 2.2745e-01	 2.8736e-01
 4.5000e+01	 2.7500e+01	-1.7559e-01	 2.5020e-01	 3.0566e-01
 4.5000e+01	 3.0000e+01	-1.7556e-01	 2.7294e-01	 3.2453e-01
 4.5000e+01	 3.2500e+01	-1.7553e-01	 2.9569e-01	 3.4386e-01
 4.5000e+01	 3.5000e+01	-1.7549e-01	 3.1844e-01	 3.6359e-01
 4.5000e+01	 3.7500e+01	-1.7546e-01	 3.4119e-01	 3.8366e-01
 4.5000e+01	 4.0000e+01	-1.7542e-01	 3.6394e-01	 4.0401e-01
 4.5000e+01	 4.2500e+01	-1.7538e-01	 3.8669e-01	 4.2460e-01
 4.5000e+01	 4.5000e+01	-1.7534e-01	 4.0944e-01	 4.4541e-01
 4.5000e+01	 4.7500e+01	-1.7530e-01	 4.3219e-01	 4.6639e-01
 4.5000e+01	 5.0000e+01	-1.7526e-01	 4.5495e-01	 4.8754e-01
 4.7500e+01	 0.0000e+00	-1.8551e-01	 0.0000e+00	 1.8551e-01
 4.7500e+01	 2.5000e+00	-1.8551e-01	 2.2742e-02	 1.8690e-01
 4.7500e+01	 5.0000e+00	-1.8551e-01	 4.5484e-02	 1.9100e-01
 4.7500e+01	 7.5000e+00	-1.8550e-01	 6.8227e-02	 1.9765e-01
 4.7500e+01	 1.0000e+01	-1.8549e-01	 9.0969e-02	 2.0659e-01
 4.7500e+01	 1.2500e+01	-1.8547e-01	 1.1371e-01	 2.1756e-01
 4.7500e+01	 1.5000e+01	-1.8546e-01	 1.3645e-01	 2.3025e-01
 4.7500e+01	 1.7500e+01	-1.8544e-01	 1.5920e-01	 2.4440e-01
 4.7500e+01	 2.0000e+01	-1.8542e-01	 1.8194e-01	 2.5977e-01
 4.7500e+01	 2.2500e+01	-1.8539e-01	 2.0468e-01	 2.7616e-01
 4.7500e+01	 2.5000e+01	-1.8537e-01	 2.2743e-01	 2.9340e-01
 4.7500e+01	 2.7500e+01	-1.8534e-01	 2.5017e-01	 3.1134e-01
 4.7500e+01	 3.0000e+01	-1.8531e-01	 2.7292e-01	 3.2988e-01
 4.7500e+01	 3.2500e+01	-1.8527e-01	 2.9566e-01	 3.4892e-01
 4.7500e+01	 3.5000e+01	-1.8524e-01	 3.1841e-01	 3.6837e-01
 4.7500e+01	 3.7500e+01	-1.8521e-01	 3.4115e-01	 3.8819e-01
 4.7500e+01	 4.0000e+01	-1.8517e-01	 3.6390e-01	 4.0831e-01
 4.7500e+01	 4.2500e+01	-1.8513e-01	 3.8665e-01	 4.2869e-01
 4.7500e+01	 4.5000e+01	-1.8510e-01	 4.0940e-01	 4.4930e-01
 4.7500e+01	 4.7500e+01	-1.8506e-01	 4.3215e-01	 4.7011e-01
 4.7500e+01	 5.0000e+01	-1.8502e-01	 4.5490e-01	 4.9109e-01
 5.0000e+01	 0.0000e+00	-1.9528e-01	 0.0000e+00	 1.9528e-01
 5.0000e+01	 2.5000e+00	-1.9527e-01	 2.2739e-02	 1.9659e-01
 5.0000e+01	 5.0000e+00	-1.9526e-01	 4.5478e-02	 2.0049e-01
 5.0000e+01	 7.5000e+00	-1.9525e-01	 6.8218e-02	 2.0682e-01
 5.0000e+01	 1.0000e+01	-1.9523e-01	 9.0958e-02	 2.1538e-01
 5.0000e+01	 1.2500e+01	-1.9522e-01	 1.1370e-01	 2.2591e-01
 5.0000e+01	 1.5000e+01	-1.9520e-01	 1.3644e-01	 2.3816e-01
 5.0000e+01	 1.7500e+01	-1.9518e-01	 1.5918e-01	 2.5186e-01
 5.0000e+01	 2.0000e+01	-1.9516e-01	 1.8192e-01	 2.6680e-01
 5.0000e+01	 2.2500e+01	-1.9513e-01	 2.0466e-01	 2.8278e-01
 5.0000e+01	 2.5000e+01	-1.9510e-01	 2.2741e-01	 2.9963e-01
 5.0000e+01	 2.7500e+01	-1.9508e-01	 2.5015e-01	 3.1722e-01
 5.0000e+01	 3.0000e+01	-1.9505e-01	 2.7289e-01	 3.3543e-01
 5.0000e+01	 3.2500e+01	-1.9502e-01	 2.9563e-01	 3.5416e-01
 5.0000e+01	 3.5000e+01	-1.9499e-01	 3.1838e-01	 3.7334e-01
 5.0000e+01	 3.7500e+01	-1.9495e-01	 3.4112e-01	 3.9290e-01
 5.0000e+01	 4.0000e+01	-1.9492e-01	 3.6387e-01	 4.1279e-01
 5.0000e+01	 4.2500e+01	-1.9489e-01	 3.8661e-01	 4.3296e-01
 5.0000e+01	 4.5000e+01	-1.9485e-01	 4.0936e-01	 4.5337e-01
 5.0000e+01	 4.7500e+01	-1.9481e-01	 4.3210e-01	 4.7399e-01
 5.0000e+01	 5.0000e+01	-1.9478e-01	 4.5485e-01	 4.9480e-01
-3.9564e-03	 9.2428e-03	 0.0000e+00	 6.4378e-03	 1.0160e+01	 0.0000e+00
-3.9462e-03	 9.2212e-03	-2.7525e-05	 7.7492e-03	 1.0137e+01	-1.0587e-02
-3.9368e-03	 9.1996e-03	-5.0023e-05	 7.9540e-03	 1.0113e+01	-1.9240e-02
-3.9282e-03	 9.1780e-03	-6.7495e-05	 7.0523e-03	 1.0089e+01	-2.5959e-02
-3.9204e-03	 9.1564e-03	-7.9939e-05	 5.0440e-03	 1.0064e+01	-3.0746e-02
-3.9135e-03	 9.1348e-03	-8.7357e-05	 1.9293e-03	 1.0039e+01	-3.3599e-02
-3.9074e-03	 9.1132e-03	-8.9748e-05	-2.2920e-03	 1.0014e+01	-3.4518e-02
-3.9021e-03	 9.0916e-03	-8.7112e-05	-7.6197e-03	 9.9876e+00	-3.3505e-02
-3.8976e-03	 9.0701e-03	-7.9450e-05	-1.4054e-02	 9.9611e+00	-3.0558e-02
-3.8940e-03	 9.0485e-03	-6.6760e-05	-2.1595e-02	 9.9341e+00	-2.5677e-02
-3.8911e-03	 9.0269e-03	-4.9044e-05	-3.0242e-02	 9.9067e+00	-1.8863e-02
-3.9486e-03	 9.2143e-03	 9.7660e-06	 5.5662e-04	 1.0126e+01	 3.7562e-03
-3.9400e-03	 9.1975e-03	-1.5671e-05	 2.3624e-03	 1.0108e+01	-6.0275e-03
-3.9321e-03	 9.1806e-03	-3.6624e-05	 3.2665e-03	 1.0090e+01	-1.4086e-02
-3.9249e-03	 9.1638e-03	-5.3093e-05	 3.2689e-03	 1.0072e+01	-2.0420e-02
-3.9184e-03	 9.1470e-03	-6.5077e-05	 2.3697e-03	 1.0053e+01	-2.5029e-02
-3.9125e-03	 9.1301e-03	-7.2576e-05	 5.6890e-04	 1.0033e+01	-2.7914e-02
-3.9073e-03	 9.1133e-03	-7.5591e-05	-2.1336e-03	 1.0014e+01	-2.9073e-02
-3.9027e-03	 9.0964e-03	-7.4121e-05	-5.7377e-03	 9.9936e+00	-2.8508e-02
-3.8989e-03	 9.0796e-03	-6.8166e-05	-1.0243e-02	 9.9732e+00	-2.6218e-02
-3.8957e-03	 9.0628e-03	-5.7727e-05	-1.5651e-02	 9.9524e+00	-2.2203e-02
-3.8931e-03	 9.0459e-03	-4.2804e-05	-2.1960e-02	 9.9312e+00	-1.6463e-02
-3.9407e-03	 9.1889e-03	 1.7785e-05	-3.5336e-03	 1.0096e+01	 6.8404e-03
-3.9339e-03	 9.1763e-03	-5.4128e-06	-1.5462e-03	 1.0083e+01	-2.0818e-03
-3.9275e-03	 9.1637e-03	-2.4668e-05	-2.5569e-04	 1.0070e+01	-9.4878e-03
-3.9216e-03	 9.1511e-03	-3.9981e-05	 3.3811e-04	 1.0056e+01	-1.5377e-02
-3.9163e-03	 9.1384e-03	-5.1352e-05	 2.3514e-04	 1.0042e+01	-1.9751e-02
-3.9115e-03	 9.1258e-03	-5.8781e-05	-5.6460e-04	 1.0028e+01	-2.2608e-02
-3.9072e-03	 9.1132e-03	-6.2267e-05	-2.0611e-03	 1.0014e+01	-2.3949e-02
-3.9034e-03	 9.1006e-03	-6.1811e-05	-4.2544e-03	 9.9988e+00	-2.3773e-02
-3.9001e-03	 9.0879e-03	-5.7413e-05	-7.1444e-03	 9.9837e+00	-2.2082e-02
-3.8974e-03	 9.0753e-03	-4.9072e-05	-1.0731e-02	 9.9683e+00	-1.8874e-02
-3.8952e-03	 9.0627e-03	-3.6789e-05	-1.5015e-02	 9.9526e+00	-1.4150e-02
-3.9329e-03	 9.1667e-03	 2.4057e-05	-5.8327e-03	 1.0071e+01	 9.2528e-03
-3.9277e-03	 9.1577e-03	 3.2512e-06	-3.9766e-03	 1.0062e+01	 1.2505e-03
-3.9228e-03	 9.1487e-03	-1.4155e-05	-2.6124e-03	 1.0052e+01	-5.4441e-03
-3.9183e-03	 9.1398e-03	-2.8161e-05	-1.7401e-03	 1.0043e+01	-1.0831e-02
-3.9142e-03	 9.1308e-03	-3.8766e-05	-1.3597e-03	 1.0033e+01	-1.4910e-02
-3.9105e-03	 9.1219e-03	-4.5972e-05	-1.4712e-03	 1.0023e+01	-1.7681e-02
-3.9071e-03	 9.1129e-03	-4.9777e-05	-2.0746e-03	 1.0013e+01	-1.9145e-02
-3.9041e-03	 9.1040e-03	-5.0183e-05	-3.1698e-03	 1.0003e+01	-1.9301e-02
-3.9014e-03	 9.0950e-03	-4.7188e-05	-4.7570e-03	 9.9925e+00	-1.8149e-02
-3.8991e-03	 9.0861e-03	-4.0793e-05	-6.8360e-03	 9.9818e+00	-1.5690e-02
-3.8972e-03	 9.0771e-03	-3.0999e-05	-9.4069e-03	 9.9708e+00	-1.1923e-02
-3.9251e-03	 9.1475e-03	 2.8582e-05	-6.3408e-03	 1.0049e+01	 1.0993e-02
-3.9215e-03	 9.1417e-03	 1.0320e-05	-4.9288e-03	 1.0044e+01	 3.9694e-03
-3.9182e-03	 9.1358e-03	-5.0837e-06	-3.8038e-03	 1.0038e+01	-1.9553e-03
-3.9151e-03	 9.1300e-03	-1.7630e-05	-2.9658e-03	 1.0032e+01	-6.7807e-03
-3.9122e-03	 9.1242e-03	-2.7318e-05	-2.4148e-03	 1.0026e+01	-1.0507e-02
-3.9095e-03	 9.1184e-03	-3.4149e-05	-2.1509e-03	 1.0019e+01	-1.3134e-02
-3.9070e-03	 9.1125e-03	-3.8121e-05	-2.1739e-03	 1.0013e+01	-1.4662e-02
-3.9047e-03	 9.1067e-03	-3.9236e-05	-2.4840e-03	 1.0006e+01	-1.5091e-02
-3.9027e-03	 9.1009e-03	-3.7493e-05	-3.0811e-03	 9.9997e+00	-1.4420e-02
-3.9008e-03	 9.0951e-03	-3.2892e-05	-3.9652e-03	 9.9929e+00	-1.2651e-02
-3.8992e-03	 9.0892e-03	-2.5434e-05	-5.1363e-03	 9.9860e+00	-9.7821e-03
-3.9172e-03	 9.1314e-03	 3.1361e-05	-5.0578e-03	 1.0032e+01	 1.2062e-02
-3.9153e-03	 9.1282e-03	 1.5795e-05	-4.4027e-03	 1.0029e+01	 6.0749e-03
-3.9135e-03	 9.1249e-03	 2.5447e-06	-3.8298e-03	 1.0026e+01	 9.7875e-04
-3.9118e-03	 9.1217e-03	-8.3897e-06	-3.3389e-03	 1.0022e+01	-3.2268e-03
-3.9101e-03	 9.1185e-03	-1.7009e-05	-2.9302e-03	 1.0019e+01	-6.5417e-03
-3.9085e-03	 9.1152e-03	-2.3312e-05	-2.6037e-03	 1.0016e+01	-8.9661e-03
-3.9069e-03	 9.1120e-03	-2.7299e-05	-2.3593e-03	 1.0012e+01	-1.0500e-02
-3.9054e-03	 9.1088e-03	-2.8971e-05	-2.1970e-03	 1.0009e+01	-1.1143e-02
-3.9039e-03	 9.1055e-03	-2.8328e-05	-2.1168e-03	 1.0005e+01	-1.0895e-02
-3.9025e-03	 9.1023e-03	-2.5368e-05	-2.1188e-03	 1.0002e+01	-9.7571e-03
-3.9012e-03	 9.0990e-03	-2.0094e-05	-2.2029e-03	 9.9980e+00	-7.7283e-03
-3.9094e-03	 9.1185e-03	 3.2392e-05	-1.9838e-03	 1.0019e+01	 1.2458e-02
-3.9092e-03	 9.1173e-03	 1.9674e-05	-2.3985e-03	 1.0018e+01	 7.5671e-03
-3.9089e-03	 9.1161e-03	 8.7306e-06	-2.6904e-03	 1.0016e+01	 3.3579e-03
-3.9085e-03	 9.1149e-03	-4.3989e-07	-2.8595e-03	 1.0015e+01	-1.6919e-04
-3.9080e-03	 9.1137e-03	-7.8370e-06	-2.9059e-03	 1.0014e+01	-3.0142e-03
-3.9075e-03	 9.1125e-03	-1.3461e-05	-2.8296e-03	 1.0013e+01	-5.1772e-03
-3.9068e-03	 9.1113e-03	-1.7311e-05	-2.6305e-03	 1.0011e+01	-6.6581e-03
-3.9060e-03	 9.1101e-03	-1.9388e-05	-2.3087e-03	 1.0010e+01	-7.4569e-03
-3.9052e-03	 9.1089e-03	-1.9692e-05	-1.8641e-03	 1.0009e+01	-7.5737e-03
-3.9043e-03	 9.1077e-03	-1.8222e-05	-1.2968e-03	 1.0008e+01	-7.0083e-03
-3.9032e-03	 9.1065e-03	-1.4978e-05	-6.0682e-04	 1.0007e+01	-5.7610e-03
-3.9015e-03	 9.1086e-03	 3.1676e-05	 2.8812e-03	 1.0011e+01	 1.2183e-02
-3.9030e-03	 9.1089e-03	 2.1959e-05	 1.0840e-03	 1.0010e+01	 8.4459e-03
-3.9042e-03	 9.1092e-03	 1.3474e-05	-3.8555e-04	 1.0010e+01	 5.1823e-03
-3.9052e-03	 9.1095e-03	 6.2195e-06	-1.5275e-03	 1.0010e+01	 2.3921e-03
-3.9060e-03	 9.1098e-03	 1.9637e-07	-2.3418e-03	 1.0010e+01	 7.5526e-05
-3.9064e-03	 9.1101e-03	-4.5956e-06	-2.8286e-03	 1.0010e+01	-1.7676e-03
-3.9067e-03	 9.1104e-03	-8.1565e-06	-2.9877e-03	 1.0010e+01	-3.1371e-03
-3.9067e-03	 9.1108e-03	-1.0486e-05	-2.8191e-03	 1.0011e+01	-4.0332e-03
-3.9065e-03	 9.1111e-03	-1.1585e-05	-2.3230e-03	 1.0011e+01	-4.4557e-03
-3.9060e-03	 9.1114e-03	-1.1452e-05	-1.4993e-03	 1.0012e+01	-4.4047e-03
-3.9053e-03	 9.1117e-03	-1.0089e-05	-3.4793e-04	 1.0013e+01	-3.8802e-03
-3.8937e-03	 9.1018e-03	 2.9213e-05	 9.5373e-03	 1.0006e+01	 1.1236e-02
-3.8968e-03	 9.1031e-03	 2.2649e-05	 6.0447e-03	 1.0006e+01	 8.7113e-03
-3.8996e-03	 9.1044e-03	 1.6775e-05	 3.0846e-03	 1.0006e+01	 6.4517e-03
-3.9019e-03	 9.1056e-03	 1.1589e-05	 6.5707e-04	 1.0006e+01	 4.4571e-03
-3.9039e-03	 9.1069e-03	 7.0915e-06	-1.2380e-03	 1.0007e+01	 2.7275e-03
-3.9054e-03	 9.1082e-03	 3.2834e-06	-2.6006e-03	 1.0008e+01	 1.2628e-03
-3.9066e-03	 9.1095e-03	 1.6418e-07	-3.4307e-03	 1.0009e+01	 6.3146e-05
-3.9074e-03	 9.1107e-03	-2.2661e-06	-3.7284e-03	 1.0010e+01	-8.7159e-04
-3.9077e-03	 9.1120e-03	-4.0075e-06	-3.4935e-03	 1.0012e+01	-1.5414e-03
-3.9077e-03	 9.1133e-03	-5.0600e-06	-2.7261e-03	 1.0013e+01	-1.9462e-03
-3.9073e-03	 9.1145e-03	-5.4236e-06	-1.4263e-03	 1.0015e+01	-2.0860e-03
-3.8859e-03	 9.0982e-03	 2.5003e-05	 1.7984e-02	 1.0006e+01	 9.6167e-03
-3.8907e-03	 9.0999e-03	 2.1745e-05	 1.2484e-02	 1.0005e+01	 8.3634e-03
-3.8949e-03	 9.1016e-03	 1.8633e-05	 7.7202e-03	 1.0005e+01	 7.1664e-03
-3.8986e-03	 9.1032e-03	 1.5667e-05	 3.6942e-03	 1.0005e+01	 6.0259e-03
-3.9018e-03	 9.1049e-03	 1.2849e-05	 4.0551e-04	 1.0006e+01	 4.9417e-03
-3.9044e-03	 9.1066e-03	 1.0176e-05	-2.1458e-03	 1.0006e+01	 3.9140e-03
-3.9065e-03	 9.1083e-03	 7.6511e-06	-3.9598e-03	 1.0007e+01	 2.9427e-03
-3.9080e-03	 9.1100e-03	 5.2724e-06	-5.0363e-03	 1.0009e+01	 2.0278e-03
-3.9090e-03	 9.1117e-03	 3.0403e-06	-5.3755e-03	 1.0011e+01	 1.1694e-03
-3.9094e-03	 9.1134e-03	 9.5500e-07	-4.9774e-03	 1.0013e+01	 3.6731e-04
-3.9093e-03	 9.1151e-03	-9.8368e-07	-3.8419e-03	 1.0015e+01	-3.7834e-04
-3.8780e-03	 9.0976e-03	 1.9047e-05	 2.8223e-02	 1.0010e+01	 7.3257e-03
-3.8845e-03	 9.0992e-03	 1.9245e-05	 2.0401e-02	 1.0008e+01	 7.4020e-03
-3.8903e-03	 9.1008e-03	 1.9048e-05	 1.3521e-02	 1.0007e+01	 7.3262e-03
-3.8954e-03	 9.1023e-03	 1.8455e-05	 7.5839e-03	 1.0006e+01	 7.0983e-03
-3.8997e-03	 9.1039e-03	 1.7467e-05	 2.5888e-03	 1.0005e+01	 6.7182e-03
-3.9034e-03	 9.1055e-03	 1.6083e-05	-1.4641e-03	 1.0005e+01	 6.1860e-03
-3.9064e-03	 9.1070e-03	 1.4304e-05	-4.5747e-03	 1.0006e+01	 5.5016e-03
-3.9087e-03	 9.1086e-03	 1.2129e-05	-6.7431e-03	 1.0007e+01	 4.6651e-03
-3.9103e-03	 9.1101e-03	 9.5588e-06	-7.9692e-03	 1.0008e+01	 3.6765e-03
-3.9111e-03	 9.1117e-03	 6.5928e-06	-8.2531e-03	 1.0009e+01	 2.5357e-03
-3.9113e-03	 9.1133e-03	 3.2312e-06	-7.5947e-03	 1.0011e+01	 1.2428e-03
-3.8911e-03	 9.0269e-03	-4.9044e-05	-3.0242e-02	 9.9067e+00	-1.8863e-02
-3.8890e-03	 9.0374e-03	-3.0373e-05	-2.1339e-02	 9.9221e+00	-1.1682e-02
-3.8876e-03	 9.0480e-03	-1.4818e-05	-1.3318e-02	 9.9371e+00	-5.6993e-03
-3.8868e-03	 9.0585e-03	-2.3804e-06	-6.1797e-03	 9.9518e+00	-9.1555e-04
-3.8867e-03	 9.0691e-03	 6.9406e-06	 7.6197e-05	 9.9660e+00	 2.6695e-03
-3.8872e-03	 9.0796e-03	 1.3145e-05	 5.4497e-03	 9.9799e+00	 5.0558e-03
-3.8884e-03	 9.0902e-03	 1.6233e-05	 9.9407e-03	 9.9935e+00	 6.2433e-03
-3.8902e-03	 9.1007e-03	 1.6204e-05	 1.3549e-02	 1.0007e+01	 6.2321e-03
-3.8927e-03	 9.1113e-03	 1.3058e-05	 1.6275e-02	 1.0019e+01	 5.0222e-03
-3.8959e-03	 9.1218e-03	 6.7952e-06	 1.8119e-02	 1.0032e+01	 2.6136e-03
-3.8997e-03	 9.1324e-03	-2.5840e-06	 1.9080e-02	 1.0044e+01	-9.9385e-04
-3.8931e-03	 9.0459e-03	-4.2804e-05	-2.1960e-02	 9.9312e+00	-1.6463e-02
-3.8912e-03	 9.0536e-03	-2.6866e-05	-1.4978e-02	 9.9425e+00	-1.0333e-02
-3.8898e-03	 9.0612e-03	-1.3673e-05	-8.7338e-03	 9.9536e+00	-5.2590e-03
-3.8890e-03	 9.0688e-03	-3.2253e-06	-3.2274e-03	 9.9643e+00	-1.2405e-03
-3.8887e-03	 9.0764e-03	 4.4782e-06	 1.5413e-03	 9.9747e+00	 1.7224e-03
-3.8890e-03	 9.0840e-03	 9.4369e-06	 5.5722e-03	 9.9848e+00	 3.6296e-03
-3.8898e-03	 9.0917e-03	 1.1651e-05	 8.8654e-03	 9.9946e+00	 4.4811e-03
-3.8912e-03	 9.0993e-03	 1.1120e-05	 1.1421e-02	 1.0004e+01	 4.2770e-03
-3.8931e-03	 9.1069e-03	 7.8447e-06	 1.3239e-02	 1.0013e+01	 3.0172e-03
-3.8956e-03	 9.1145e-03	 1.8246e-06	 1.4318e-02	 1.0022e+01	 7.0176e-04
-3.8986e-03	 9.1221e-03	-6.9403e-06	 1.4661e-02	 1.0031e+01	-2.6693e-03
-3.8952e-03	 9.0627e-03	-3.6789e-05	-1.5015e-02	 9.9526e+00	-1.4150e-02
-3.8934e-03	 9.0677e-03	-2.3477e-05	-9.7396e-03	 9.9604e+00	-9.0297e-03
-3.8921e-03	 9.0728e-03	-1.2539e-05	-5.0575e-03	 9.9680e+00	-4.8225e-03
-3.8912e-03	 9.0779e-03	-3.9726e-06	-9.6843e-04	 9.9753e+00	-1.5279e-03
-3.8908e-03	 9.0829e-03	 2.2207e-06	 2.5276e-03	 9.9823e+00	 8.5410e-04
-3.8908e-03	 9.0880e-03	 6.0412e-06	 5.4306e-03	 9.9891e+00	 2.3235e-03
-3.8913e-03	 9.0931e-03	 7.4891e-06	 7.7406e-03	 9.9957e+00	 2.8804e-03
-3.8922e-03	 9.0981e-03	 6.5642e-06	 9.4575e-03	 1.0002e+01	 2.5247e-03
-3.8935e-03	 9.1032e-03	 3.2666e-06	 1.0581e-02	 1.0008e+01	 1.2564e-03
-3.8953e-03	 9.1082e-03	-2.4037e-06	 1.1112e-02	 1.0014e+01	-9.2448e-04
-3.8975e-03	 9.1133e-03	-1.0447e-05	 1.1050e-02	 1.0019e+01	-4.0179e-03
-3.8972e-03	 9.0771e-03	-3.0999e-05	-9.4069e-03	 9.9708e+00	-1.1923e-02
-3.8956e-03	 9.0800e-03	-2.0206e-05	-5.6239e-03	 9.9756e+00	-7.7715e-03
-3.8944e-03	 9.0829e-03	-1.1414e-05	-2.2892e-03	 9.9802e+00	-4.3899e-03
-3.8934e-03	 9.0857e-03	-4.6225e-06	 5.9713e-04	 9.9846e+00	-1.7779e-03
-3.8929e-03	 9.0886e-03	 1.6811e-07	 3.0352e-03	 9.9888e+00	 6.4658e-05
-3.8926e-03	 9.0915e-03	 2.9580e-06	 5.0249e-03	 9.9928e+00	 1.1377e-03
-3.8927e-03	 9.0944e-03	 3.7472e-06	 6.5662e-03	 9.9966e+00	 1.4412e-03
-3.8931e-03	 9.0972e-03	 2.5357e-06	 7.6593e-03	 1.0000e+01	 9.7527e-04
-3.8939e-03	 9.1001e-03	-6.7650e-07	 8.3040e-03	 1.0004e+01	-2.6019e-04
-3.8950e-03	 9.1030e-03	-5.8894e-06	 8.5005e-03	 1.0007e+01	-2.2652e-03
-3.8964e-03	 9.1059e-03	-1.3103e-05	 8.2485e-03	 1.0010e+01	-5.0396e-03
-3.8992e-03	 9.0892e-03	-2.5434e-05	-5.1363e-03	 9.9860e+00	-9.7821e-03
-3.8978e-03	 9.0903e-03	-1.7052e-05	-2.6308e-03	 9.9882e+00	-6.5584e-03
-3.8966e-03	 9.0914e-03	-1.0299e-05	-4.2895e-04	 9.9903e+00	-3.9612e-03
-3.8957e-03	 9.0924e-03	-5.1749e-06	 1.4693e-03	 9.9923e+00	-1.9904e-03
-3.8949e-03	 9.0935e-03	-1.6795e-06	 3.0639e-03	 9.9941e+00	-6.4595e-04
-3.8944e-03	 9.0945e-03	 1.8728e-07	 4.3550e-03	 9.9959e+00	 7.2031e-05
-3.8941e-03	 9.0956e-03	 4.2533e-07	 5.3424e-03	 9.9975e+00	 1.6359e-04
-3.8941e-03	 9.0967e-03	-9.6532e-07	 6.0262e-03	 9.9989e+00	-3.7128e-04
-3.8943e-03	 9.0977e-03	-3.9847e-06	 6.4064e-03	 1.0000e+01	-1.5326e-03
-3.8947e-03	 9.0988e-03	-8.6327e-06	 6.4829e-03	 1.0001e+01	-3.3203e-03
-3.8953e-03	 9.0998e-03	-1.4910e-05	 6.2559e-03	 1.0003e+01	-5.7344e-03
-3.9012e-03	 9.0990e-03	-2.0094e-05	-2.2029e-03	 9.9980e+00	-7.7283e-03
-3.9000e-03	 9.0987e-03	-1.4016e-05	-7.6036e-04	 9.9982e+00	-5.3906e-03
-3.8989e-03	 9.0983e-03	-9.1944e-06	 5.2332e-04	 9.9983e+00	-3.5363e-03
-3.8979e-03	 9.0979e-03	-5.6299e-06	 1.6481e-03	 9.9984e+00	-2.1653e-03
-3.8970e-03	 9.0975e-03	-3.3221e-06	 2.6140e-03	 9.9984e+00	-1.2777e-03
-3.8962e-03	 9.0971e-03	-2.2710e-06	 3.4209e-03	 9.9983e+00	-8.7346e-04
-3.8956e-03	 9.0967e-03	-2.4766e-06	 4.0690e-03	 9.9982e+00	-9.5254e-04
-3.8951e-03	 9.0964e-03	-3.9389e-06	 4.5581e-03	 9.9980e+00	-1.5150e-03
-3.8946e-03	 9.0960e-03	-6.6579e-06	 4.8884e-03	 9.9977e+00	-2.5607e-03
-3.8944e-03	 9.0956e-03	-1.0634e-05	 5.0597e-03	 9.9973e+00	-4.0898e-03
-3.8942e-03	 9.0952e-03	-1.5866e-05	 5.0722e-03	 9.9969e+00	-6.1023e-03
-3.9032e-03	 9.1065e-03	-1.4978e-05	-6.0682e-04	 1.0007e+01	-5.7610e-03
-3.9022e-03	 9.1051e-03	-1.1097e-05	-1.2515e-05	 1.0006e+01	-4.2680e-03
-3.9011e-03	 9.1036e-03	-8.0997e-06	 5.6759e-04	 1.0004e+01	-3.1153e-03
-3.9001e-03	 9.1022e-03	-5.9874e-06	 1.1335e-03	 1.0003e+01	-2.3028e-03
-3.8991e-03	 9.1007e-03	-4.7598e-06	 1.6852e-03	 1.0001e+01	-1.8307e-03
-3.8980e-03	 9.0993e-03	-4.4168e-06	 2.2227e-03	 1.0000e+01	-1.6988e-03
-3.8970e-03	 9.0978e-03	-4.9586e-06	 2.7460e-03	 9.9988e+00	-1.9071e-03
-3.8960e-03	 9.0963e-03	-6.3850e-06	 3.2552e-03	 9.9974e+00	-2.4558e-03
-3.8950e-03	 9.0949e-03	-8.6962e-06	 3.7501e-03	 9.9960e+00	-3.3447e-03
-3.8940e-03	 9.0934e-03	-1.1892e-05	 4.2308e-03	 9.9946e+00	-4.5738e-03
-3.8931e-03	 9.0920e-03	-1.5973e-05	 4.6974e-03	 9.9932e+00	-6.1433e-03
-3.9053e-03	 9.1117e-03	-1.0089e-05	-3.4793e-04	 1.0013e+01	-3.8802e-03
-3.9044e-03	 9.1095e-03	-8.2955e-06	-3.8729e-04	 1.0010e+01	-3.1906e-03
-3.9034e-03	 9.1074e-03	-7.0151e-06	-2.9614e-04	 1.0008e+01	-2.6981e-03
-3.9023e-03	 9.1052e-03	-6.2474e-06	-7.4482e-05	 1.0006e+01	-2.4029e-03
-3.9011e-03	 9.1031e-03	-5.9925e-06	 2.7769e-04	 1.0003e+01	-2.3048e-03
-3.8998e-03	 9.1009e-03	-6.2502e-06	 7.6038e-04	 1.0001e+01	-2.4039e-03
-3.8985e-03	 9.0988e-03	-7.0206e-06	 1.3736e-03	 9.9992e+00	-2.7002e-03
-3.8970e-03	 9.0966e-03	-8.3037e-06	 2.1173e-03	 9.9972e+00	-3.1937e-03
-3.8954e-03	 9.0945e-03	-1.0099e-05	 2.9915e-03	 9.9952e+00	-3.8844e-03
-3.8937e-03	 9.0923e-03	-1.2408e-05	 3.9963e-03	 9.9933e+00	-4.7723e-03
-3.8920e-03	 9.0902e-03	-1.5229e-05	 5.1315e-03	 9.9914e+00	-5.8574e-03
-3.9073e-03	 9.1145e-03	-5.4236e-06	-1.4263e-03	 1.0015e+01	-2.0860e-03
-3.9066e-03	 9.1121e-03	-5.6117e-06	-1.8847e-03	 1.0012e+01	-2.1583e-03
-3.9056e-03	 9.1096e-03	-5.9405e-06	-2.0679e-03	 1.0010e+01	-2.2848e-03
-3.9045e-03	 9.1071e-03	-6.4100e-06	-1.9758e-03	 1.0007e+01	-2.4654e-03
-3.9032e-03	 9.1046e-03	-7.0202e-06	-1.6086e-03	 1.0004e+01	-2.7001e-03
-3.9016e-03	 9.1021e-03	-7.7711e-06	-9.6612e-04	 1.0002e+01	-2.9889e-03
-3.8999e-03	 9.0997e-03	-8.6626e-06	-4.8415e-05	 9.9996e+00	-3.3318e-03
-3.8979e-03	 9.0972e-03	-9.6949e-06	 1.1445e-03	 9.9974e+00	-3.7288e-03
-3.8958e-03	 9.0947e-03	-1.0868e-05	 2.6127e-03	 9.9953e+00	-4.1799e-03
-3.8934e-03	 9.0922e-03	-1.2181e-05	 4.3560e-03	 9.9933e+00	-4.6852e-03
-3.8909e-03	 9.0897e-03	-1.3636e-05	 6.3746e-03	 9.9915e+00	-5.2445e-03
-3.9093e-03	 9.1151e-03	-9.8368e-07	-3.8419e-03	 1.0015e+01	-3.7834e-04
-3.9088e-03	 9.1126e-03	-3.0455e-06	-4.5047e-03	 1.0012e+01	-1.1713e-03
-3.9079e-03	 9.1102e-03	-4.8760e-06	-4.7476e-03	 1.0009e+01	-1.8754e-03
-3.9067e-03	 9.1078e-03	-6.4751e-06	-4.5706e-03	 1.0007e+01	-2.4904e-03
-3.9052e-03	 9.1053e-03	-7.8430e-06	-3.9736e-03	 1.0004e+01	-3.0165e-03
-3.9034e-03	 9.1029e-03	-8.9795e-06	-2.9568e-03	 1.0002e+01	-3.4537e-03
-3.9013e-03	 9.1005e-03	-9.8847e-06	-1.5199e-03	 9.9999e+00	-3.8018e-03
-3.8989e-03	 9.0980e-03	-1.0559e-05	 3.3681e-04	 9.9980e+00	-4.0610e-03
-3.8962e-03	 9.0956e-03	-1.1001e-05	 2.6135e-03	 9.9963e+00	-4.2312e-03
-3.8931e-03	 9.0932e-03	-1.1213e-05	 5.3101e-03	 9.9948e+00	-4.3125e-03
-3.8898e-03	 9.0907e-03	-1.1192e-05	 8.4266e-03	 9.9934e+00	-4.3048e-03
-3.9113e-03	 9.1133e-03	 3.2312e-06	-7.5947e-03	 1.0011e+01	 1.2428e-03
-3.9109e-03	 9.1113e-03	-5.9678e-07	-8.2473e-03	 1.0009e+01	-2.2953e-04
-3.9101e-03	 9.1092e-03	-3.8214e-06	-8.3354e-03	 1.0007e+01	-1.4698e-03
-3.9089e-03	 9.1072e-03	-6.4428e-06	-7.8587e-03	 1.0005e+01	-2.4780e-03
-3.9073e-03	 9.1052e-03	-8.4608e-06	-6.8175e-03	 1.0003e+01	-3.2542e-03
-3.9052e-03	 9.1032e-03	-9.8755e-06	-5.2116e-03	 1.0001e+01	-3.7983e-03
-3.9028e-03	 9.1012e-03	-1.0687e-05	-3.0410e-03	 1.0000e+01	-4.1103e-03
-3.8999e-03	 9.0992e-03	-1.0895e-05	-3.0581e-04	 9.9989e+00	-4.1904e-03
-3.8965e-03	 9.0971e-03	-1.0500e-05	 2.9940e-03	 9.9981e+00	-4.0383e-03
-3.8928e-03	 9.0951e-03	-9.5011e-06	 6.8585e-03	 9.9976e+00	-3.6543e-03
-3.8887e-03	 9.0931e-03	-7.8992e-06	 1.1288e-02	 9.9973e+00	-3.0382e-03
-3.8780e-03	 9.0976e-03	 1.9047e-05	 2.8223e-02	 1.0010e+01	 7.3257e-03
-3.8845e-03	 9.0992e-03	 1.9245e-05	 2.0401e-02	 1.0008e+01	 7.4020e-03
-3.8903e-03	 9.1008e-03	 1.9048e-05	 1.3521e-02	 1.0007e+01	 7.3262e-03
-3.8954e-03	 9.1023e-03	 1.8455e-05	 7.5839e-03	 1.0006e+01	 7.0983e-03
-3.8997e-03	 9.1039e-03	 1.7467e-05	 2.5888e-03	 1.0005e+01	 6.7182e-03
-3.9034e-03	 9.1055e-03	 1.6083e-05	-1.4641e-03	 1.0005e+01	 6.1860e-03
-3.9064e-03	 9.1070e-03	 1.4304e-05	-4.5747e-03	 1.0006e+01	 5.5016e-03
-3.9087e-03	 9.1086e-03	 1.2129e-05	-6.7431e-03	 1.0007e+01	 4.6651e-03
-3.9103e-03	 9.1101e-03	 9.5588e-06	-7.9692e-03	 1.0008e+01	 3.6765e-03
-3.9111e-03	 9.1117e-03	 6.5928e-06	-8.2531e-03	 1.0009e+01	 2.5357e-03
-3.9113e-03	 9.1133e-03	 3.2312e-06	-7.5947e-03	 1.0011e+01	 1.2428e-03
-3.8812e-03	 9.0985e-03	 1.2742e-05	 2.4406e-02	 1.0009e+01	 4.9009e-03
-3.8867e-03	 9.0997e-03	 1.3366e-05	 1.7710e-02	 1.0007e+01	 5.1406e-03
-3.8916e-03	 9.1009e-03	 1.3644e-05	 1.1805e-02	 1.0006e+01	 5.2476e-03
-3.8959e-03	 9.1021e-03	 1.3577e-05	 6.6913e-03	 1.0005e+01	 5.2221e-03
-3.8997e-03	 9.1033e-03	 1.3166e-05	 2.3679e-03	 1.0005e+01	 5.0640e-03
-3.9028e-03	 9.1045e-03	 1.2411e-05	-1.1648e-03	 1.0004e+01	 4.7733e-03
-3.9053e-03	 9.1057e-03	 1.1310e-05	-3.9068e-03	 1.0005e+01	 4.3500e-03
-3.9073e-03	 9.1069e-03	 9.8647e-06	-5.8581e-03	 1.0005e+01	 3.7941e-03
-3.9087e-03	 9.1081e-03	 8.0747e-06	-7.0187e-03	 1.0006e+01	 3.1056e-03
-3.9095e-03	 9.1093e-03	 5.9399e-06	-7.3886e-03	 1.0007e+01	 2.2846e-03
-3.9097e-03	 9.1104e-03	 3.4605e-06	-6.9678e-03	 1.0008e+01	 1.3310e-03
-3.8845e-03	 9.0992e-03	 7.4898e-06	 2.0447e-02	 1.0008e+01	 2.8807e-03
-3.8889e-03	 9.1000e-03	 8.4249e-06	 1.4908e-02	 1.0006e+01	 3.2403e-03
-3.8930e-03	 9.1009e-03	 9.0661e-06	 1.0007e-02	 1.0005e+01	 3.4869e-03
-3.8965e-03	 9.1018e-03	 9.4134e-06	 5.7456e-03	 1.0004e+01	 3.6205e-03
-3.8996e-03	 9.1027e-03	 9.4668e-06	 2.1233e-03	 1.0004e+01	 3.6411e-03
-3.9022e-03	 9.1035e-03	 9.2263e-06	-8.5992e-04	 1.0004e+01	 3.5486e-03
-3.9043e-03	 9.1044e-03	 8.6920e-06	-3.2039e-03	 1.0003e+01	 3.3431e-03
-3.9059e-03	 9.1053e-03	 7.8637e-06	-4.9088e-03	 1.0004e+01	 3.0245e-03
-3.9071e-03	 9.1061e-03	 6.7416e-06	-5.9746e-03	 1.0004e+01	 2.5929e-03
-3.9078e-03	 9.1070e-03	 5.3256e-06	-6.4011e-03	 1.0005e+01	 2.0483e-03
-3.9080e-03	 9.1079e-03	 3.6156e-06	-6.1886e-03	 1.0006e+01	 1.3906e-03
-3.8877e-03	 9.0996e-03	 3.2888e-06	 1.6348e-02	 1.0007e+01	 1.2649e-03
-3.8912e-03	 9.1002e-03	 4.4233e-06	 1.1993e-02	 1.0005e+01	 1.7013e-03
-3.8943e-03	 9.1008e-03	 5.3148e-06	 8.1264e-03	 1.0004e+01	 2.0441e-03
-3.8971e-03	 9.1014e-03	 5.9632e-06	 4.7468e-03	 1.0004e+01	 2.2935e-03
-3.8995e-03	 9.1020e-03	 6.3686e-06	 1.8549e-03	 1.0003e+01	 2.4494e-03
-3.9015e-03	 9.1026e-03	 6.5309e-06	-5.4944e-04	 1.0003e+01	 2.5119e-03
-3.9032e-03	 9.1032e-03	 6.4501e-06	-2.4662e-03	 1.0002e+01	 2.4808e-03
-3.9045e-03	 9.1038e-03	 6.1263e-06	-3.8953e-03	 1.0002e+01	 2.3563e-03
-3.9055e-03	 9.1044e-03	 5.5595e-06	-4.8369e-03	 1.0003e+01	 2.1383e-03
-3.9061e-03	 9.1050e-03	 4.7496e-06	-5.2908e-03	 1.0003e+01	 1.8268e-03
-3.9063e-03	 9.1056e-03	 3.6967e-06	-5.2572e-03	 1.0004e+01	 1.4218e-03
-3.8909e-03	 9.0997e-03	 1.3941e-07	 1.2108e-02	 1.0005e+01	 5.3618e-05
-3.8934e-03	 9.1001e-03	 1.3608e-06	 8.9676e-03	 1.0004e+01	 5.2338e-04
-3.8956e-03	 9.1005e-03	 2.3900e-06	 6.1633e-03	 1.0003e+01	 9.1922e-04
-3.8976e-03	 9.1009e-03	 3.2269e-06	 3.6950e-03	 1.0003e+01	 1.2411e-03
-3.8994e-03	 9.1013e-03	 3.8717e-06	 1.5628e-03	 1.0002e+01	 1.4891e-03
-3.9009e-03	 9.1016e-03	 4.3242e-06	-2.3337e-04	 1.0002e+01	 1.6631e-03
-3.9021e-03	 9.1020e-03	 4.5845e-06	-1.6935e-03	 1.0002e+01	 1.7633e-03
-3.9031e-03	 9.1024e-03	 4.6526e-06	-2.8176e-03	 1.0001e+01	 1.7895e-03
-3.9039e-03	 9.1028e-03	 4.5285e-06	-3.6056e-03	 1.0002e+01	 1.7417e-03
-3.9044e-03	 9.1032e-03	 4.2121e-06	-4.0576e-03	 1.0002e+01	 1.6200e-03
-3.9046e-03	 9.1036e-03	 3.7036e-06	-4.1735e-03	 1.0002e+01	 1.4244e-03
-3.8941e-03	 9.0996e-03	-1.9583e-06	 7.7267e-03	 1.0003e+01	-7.5319e-04
-3.8956e-03	 9.0998e-03	-7.6263e-07	 5.8300e-03	 1.0002e+01	-2.9332e-04
-3.8970e-03	 9.1001e-03	 2.9166e-07	 4.1178e-03	 1.0002e+01	 1.1218e-04
-3.8982e-03	 9.1003e-03	 1.2046e-06	 2.5902e-03	 1.0001e+01	 4.6330e-04
-3.8993e-03	 9.1005e-03	 1.9761e-06	 1.2470e-03	 1.0001e+01	 7.6004e-04
-3.9002e-03	 9.1007e-03	 2.6063e-06	 8.8298e-05	 1.0001e+01	 1.0024e-03
-3.9011e-03	 9.1009e-03	 3.0950e-06	-8.8589e-04	 1.0001e+01	 1.1904e-03
-3.9017e-03	 9.1012e-03	 3.4424e-06	-1.6756e-03	 1.0001e+01	 1.3240e-03
-3.9023e-03	 9.1014e-03	 3.6484e-06	-2.2808e-03	 1.0001e+01	 1.4032e-03
-3.9027e-03	 9.1016e-03	 3.7131e-06	-2.7014e-03	 1.0001e+01	 1.4281e-03
-3.9030e-03	 9.1018e-03	 3.6363e-06	-2.9376e-03	 1.0001e+01	 1.3986e-03
-3.8973e-03	 9.0993e-03	-3.0044e-06	 3.2044e-03	 1.0001e+01	-1.1555e-03
-3.8978e-03	 9.0994e-03	-1.9470e-06	 2.5807e-03	 1.0000e+01	-7.4884e-04
-3.8983e-03	 9.0995e-03	-9.8015e-07	 1.9900e-03	 1.0000e+01	-3.7698e-04
-3.8988e-03	 9.0996e-03	-1.0386e-07	 1.4322e-03	 1.0000e+01	-3.9946e-05
-3.8992e-03	 9.0997e-03	 6.8188e-07	 9.0742e-04	 1.0000e+01	 2.6226e-04
-3.8996e-03	 9.0998e-03	 1.3771e-06	 4.1556e-04	 1.0000e+01	 5.2965e-04
-3.9000e-03	 9.0999e-03	 1.9817e-06	-4.3351e-05	 9.9999e+00	 7.6221e-04
-3.9004e-03	 9.1000e-03	 2.4958e-06	-4.6931e-04	 9.9998e+00	 9.5994e-04
-3.9007e-03	 9.1001e-03	 2.9194e-06	-8.6233e-04	 9.9998e+00	 1.1229e-03
-3.9010e-03	 9.1002e-03	 3.2524e-06	-1.2224e-03	 9.9997e+00	 1.2509e-03
-3.9013e-03	 9.1003e-03	 3.4949e-06	-1.5495e-03	 9.9997e+00	 1.3442e-03
-3.9005e-03	 9.0987e-03	-2.9987e-06	-1.4590e-03	 9.9979e+00	-1.1534e-03
-3.9000e-03	 9.0987e-03	-2.1922e-06	-7.8032e-04	 9.9983e+00	-8.4317e-04
-3.8996e-03	 9.0988e-03	-1.4255e-06	-2.2023e-04	 9.9986e+00	-5.4825e-04
-3.8993e-03	 9.0988e-03	-6.9837e-07	 2.2125e-04	 9.9988e+00	-2.6861e-04
-3.8991e-03	 9.0989e-03	-1.0998e-08	 5.4414e-04	 9.9990e+00	-4.2298e-06
-3.8990e-03	 9.0989e-03	 6.3667e-07	 7.4842e-04	 9.9991e+00	 2.4487e-04
-3.8989e-03	 9.0989e-03	 1.2446e-06	 8.3411e-04	 9.9992e+00	 4.7870e-04
-3.8990e-03	 9.0990e-03	 1.8129e-06	 8.0119e-04	 9.9992e+00	 6.9726e-04
-3.8991e-03	 9.0990e-03	 2.3414e-06	 6.4968e-04	 9.9992e+00	 9.0055e-04
-3.8993e-03	 9.0990e-03	 2.8303e-06	 3.7957e-04	 9.9991e+00	 1.0886e-03
-3.8996e-03	 9.0991e-03	 3.2794e-06	-9.1423e-06	 9.9990e+00	 1.2613e-03
-3.9037e-03	 9.0979e-03	-1.9415e-06	-6.2634e-03	 9.9950e+00	-7.4673e-04
-3.9023e-03	 9.0979e-03	-1.4984e-06	-4.2531e-03	 9.9959e+00	-5.7632e-04
-3.9010e-03	 9.0979e-03	-1.0443e-06	-2.5129e-03	 9.9966e+00	-4.0164e-04
-3.8999e-03	 9.0979e-03	-5.7897e-07	-1.0428e-03	 9.9973e+00	-2.2268e-04
-3.8990e-03	 9.0980e-03	-1.0254e-07	 1.5712e-04	 9.9978e+00	-3.9438e-05
-3.8983e-03	 9.0980e-03	 3.8502e-07	 1.0869e-03	 9.9983e+00	 1.4808e-04
-3.8979e-03	 9.0980e-03	 8.8371e-07	 1.7465e-03	 9.9986e+00	 3.3989e-04
-3.8976e-03	 9.0980e-03	 1.3935e-06	 2.1360e-03	 9.9988e+00	 5.3597e-04
-3.8975e-03	 9.0981e-03	 1.9145e-06	 2.2553e-03	 9.9988e+00	 7.3633e-04
-3.8976e-03	 9.0981e-03	 2.4465e-06	 2.1044e-03	 9.9988e+00	 9.4097e-04
-3.8979e-03	 9.0981e-03	 2.9897e-06	 1.6835e-03	 9.9987e+00	 1.1499e-03
-3.9070e-03	 9.0968e-03	 1.6743e-07	-1.1209e-02	 9.9917e+00	 6.4395e-05
-3.9045e-03	 9.0969e-03	 1.3444e-07	-7.8375e-03	 9.9932e+00	 5.1708e-05
-3.9023e-03	 9.0969e-03	 1.6342e-07	-4.8879e-03	 9.9945e+00	 6.2853e-05
-3.9005e-03	 9.0970e-03	 2.5436e-07	-2.3599e-03	 9.9957e+00	 9.7830e-05
-3.8989e-03	 9.0970e-03	 4.0726e-07	-2.5364e-04	 9.9966e+00	 1.5664e-04
-3.8977e-03	 9.0971e-03	 6.2213e-07	 1.4309e-03	 9.9974e+00	 2.3928e-04
-3.8968e-03	 9.0972e-03	 8.9896e-07	 2.6938e-03	 9.9980e+00	 3.4575e-04
-3.8962e-03	 9.0972e-03	 1.2378e-06	 3.5350e-03	 9.9985e+00	 4.7606e-04
-3.8959e-03	 9.0973e-03	 1.6385e-06	 3.9544e-03	 9.9987e+00	 6.3020e-04
-3.8959e-03	 9.0973e-03	 2.1012e-06	 3.9522e-03	 9.9988e+00	 8.0817e-04
-3.8963e-03	 9.0974e-03	 2.6259e-06	 3.5283e-03	 9.9987e+00	 1.0100e-03
-3.9102e-03	 9.0955e-03	 3.3280e-06	-1.6295e-02	 9.9880e+00	 1.2800e-03
-3.9067e-03	 9.0956e-03	 2.7064e-06	-1.1534e-02	 9.9903e+00	 1.0409e-03
-3.9036e-03	 9.0958e-03	 2.1976e-06	-7.3453e-03	 9.9922e+00	 8.4523e-04
-3.9010e-03	 9.0959e-03	 1.8016e-06	-3.7301e-03	 9.9939e+00	 6.9292e-04
-3.8988e-03	 9.0961e-03	 1.5184e-06	-6.8812e-04	 9.9954e+00	 5.8400e-04
-3.8971e-03	 9.0962e-03	 1.3480e-06	 1.7806e-03	 9.9966e+00	 5.1846e-04
-3.8957e-03	 9.0964e-03	 1.2904e-06	 3.6760e-03	 9.9976e+00	 4.9631e-04
-3.8948e-03	 9.0965e-03	 1.3456e-06	 4.9982e-03	 9.9983e+00	 5.1754e-04
-3.8943e-03	 9.0967e-03	 1.5136e-06	 5.7472e-03	 9.9988e+00	 5.8215e-04
-3.8942e-03	 9.0968e-03	 1.7944e-06	 5.9229e-03	 9.9990e+00	 6.9015e-04
-3.8946e-03	 9.0970e-03	 2.1880e-06	 5.5254e-03	 9.9990e+00	 8.4154e-04
-3.9113e-03	 9.1133e-03	 3.2312e-06	-7.5947e-03	 1.0011e+01	 1.2428e-03
-3.9109e-03	 9.1113e-03	-5.9678e-07	-8.2473e-03	 1.0009e+01	-2.2953e-04
-3.9101e-03	 9.1092e-03	-3.8214e-06	-8.3354e-03	 1.0007e+01	-1.4698e-03
-3.9089e-03	 9.1072e-03	-6.4428e-06	-7.8587e-03	 1.0005e+01	-2.4780e-03
-3.9073e-03	 9.1052e-03	-8.4608e-06	-6.8175e-03	 1.0003e+01	-3.2542e-03
-3.9052e-03	 9.1032e-03	-9.8755e-06	-5.2116e-03	 1.0001e+01	-3.7983e-03
-3.9028e-03	 9.1012e-03	-1.0687e-05	-3.0410e-03	 1.0000e+01	-4.1103e-03
-3.8999e-03	 9.0992e-03	-1.0895e-05	-3.0581e-04	 9.9989e+00	-4.1904e-03
-3.8965e-03	 9.0971e-03	-1.0500e-05	 2.9940e-03	 9.9981e+00	-4.0383e-03
-3.8928e-03	 9.0951e-03	-9.5011e-06	 6.8585e-03	 9.9976e+00	-3.6543e-03
-3.8887e-03	 9.0931e-03	-7.8992e-06	 1.1288e-02	 9.9973e+00	-3.0382e-03
-3.9097e-03	 9.1104e-03	 3.4605e-06	-6.9678e-03	 1.0008e+01	 1.3310e-03
-3.9094e-03	 9.1090e-03	 2.5158e-07	-7.4291e-03	 1.0007e+01	 9.6761e-05
-3.9087e-03	 9.1075e-03	-2.4310e-06	-7.3952e-03	 1.0005e+01	-9.3498e-04
-3.9077e-03	 9.1061e-03	-4.5871e-06	-6.8661e-03	 1.0004e+01	-1.7643e-03
-3.9063e-03	 9.1046e-03	-6.2169e-06	-5.8418e-03	 1.0003e+01	-2.3911e-03
-3.9046e-03	 9.1032e-03	-7.3203e-06	-4.3223e-03	 1.0002e+01	-2.8155e-03
-3.9025e-03	 9.1017e-03	-7.8973e-06	-2.3076e-03	 1.0001e+01	-3.0374e-03
-3.9000e-03	 9.1003e-03	-7.9479e-06	 2.0235e-04	 1.0000e+01	-3.0569e-03
-3.8971e-03	 9.0988e-03	-7.4722e-06	 3.2075e-03	 1.0000e+01	-2.8739e-03
-3.8939e-03	 9.0974e-03	-6.4701e-06	 6.7078e-03	 1.0000e+01	-2.4885e-03
-3.8903e-03	 9.0959e-03	-4.9416e-06	 1.0703e-02	 1.0000e+01	-1.9006e-03
-3.9080e-03	 9.1079e-03	 3.6156e-06	-6.1886e-03	 1.0006e+01	 1.3906e-03
-3.9078e-03	 9.1069e-03	 9.7421e-07	-6.5029e-03	 1.0005e+01	 3.7470e-04
-3.9073e-03	 9.1060e-03	-1.2178e-06	-6.3915e-03	 1.0004e+01	-4.6838e-04
-3.9065e-03	 9.1050e-03	-2.9603e-06	-5.8543e-03	 1.0003e+01	-1.1386e-03
-3.9054e-03	 9.1040e-03	-4.2534e-06	-4.8914e-03	 1.0002e+01	-1.6359e-03
-3.9039e-03	 9.1031e-03	-5.0971e-06	-3.5027e-03	 1.0002e+01	-1.9604e-03
-3.9022e-03	 9.1021e-03	-5.4914e-06	-1.6882e-03	 1.0002e+01	-2.1121e-03
-3.9001e-03	 9.1012e-03	-5.4361e-06	 5.5203e-04	 1.0002e+01	-2.0908e-03
-3.8977e-03	 9.1002e-03	-4.9315e-06	 3.2180e-03	 1.0002e+01	-1.8967e-03
-3.8950e-03	 9.0992e-03	-3.9774e-06	 6.3098e-03	 1.0002e+01	-1.5298e-03
-3.8920e-03	 9.0983e-03	-2.5739e-06	 9.8273e-03	 1.0002e+01	-9.8996e-04
-3.9063e-03	 9.1056e-03	 3.6967e-06	-5.2572e-03	 1.0004e+01	 1.4218e-03
-3.9062e-03	 9.1051e-03	 1.5711e-06	-5.4689e-03	 1.0003e+01	 6.0428e-04
-3.9059e-03	 9.1045e-03	-1.8191e-07	-5.3244e-03	 1.0003e+01	-6.9964e-05
-3.9053e-03	 9.1039e-03	-1.5624e-06	-4.8235e-03	 1.0002e+01	-6.0094e-04
-3.9044e-03	 9.1034e-03	-2.5705e-06	-3.9663e-03	 1.0002e+01	-9.8865e-04
-3.9033e-03	 9.1028e-03	-3.2060e-06	-2.7528e-03	 1.0002e+01	-1.2331e-03
-3.9019e-03	 9.1023e-03	-3.4691e-06	-1.1829e-03	 1.0002e+01	-1.3343e-03
-3.9002e-03	 9.1017e-03	-3.3596e-06	 7.4324e-04	 1.0002e+01	-1.2922e-03
-3.8983e-03	 9.1012e-03	-2.8776e-06	 3.0257e-03	 1.0003e+01	-1.1068e-03
-3.8961e-03	 9.1006e-03	-2.0232e-06	 5.6645e-03	 1.0003e+01	-7.7814e-04
-3.8936e-03	 9.1001e-03	-7.9621e-07	 8.6596e-03	 1.0004e+01	-3.0623e-04
-3.9046e-03	 9.1036e-03	 3.7036e-06	-4.1735e-03	 1.0002e+01	 1.4244e-03
-3.9047e-03	 9.1034e-03	 2.0423e-06	-4.3271e-03	 1.0002e+01	 7.8551e-04
-3.9045e-03	 9.1031e-03	 6.7666e-07	-4.1938e-03	 1.0002e+01	 2.6025e-04
-3.9041e-03	 9.1029e-03	-3.9345e-07	-3.7736e-03	 1.0002e+01	-1.5133e-04
-3.9034e-03	 9.1027e-03	-1.1680e-06	-3.0665e-03	 1.0002e+01	-4.4923e-04
-3.9026e-03	 9.1025e-03	-1.6470e-06	-2.0726e-03	 1.0002e+01	-6.3345e-04
-3.9016e-03	 9.1023e-03	-1.8304e-06	-7.9174e-04	 1.0002e+01	-7.0400e-04
-3.9003e-03	 9.1021e-03	-1.7183e-06	 7.7596e-04	 1.0003e+01	-6.6087e-04
-3.8988e-03	 9.1018e-03	-1.3106e-06	 2.6305e-03	 1.0003e+01	-5.0407e-04
-3.8971e-03	 9.1016e-03	-6.0733e-07	 4.7720e-03	 1.0004e+01	-2.3359e-04
-3.8953e-03	 9.1014e-03	 3.9149e-07	 7.2003e-03	 1.0005e+01	 1.5057e-04
-3.9030e-03	 9.1018e-03	 3.6363e-06	-2.9376e-03	 1.0001e+01	 1.3986e-03
-3.9031e-03	 9.1019e-03	 2.3878e-06	-3.0774e-03	 1.0001e+01	 9.1838e-04
-3.9030e-03	 9.1019e-03	 1.3579e-06	-2.9997e-03	 1.0001e+01	 5.2228e-04
-3.9028e-03	 9.1019e-03	 5.4666e-07	-2.7046e-03	 1.0001e+01	 2.1025e-04
-3.9025e-03	 9.1020e-03	-4.5980e-08	-2.1921e-03	 1.0001e+01	-1.7685e-05
-3.9019e-03	 9.1020e-03	-4.2000e-07	-1.4621e-03	 1.0002e+01	-1.6154e-04
-3.9013e-03	 9.1021e-03	-5.7540e-07	-5.1466e-04	 1.0002e+01	-2.2131e-04
-3.9004e-03	 9.1021e-03	-5.1218e-07	 6.5020e-04	 1.0003e+01	-1.9699e-04
-3.8994e-03	 9.1021e-03	-2.3034e-07	 2.0325e-03	 1.0003e+01	-8.8592e-05
-3.8982e-03	 9.1022e-03	 2.7012e-07	 3.6322e-03	 1.0004e+01	 1.0389e-04
-3.8969e-03	 9.1022e-03	 9.8920e-07	 5.4494e-03	 1.0005e+01	 3.8046e-04
-3.9013e-03	 9.1003e-03	 3.4949e-06	-1.5495e-03	 9.9997e+00	 1.3442e-03
-3.9015e-03	 9.1005e-03	 2.6076e-06	-1.7199e-03	 9.9999e+00	 1.0029e-03
-3.9016e-03	 9.1008e-03	 1.8619e-06	-1.7422e-03	 1.0000e+01	 7.1611e-04
-3.9016e-03	 9.1010e-03	 1.2579e-06	-1.6166e-03	 1.0000e+01	 4.8380e-04
-3.9015e-03	 9.1012e-03	 7.9556e-07	-1.3429e-03	 1.0001e+01	 3.0598e-04
-3.9013e-03	 9.1014e-03	 4.7492e-07	-9.2129e-04	 1.0001e+01	 1.8266e-04
-3.9010e-03	 9.1016e-03	 2.9596e-07	-3.5166e-04	 1.0002e+01	 1.1383e-04
-3.9005e-03	 9.1019e-03	 2.5868e-07	 3.6596e-04	 1.0002e+01	 9.9494e-05
-3.9000e-03	 9.1021e-03	 3.6308e-07	 1.2316e-03	 1.0003e+01	 1.3965e-04
-3.8993e-03	 9.1023e-03	 6.0917e-07	 2.2452e-03	 1.0003e+01	 2.3429e-04
-3.8985e-03	 9.1025e-03	 9.9693e-07	 3.4068e-03	 1.0004e+01	 3.8343e-04
-3.8996e-03	 9.0991e-03	 3.2794e-06	-9.1423e-06	 9.9990e+00	 1.2613e-03
-3.8999e-03	 9.0994e-03	 2.7016e-06	-2.5446e-04	 9.9992e+00	 1.0391e-03
-3.9002e-03	 9.0997e-03	 2.1885e-06	-4.2123e-04	 9.9995e+00	 8.4174e-04
-3.9004e-03	 9.1001e-03	 1.7402e-06	-5.0945e-04	 9.9998e+00	 6.6931e-04
-3.9005e-03	 9.1004e-03	 1.3566e-06	-5.1911e-04	 1.0000e+01	 5.2178e-04
-3.9006e-03	 9.1007e-03	 1.0378e-06	-4.5021e-04	 1.0001e+01	 3.9915e-04
-3.9007e-03	 9.1010e-03	 7.8368e-07	-3.0276e-04	 1.0001e+01	 3.0141e-04
-3.9006e-03	 9.1013e-03	 5.9432e-07	-7.6761e-05	 1.0001e+01	 2.2858e-04
-3.9005e-03	 9.1017e-03	 4.6970e-07	 2.2779e-04	 1.0002e+01	 1.8065e-04
-3.9004e-03	 9.1020e-03	 4.0981e-07	 6.1091e-04	 1.0002e+01	 1.5762e-04
-3.9002e-03	 9.1023e-03	 4.1467e-07	 1.0726e-03	 1.0003e+01	 1.5949e-04
-3.8979e-03	 9.0981e-03	 2.9897e-06	 1.6835e-03	 9.9987e+00	 1.1499e-03
-3.8984e-03	 9.0985e-03	 2.6699e-06	 1.3188e-03	 9.9989e+00	 1.0269e-03
-3.8988e-03	 9.0988e-03	 2.3379e-06	 9.6320e-04	 9.9991e+00	 8.9918e-04
-3.8992e-03	 9.0992e-03	 1.9936e-06	 6.1675e-04	 9.9993e+00	 7.6678e-04
-3.8996e-03	 9.0995e-03	 1.6372e-06	 2.7940e-04	 9.9996e+00	 6.2970e-04
-3.9000e-03	 9.0999e-03	 1.2686e-06	-4.8835e-05	 9.9998e+00	 4.8792e-04
-3.9004e-03	 9.1002e-03	 8.8775e-07	-3.6796e-04	 1.0000e+01	 3.4144e-04
-3.9007e-03	 9.1006e-03	 4.9472e-07	-6.7796e-04	 1.0000e+01	 1.9028e-04
-3.9011e-03	 9.1009e-03	 8.9491e-08	-9.7886e-04	 1.0001e+01	 3.4420e-05
-3.9015e-03	 9.1013e-03	-3.2794e-07	-1.2706e-03	 1.0001e+01	-1.2613e-04
-3.9018e-03	 9.1016e-03	-7.5757e-07	-1.5533e-03	 1.0001e+01	-2.9137e-04
-3.8963e-03	 9.0974e-03	 2.6259e-06	 3.5283e-03	 9.9987e+00	 1.0100e-03
-3.8968e-03	 9.0977e-03	 2.5125e-06	 2.9999e-03	 9.9988e+00	 9.6634e-04
-3.8974e-03	 9.0980e-03	 2.3099e-06	 2.4111e-03	 9.9988e+00	 8.8843e-04
-3.8980e-03	 9.0983e-03	 2.0182e-06	 1.7620e-03	 9.9989e+00	 7.7622e-04
-3.8986e-03	 9.0986e-03	 1.6373e-06	 1.0526e-03	 9.9989e+00	 6.2974e-04
-3.8993e-03	 9.0989e-03	 1.1673e-06	 2.8284e-04	 9.9989e+00	 4.4897e-04
-3.9001e-03	 9.0992e-03	 6.0818e-07	-5.4724e-04	 9.9989e+00	 2.3391e-04
-3.9009e-03	 9.0995e-03	-4.0105e-08	-1.4376e-03	 9.9988e+00	-1.5425e-05
-3.9017e-03	 9.0998e-03	-7.7753e-07	-2.3884e-03	 9.9988e+00	-2.9905e-04
-3.9026e-03	 9.1001e-03	-1.6041e-06	-3.3994e-03	 9.9986e+00	-6.1696e-04
-3.9035e-03	 9.1004e-03	-2.5198e-06	-4.4708e-03	 9.9985e+00	-9.6915e-04
-3.8946e-03	 9.0970e-03	 2.1880e-06	 5.5254e-03	 9.9990e+00	 8.4154e-04
-3.8952e-03	 9.0971e-03	 2.2294e-06	 4.7888e-03	 9.9989e+00	 8.5745e-04
-3.8959e-03	 9.0973e-03	 2.1046e-06	 3.9225e-03	 9.9987e+00	 8.0948e-04
-3.8967e-03	 9.0975e-03	 1.8138e-06	 2.9263e-03	 9.9985e+00	 6.9763e-04
-3.8977e-03	 9.0976e-03	 1.3570e-06	 1.8005e-03	 9.9982e+00	 5.2191e-04
-3.8987e-03	 9.0978e-03	 7.3400e-07	 5.4481e-04	 9.9978e+00	 2.8231e-04
-3.8998e-03	 9.0980e-03	-5.5040e-08	-8.4062e-04	 9.9974e+00	-2.1169e-05
-3.9010e-03	 9.0982e-03	-1.0102e-06	-2.3558e-03	 9.9970e+00	-3.8852e-04
-3.9023e-03	 9.0983e-03	-2.1314e-06	-4.0008e-03	 9.9965e+00	-8.1975e-04
-3.9036e-03	 9.0985e-03	-3.4186e-06	-5.7755e-03	 9.9959e+00	-1.3149e-03
-3.9051e-03	 9.0987e-03	-4.8720e-06	-7.6800e-03	 9.9952e+00	-1.8738e-03
11	11	1	1
 1.0000e+00	 0.0000e+00	 3.6009e-02	 0.0000e+00	 3.6009e-02
 9.9130e-01	 1.6162e-01	 4.0774e-03	-1.2195e-02	 1.2858e-02
 9.6276e-01	 3.2139e-01	-1.5050e-02	-1.4247e-02	 2.0724e-02
 9.1140e-01	 4.7400e-01	-2.2361e-02	-8.1939e-03	 2.3815e-02
 8.3564e-01	 6.1383e-01	-1.9969e-02	 2.9320e-03	 2.0183e-02
 7.3570e-01	 7.3570e-01	-1.1021e-02	 1.5347e-02	 1.8894e-02
 6.1383e-01	 8.3564e-01	 6.2881e-04	 2.4955e-02	 2.4963e-02
 4.7400e-01	 9.1140e-01	 1.0910e-02	 2.7886e-02	 2.9944e-02
 3.2139e-01	 9.6276e-01	 1.6068e-02	 2.0988e-02	 2.6432e-02
 1.6162e-01	 9.9130e-01	 1.3101e-02	 2.1482e-03	 1.3276e-02
 0.0000e+00	 1.0000e+00	 0.0000e+00	-2.9607e-02	 2.9607e-02
 1.1000e+00	 0.0000e+00	 1.7515e-02	 0.0000e+00	 1.7515e-02
 1.0904e+00	 1.7778e-01	 1.3807e-03	-5.5122e-03	 5.6825e-03
 1.0590e+00	 3.5353e-01	-8.3087e-03	-5.9992e-03	 1.0248e-02
 1.0025e+00	 5.2140e-01	-1.2038e-02	-2.4947e-03	 1.2294e-02
 9.1920e-01	 6.7521e-01	-1.0860e-02	 3.4718e-03	 1.1401e-02
 8.0927e-01	 8.0927e-01	-6.3454e-03	 1.0000e-02	 1.1843e-02
 6.7521e-01	 9.1920e-01	-4.2500e-04	 1.5041e-02	 1.5047e-02
 5.2140e-01	 1.0025e+00	 4.8583e-03	 1.6663e-02	 1.7357e-02
 3.5353e-01	 1.0590e+00	 7.6166e-03	 1.3302e-02	 1.5328e-02
 1.7778e-01	 1.0904e+00	 6.3362e-03	 3.9161e-03	 7.4487e-03
 0.0000e+00	 1.1000e+00	 0.0000e+00	-1.1965e-02	 1.1965e-02
 1.2000e+00	 0.0000e+00	 5.5991e-03	 0.0000e+00	 5.5991e-03
 1.1896e+00	 1.9394e-01	-3.3097e-04	-1.3291e-03	 1.3697e-03
 1.1553e+00	 3.8567e-01	-3.9023e-03	-9.0282e-04	 4.0053e-03
 1.0937e+00	 5.6880e-01	-5.2823e-03	 8.9268e-04	 5.3572e-03
 1.0028e+00	 7.3659e-01	-4.8451e-03	 3.4961e-03	 5.9747e-03
 8.8284e-01	 8.8284e-01	-3.1555e-03	 6.2181e-03	 6.9729e-03
 7.3659e-01	 1.0028e+00	-9.1151e-04	 8.3218e-03	 8.3716e-03
 5.6880e-01	 1.0937e+00	 1.1443e-03	 9.1201e-03	 9.1916e-03
 3.8567e-01	 1.1553e+00	 2.3224e-03	 8.0626e-03	 8.3904e-03
 1.9394e-01	 1.1896e+00	 2.0667e-03	 4.7910e-03	 5.2178e-03
 0.0000e+00	 1.2000e+00	 0.0000e+00	-8.4680e-04	 8.4680e-04
 1.3000e+00	 0.0000e+00	-9.6448e-04	 0.0000e+00	 9.6448e-04
 1.2887e+00	 2.1010e-01	-1.2363e-03	 8.3667e-04	 1.4928e-03
 1.2516e+00	 4.1781e-01	-1.3918e-03	 1.6552e-03	 2.1626e-03
 1.1848e+00	 6.1620e-01	-1.4293e-03	 2.4286e-03	 2.8180e-03
 1.0863e+00	 7.9797e-01	-1.3568e-03	 3.1290e-03	 3.4105e-03
 9.5641e-01	 9.5641e-01	-1.1919e-03	 3.7316e-03	 3.9173e-03
 7.9797e-01	 1.0863e+00	-9.6089e-04	 4.2181e-03	 4.3262e-03
 6.1620e-01	 1.1848e+00	-6.9545e-04	 4.5798e-03	 4.6323e-03
 4.1781e-01	 1.2516e+00	-4.2815e-04	 4.8178e-03	 4.8368e-03
 2.1010e-01	 1.2887e+00	-1.8852e-04	 4.9425e-03	 4.9461e-03
 0.0000e+00	 1.3000e+00	 0.0000e+00	 4.9707e-03	 4.9707e-03
 1.4000e+00	 0.0000e+00	-3.4013e-03	 0.0000e+00	 3.4013e-03
 1.3878e+00	 2.2626e-01	-1.5139e-03	 1.4671e-03	 2.1081e-03
 1.3479e+00	 4.4995e-01	-3.3789e-04	 2.2882e-03	 2.3130e-03
 1.2760e+00	 6.6360e-01	 1.8423e-04	 2.5733e-03	 2.5799e-03
 1.1699e+00	 8.5936e-01	 1.7265e-04	 2.4942e-03	 2.5002e-03
 1.0300e+00	 1.0300e+00	-1.9525e-04	 2.2716e-03	 2.2800e-03
 8.5936e-01	 1.1699e+00	-7.0329e-04	 2.1498e-03	 2.2619e-03
 6.6360e-01	 1.2760e+00	-1.1240e-03	 2.3653e-03	 2.6188e-03
 4.4995e-01	 1.3479e+00	-1.2486e-03	 3.1159e-03	 3.3568e-03
 2.2626e-01	 1.3878e+00	-9.1070e-04	 4.5403e-03	 4.6308e-03
 0.0000e+00	 1.4000e+00	 0.0000e+00	 6.7104e-03	 6.7104e-03
 1.5000e+00	 0.0000e+00	-2.9370e-03	 0.0000e+00	 2.9370e-03
 1.4869e+00	 2.4242e-01	-1.3424e-03	 1.0441e-03	 1.7007e-03
 1.4441e+00	 4.8209e-01	-3.0123e-04	 1.6092e-03	 1.6372e-03
 1.3671e+00	 7.1100e-01	 2.2200e-04	 1.7870e-03	 1.8007e-03
 1.2535e+00	 9.2074e-01	 3.1081e-04	 1.7156e-03	 1.7435e-03
 1.1036e+00	 1.1036e+00	 9.3677e-05	 1.5690e-03	 1.5718e-03
 9.2074e-01	 1.2535e+00	-2.6888e-04	 1.5368e-03	 1.5601e-03
 7.1100e-01	 1.3671e+00	-6.0467e-04	 1.7993e-03	 1.8982e-03
 4.8209e-01	 1.4441e+00	-7.5251e-04	 2.5049e-03	 2.6155e-03
 2.4242e-01	 1.4869e+00	-5.8108e-04	 3.7541e-03	 3.7988e-03
 0.0000e+00	 1.5000e+00	 0.0000e+00	 5.5952e-03	 5.5952e-03
 1.6000e+00	 0.0000e+00	-7.9741e-04	 0.0000e+00	 7.9741e-04
 1.5861e+00	 2.5859e-01	-9.0045e-04	 4.9811e-05	 9.0183e-04
 1.5404e+00	 5.1422e-01	-8.4249e-04	 2.3167e-04	 8.7377e-04
 1.4582e+00	 7.5840e-01	-6.5242e-04	 5.2998e-04	 8.4055e-04
 1.3370e+00	 9.8212e-01	-3.7465e-04	 9.1704e-04	 9.9062e-04
 1.1771e+00	 1.1771e+00	-6.5725e-05	 1.3548e-03	 1.3564e-03
 9.8212e-01	 1.3370e+00	 2.1220e-04	 1.7990e-03	 1.8115e-03
 7.5840e-01	 1.4582e+00	 3.9946e-04	 2.2049e-03	 2.2408e-03
 5.1422e-01	 1.5404e+00	 4.4650e-04	 2.5330e-03	 2.5720e-03
 2.5859e-01	 1.5861e+00	 3.1907e-04	 2.7534e-03	 2.7718e-03
 0.0000e+00	 1.6000e+00	 0.0000e+00	 2.8482e-03	 2.8482e-03
 1.7000e+00	 0.0000e+00	 1.7918e-03	 0.0000e+00	 1.7918e-03
 1.6852e+00	 2.7475e-01	-3.6659e-04	-1.0338e-03	 1.0968e-03
 1.6367e+00	 5.4636e-01	-1.5223e-03	-1.2313e-03	 1.9579e-03
 1.5494e+00	 8.0580e-01	-1.7754e-03	-7.3748e-04	 1.9225e-03
 1.4206e+00	 1.0435e+00	-1.3161e-03	 2.2235e-04	 1.3347e-03
 1.2507e+00	 1.2507e+00	-4.1413e-04	 1.3599e-03	 1.4215e-03
 1.0435e+00	 1.4206e+00	 6.0979e-04	 2.3565e-03	 2.4341e-03
 8.0580e-01	 1.5494e+00	 1.4252e-03	 2.9049e-03	 3.2356e-03
 5.4636e-01	 1.6367e+00	 1.7348e-03	 2.7484e-03	 3.2501e-03
 2.7475e-01	 1.6852e+00	 1.3085e-03	 1.7080e-03	 2.1516e-03
 0.0000e+00	 1.7000e+00	 0.0000e+00	-3.0784e-04	 3.0784e-04
 1.8000e+00	 0.0000e+00	 3.6049e-03	 0.0000e+00	 3.6049e-03
 1.7843e+00	 2.9091e-01	 8.0517e-05	-1.7246e-03	 1.7265e-03
 1.7330e+00	 5.7850e-01	-1.9014e-03	-2.1663e-03	 2.8824e-03
 1.6405e+00	 8.5320e-01	-2.4834e-03	-1.5551e-03	 2.9302e-03
 1.5041e+00	 1.1049e+00	-1.9459e-03	-2.4462e-04	 1.9612e-03
 1.3243e+00	 1.3243e+00	-6.9220e-04	 1.3151e-03	 1.4862e-03
 1.1049e+00	 1.5041e+00	 7.9372e-04	 2.6292e-03	 2.7463e-03
 8.5320e-01	 1.6405e+00	 2.0093e-03	 3.2221e-03	 3.7973e-03
 5.7850e-01	 1.7330e+00	 2.4989e-03	 2.6992e-03	 3.6784e-03
 2.9091e-01	 1.7843e+00	 1.9060e-03	 7.8754e-04	 2.0623e-03
 0.0000e+00	 1.8000e+00	 0.0000e+00	-2.6498e-03	 2.6498e-03
 1.9000e+00	 0.0000e+00	 3.4162e-03	 0.0000e+00	 3.4162e-03
 1.8835e+00	 3.0707e-01	 2.6226e-04	-1.5407e-03	 1.5629e-03
 1.8292e+00	 6.1064e-01	-1.5404e-03	-1.9603e-03	 2.4932e-03
 1.7317e+00	 9.0059e-01	-2.1128e-03	-1.4627e-03	 2.5697e-03
 1.5877e+00	 1.1663e+00	-1.6964e-03	-3.6001e-04	 1.7342e-03
 1.3978e+00	 1.3978e+00	-6.4060e-04	 9.5155e-04	 1.1471e-03
 1.1663e+00	 1.5877e+00	 6.3384e-04	 2.0370e-03	 2.1333e-03
 9.0059e-01	 1.7317e+00	 1.6886e-03	 2.4795e-03	 2.9999e-03
 6.1064e-01	 1.8292e+00	 2.1252e-03	 1.9337e-03	 2.8733e-03
 3.0707e-01	 1.8835e+00	 1.6302e-03	 1.6165e-04	 1.6382e-03
 0.0000e+00	 1.9000e+00	 0.0000e+00	-2.9549e-03	 2.9549e-03
 2.0000e+00	 0.0000e+00	 0.0000e+00	 0.0000e+00	 0.0000e+00
 1.9826e+00	 3.2323e-01	 0.0000e+00	 0.0000e+00	 0.0000e+00
 1.9255e+00	 6.4278e-01	 0.0000e+00	 0.0000e+00	 0.0000e+00
 1.8228e+00	 9.4799e-01	 0.0000e+00	 0.0000e+00	 0.0000e+00
 1.6713e+00	 1.2277e+00	 0.0000e+00	 0.0000e+00	 0.0000e+00
 1.4714e+00	 1.4714e+00	 0.0000e+00	 0.0000e+00	 0.0000e+00
 1.2277e+00	 1.6713e+00	 0.0000e+00	 0.0000e+00	 0.0000e+00
 9.4799e-01	 1.8228e+00	 0.0000e+00	 0.0000e+00	 0.0000e+00
 6.4278e-01	 1.9255e+00	 0.0000e+00	 0.0000e+00	 0.0000e+00
 3.2323e-01	 1.9826e+00	 0.0000e+00	 0.0000e+00	 0.0000e+00
 0.0000e+00	 2.0000e+00	 0.0000e+00	 0.0000e+00	 0.0000e+00
-2.2192e-01	-1.0987e-01	-2.3857e-01	-3.6212e+02	-2.7593e+02	-9.1759e+01
-6.9517e-03	-3.2829e-02	-7.1384e-02	-2.8298e+01	-4.8203e+01	-2.7455e+01
 1.0259e-01	 3.8437e-02	 3.4662e-02	 1.6028e+02	 1.1093e+02	 1.3331e+01
 1.1630e-01	 7.7984e-02	 7.2792e-02	 2.0154e+02	 1.7207e+02	 2.7997e+01
 6.3573e-02	 6.7888e-02	 5.0306e-02	 1.2475e+02	 1.2806e+02	 1.9348e+01
-1.1841e-02	 1.0203e-02	-8.0653e-03	-1.0053e+01	 6.9032e+00	-3.1020e+00
-6.6674e-02	-6.8224e-02	-6.5367e-02	-1.2911e+02	-1.3031e+02	-2.5141e+01
-7.4541e-02	-1.2354e-01	-8.4957e-02	-1.7162e+02	-2.0931e+02	-3.2676e+01
-3.3594e-02	-1.1153e-01	-4.2891e-02	-1.0956e+02	-1.6951e+02	-1.6497e+01
 3.8301e-02	-2.5068e-03	 6.7201e-02	 5.0113e+01	 1.8722e+01	 2.5847e+01
 1.1543e-01	 2.1311e-01	 2.3779e-01	 2.7833e+02	 3.5348e+02	 9.1456e+01
-1.5001e-01	-4.6536e-02	-1.0950e-01	-2.2878e+02	-1.4919e+02	-4.2114e+01
-9.9388e-03	-9.9478e-03	-1.7965e-02	-1.9118e+01	-1.9125e+01	-6.9097e+00
 6.4434e-02	 2.5050e-02	 3.8016e-02	 1.0119e+02	 7.0895e+01	 1.4622e+01
 7.8307e-02	 4.2630e-02	 5.4088e-02	 1.3001e+02	 1.0256e+02	 2.0803e+01
 4.9220e-02	 3.1897e-02	 3.4344e-02	 8.4659e+01	 7.1334e+01	 1.3209e+01
 3.7652e-03	-5.7315e-03	-6.5971e-03	 1.7619e+00	-5.5433e+00	-2.5374e+00
-3.1514e-02	-5.3611e-02	-4.6738e-02	-7.3352e+01	-9.0350e+01	-1.7976e+01
-4.0321e-02	-8.4788e-02	-6.4303e-02	-1.0319e+02	-1.3740e+02	-2.4732e+01
-2.1411e-02	-7.2333e-02	-4.5234e-02	-7.0552e+01	-1.0972e+02	-1.7398e+01
 1.4340e-02	 1.4562e-03	 1.3896e-02	 2.0144e+01	 1.0233e+01	 5.3445e+00
 5.1245e-02	 1.4176e-01	 1.0818e-01	 1.5077e+02	 2.2040e+02	 4.1608e+01
-9.0355e-02	-1.1851e-02	-3.6849e-02	-1.2847e+02	-6.8081e+01	-1.4173e+01
-8.7541e-03	 1.3831e-03	 5.5586e-03	-1.0986e+01	-3.1885e+00	 2.1379e+00
 3.6406e-02	 1.4810e-02	 3.0019e-02	 5.7552e+01	 4.0939e+01	 1.1546e+01
 4.7493e-02	 1.9883e-02	 3.4083e-02	 7.5404e+01	 5.4165e+01	 1.3109e+01
 3.3716e-02	 1.0789e-02	 1.9744e-02	 5.1612e+01	 3.3976e+01	 7.5940e+00
 9.4036e-03	-1.1519e-02	-5.4405e-03	 6.0130e+00	-1.0081e+01	-2.0925e+00
-1.0967e-02	-3.7792e-02	-3.0025e-02	-3.6566e+01	-5.7201e+01	-1.1548e+01
-1.8402e-02	-5.3264e-02	-4.2715e-02	-5.5501e+01	-8.2318e+01	-1.6429e+01
-1.2096e-02	-4.3390e-02	-3.6346e-02	-4.1315e+01	-6.5388e+01	-1.3979e+01
 2.1245e-03	 1.1319e-03	-9.3845e-03	 3.5129e+00	 2.7494e+00	-3.6094e+00
 1.5795e-02	 8.2641e-02	 3.5332e-02	 6.8940e+01	 1.2036e+02	 1.3589e+01
-4.2959e-02	 4.0027e-03	-1.5654e-03	-5.5520e+01	-1.9396e+01	-6.0208e-01
-5.4015e-03	 5.3488e-03	 1.0796e-02	-4.1854e+00	 4.0841e+00	 4.1522e+00
 1.6520e-02	 7.2173e-03	 1.6789e-02	 2.6402e+01	 1.9246e+01	 6.4573e+00
 2.3462e-02	 6.1165e-03	 1.5415e-02	 3.5112e+01	 2.1770e+01	 5.9288e+00
 1.9020e-02	-2.3256e-04	 7.3674e-03	 2.5469e+01	 1.0660e+01	 2.8336e+00
 9.0651e-03	-1.1218e-02	-4.5278e-03	 5.7309e+00	-9.8717e+00	-1.7415e+00
-3.1879e-04	-2.2764e-02	-1.5970e-02	-1.3562e+01	-3.0828e+01	-6.1423e+00
-5.2441e-03	-2.8595e-02	-2.2760e-02	-2.3557e+01	-4.1519e+01	-8.7537e+00
-5.2245e-03	-2.2707e-02	-2.2331e-02	-2.0133e+01	-3.3582e+01	-8.5889e+00
-2.5751e-03	-1.4661e-03	-1.4301e-02	-4.3123e+00	-3.4592e+00	-5.5004e+00
-7.5046e-04	 3.5748e-02	 6.4411e-05	 1.9613e+01	 4.7689e+01	 2.4774e-02
-7.8198e-03	 8.0364e-03	 9.9733e-03	-5.8903e+00	 6.3068e+00	 3.8359e+00
-1.3121e-03	 4.9382e-03	 6.0377e-03	 1.0827e+00	 5.8906e+00	 2.3222e+00
 3.3551e-03	 1.9183e-03	 2.6965e-03	 5.6232e+00	 4.5179e+00	 1.0371e+00
 5.9344e-03	-1.2597e-03	-3.1177e-05	 7.2618e+00	 1.7279e+00	-1.1991e-02
 6.5282e-03	-4.5975e-03	-2.1719e-03	 6.1355e+00	-2.4227e+00	-8.3533e-01
 5.6000e-03	-7.7276e-03	-3.8108e-03	 3.0802e+00	-7.1718e+00	-1.4657e+00
 3.7990e-03	-9.9560e-03	-5.1031e-03	-6.2980e-01	-1.1211e+01	-1.9627e+00
 1.6813e-03	-1.0511e-02	-6.2673e-03	-3.8009e+00	-1.3180e+01	-2.4105e+00
-4.9417e-04	-8.8617e-03	-7.5519e-03	-5.7777e+00	-1.2214e+01	-2.9046e+00
-2.7811e-03	-4.8994e-03	-9.1836e-03	-6.5704e+00	-8.1999e+00	-3.5321e+00
-5.4113e-03	 1.0844e-03	-1.1320e-02	-6.6588e+00	-1.6621e+00	-4.3540e+00
 1.5062e-02	 5.3927e-03	 7.7535e-03	 2.3387e+01	 1.5949e+01	 2.9821e+00
 2.4644e-03	 2.3432e-03	-2.6348e-03	 4.6693e+00	 4.5761e+00	-1.0134e+00
-4.1283e-03	-1.3482e-03	-9.0537e-03	-6.3351e+00	-4.1966e+00	-3.4822e+00
-5.2950e-03	-4.1454e-03	-1.0873e-02	-9.5195e+00	-8.6352e+00	-4.1819e+00
-2.7334e-03	-4.8192e-03	-8.4222e-03	-6.4598e+00	-8.0643e+00	-3.2393e+00
 1.0986e-03	-3.1727e-03	-3.2541e-03	-3.5153e-01	-3.6371e+00	-1.2516e+00
 3.8560e-03	-4.1447e-04	 2.1866e-03	 4.9516e+00	 1.6667e+00	 8.4101e-01
 4.2287e-03	 1.1839e-03	 5.4186e-03	 6.3755e+00	 4.0333e+00	 2.0841e+00
 2.3177e-03	-8.1031e-04	 4.7936e-03	 2.6525e+00	 2.4632e-01	 1.8437e+00
-7.0976e-04	-8.1134e-03	-1.4012e-04	-5.6362e+00	-1.1331e+01	-5.3891e-02
-3.3350e-03	-2.1349e-02	-8.8677e-03	-1.6806e+01	-3.0664e+01	-3.4107e+00
 2.5687e-02	-7.1681e-05	-7.3458e-04	 3.4537e+01	 1.4723e+01	-2.8253e-01
 5.1408e-03	-7.9217e-04	-1.0661e-02	 6.4633e+00	 1.8995e+00	-4.1006e+00
-6.7112e-03	-2.7775e-03	-1.6058e-02	-1.0637e+01	-7.6108e+00	-6.1760e+00
-1.0380e-02	-3.9652e-03	-1.6074e-02	-1.6261e+01	-1.1326e+01	-6.1822e+00
-7.9961e-03	-2.7830e-03	-1.1045e-02	-1.2370e+01	-8.3595e+00	-4.2482e+00
-2.8714e-03	 8.5213e-04	-2.8312e-03	-3.3738e+00	-5.0949e-01	-1.0889e+00
 1.7044e-03	 5.0752e-03	 5.6077e-03	 5.2224e+00	 7.8153e+00	 2.1568e+00
 3.7888e-03	 6.6384e-03	 1.1291e-02	 8.9301e+00	 1.1122e+01	 4.3425e+00
 3.3778e-03	 2.2289e-03	 1.2307e-02	 5.8330e+00	 4.9492e+00	 4.7333e+00
 1.9769e-03	-1.0317e-02	 8.2480e-03	-3.2908e+00	-1.2747e+01	 3.1723e+00
 1.6175e-03	-3.1554e-02	-1.1203e-04	-1.6027e+01	-4.1543e+01	-4.3089e-02
 2.4055e-02	-5.4076e-03	-9.7634e-03	 2.9261e+01	 6.5982e+00	-3.7551e+00
 6.1152e-03	-3.2109e-03	-1.4555e-02	 6.3796e+00	-7.9431e-01	-5.5980e+00
-4.9906e-03	-2.5191e-03	-1.6477e-02	-8.1714e+00	-6.2702e+00	-6.3374e+00
-9.4379e-03	-1.8088e-03	-1.4841e-02	-1.3748e+01	-7.8798e+00	-5.7080e+00
-8.6721e-03	 6.9191e-05	-9.7827e-03	-1.1634e+01	-4.9100e+00	-3.7626e+00
-5.1112e-03	 3.1278e-03	-2.5217e-03	-5.0760e+00	 1.2617e+00	-9.6987e-01
-1.2392e-03	 5.9125e-03	 4.9372e-03	 1.7429e+00	 7.2442e+00	 1.8989e+00
 1.4251e-03	 5.9653e-03	 1.0578e-02	 5.3599e+00	 8.8523e+00	 4.0686e+00
 2.8138e-03	 8.5406e-04	 1.3153e-02	 4.2806e+00	 2.7731e+00	 5.0588e+00
 4.0079e-03	-1.0905e-02	 1.2477e-02	-8.9597e-01	-1.2367e+01	 4.7990e+00
 6.4939e-03	-2.9528e-02	 9.1855e-03	-8.2937e+00	-3.6003e+01	 3.5329e+00
 1.0165e-02	-8.3212e-03	-1.4878e-02	 8.8829e+00	-5.3372e+00	-5.7223e+00
 4.9194e-03	-3.9351e-03	-1.1603e-02	 4.3520e+00	-2.4592e+00	-4.4626e+00
 5.6921e-04	-6.8918e-04	-8.8827e-03	 3.6864e-01	-5.9935e-01	-3.4164e+00
-2.5605e-03	 1.4766e-03	-6.5574e-03	-2.5949e+00	 5.1056e-01	-2.5221e+00
-4.3041e-03	 2.6161e-03	-4.4329e-03	-4.2848e+00	 1.0385e+00	-1.7049e+00
-4.6883e-03	 2.7060e-03	-2.3098e-03	-4.7501e+00	 9.3787e-01	-8.8839e-01
-3.8732e-03	 1.6303e-03	 1.6529e-06	-4.2733e+00	-3.9854e-02	 6.3572e-04
-2.0353e-03	-7.4771e-04	 2.6826e-03	-3.1711e+00	-2.1807e+00	 1.0318e+00
 7.2481e-04	-4.4696e-03	 5.9057e-03	-1.6029e+00	-5.5986e+00	 2.2714e+00
 4.3946e-03	-9.4068e-03	 9.8233e-03	 4.8880e-01	-1.0128e+01	 3.7782e+00
 8.9980e-03	-1.5273e-02	 1.4544e-02	 3.3010e+00	-1.5369e+01	 5.5938e+00
-1.5982e-02	-7.0016e-03	-1.2561e-02	-2.5553e+01	-1.8645e+01	-4.8313e+00
 1.1837e-03	-2.1930e-03	 3.3639e-04	 3.2827e-01	-2.2692e+00	 1.2938e-01
 9.6017e-03	 2.6204e-03	 7.8545e-03	 1.4437e+01	 9.0669e+00	 3.0209e+00
 1.0180e-02	 5.2220e-03	 9.2630e-03	 1.6717e+01	 1.2903e+01	 3.5627e+00
 5.4688e-03	 3.9724e-03	 5.1629e-03	 9.6536e+00	 8.5026e+00	 1.9857e+00
-8.6669e-04	-1.1618e-03	-2.1832e-03	-1.8369e+00	-2.0639e+00	-8.3968e-01
-5.3277e-03	-8.1400e-03	-9.3359e-03	-1.1868e+01	-1.4031e+01	-3.5907e+00
-5.9392e-03	-1.3431e-02	-1.2870e-02	-1.5744e+01	-2.1507e+01	-4.9499e+00
-2.8109e-03	-1.3375e-02	-1.0561e-02	-1.1500e+01	-1.9626e+01	-4.0620e+00
 2.3566e-03	-5.4515e-03	-1.8654e-03	 2.7224e-02	-5.9789e+00	-7.1747e-01
 7.3168e-03	 1.1211e-02	 1.2425e-02	 1.6317e+01	 1.9313e+01	 4.7790e+00
-5.4386e-02	 0.0000e+00	 0.0000e+00	-7.3212e+01	-3.1376e+01	 0.0000e+00
-5.3876e-03	 2.6331e-03	 2.2976e-02	-5.7334e+00	 4.3632e-01	 8.8367e+00
 2.1813e-02	 7.3363e-03	 3.4637e-02	 3.3597e+01	 2.2461e+01	 1.3322e+01
 2.8726e-02	 8.8921e-03	 3.3010e-02	 4.3800e+01	 2.8543e+01	 1.2696e+01
 2.0936e-02	 3.4299e-03	 1.9132e-02	 3.0161e+01	 1.6695e+01	 7.3584e+00
 6.9426e-03	-9.0744e-03	-2.1318e-03	 4.1106e+00	-8.2102e+00	-8.1991e-01
-4.9071e-03	-2.3693e-02	-2.3185e-02	-2.0275e+01	-3.4726e+01	-8.9173e+00
-9.7642e-03	-3.2029e-02	-3.6457e-02	-3.1623e+01	-4.8750e+01	-1.4022e+01
-7.7307e-03	-2.5568e-02	-3.7149e-02	-2.5157e+01	-3.8878e+01	-1.4288e+01
-2.7306e-03	 1.2585e-03	-2.4310e-02	-2.9497e+00	 1.1880e-01	-9.3499e+00
 0.0000e+00	 4.9925e-02	 0.0000e+00	 2.8803e+01	 6.7207e+01	 0.0000e+00
