-4.945522e-02 
-1.464058e-01 
-1.952829e-01 
1.155350e-01 
-4.879025e-02 
1.136576e-01 
-1.465946e-01 
1.137834e-01 
-1.952413e-01 
1.136935e-01 
3.412066e-01 
-4.848779e-02 
3.418579e-01 
-1.462498e-01 
3.412464e-01 
-1.949680e-01 
3.411177e-01 
4.553613e-01 
-4.874627e-02 
4.553290e-01 
-1.459628e-01 
4.551030e-01 
-1.947770e-01 
4.548511e-01 
3.600947e-02 
-3.796379e-02 
1.812860e-02 
-1.230389e-01 
-7.324612e-02 
1.178659e-01 
8.436508e-02 
-6.400891e-02 
-4.556910e-02 
7.695125e-02 
1.289173e-01 
-8.141235e-02 
-1.167499e-01 
4.686860e-02 
6.505078e-02 
-2.960706e-02 
4.143127e-02 
-1.664162e-02 



Displacement
0	0.0000000000000e+00	 0.0000000000000e+00	 
1	-4.9455216634704e-02	 0.0000000000000e+00	 
2	-1.4640577603723e-01	 0.0000000000000e+00	 
3	-1.9528289263993e-01	 0.0000000000000e+00	 
4	0.0000000000000e+00	 1.1553497484129e-01	 
5	-4.8790248619931e-02	 1.1365759747972e-01	 
6	-1.4659463674074e-01	 1.1378337900654e-01	 
7	-1.9524133046315e-01	 1.1369350063249e-01	 
8	0.0000000000000e+00	 3.4120660748697e-01	 
9	-4.8487794735217e-02	 3.4185791651958e-01	 
10	-1.4624979436580e-01	 3.4124643645734e-01	 
11	-1.9496796799254e-01	 3.4111766361404e-01	 
12	0.0000000000000e+00	 4.5536133489768e-01	 
13	-4.8746270828982e-02	 4.5532903515577e-01	 
14	-1.4596275580014e-01	 4.5510297664687e-01	 
15	-1.9477700042819e-01	 4.5485107866223e-01	 



Strain
0	0	-3.9382232963455e-03	9.1925769303238e-03	-1.7159658839797e-05	0.0000000000000e+00	
0	1	-3.9151122596737e-03	9.1277646054919e-03	1.3982943908694e-05	0.0000000000000e+00	
0	2	-3.8920012230018e-03	9.1003522112169e-03	2.1493355612301e-05	0.0000000000000e+00	
0	3	-3.9123598711078e-03	9.1295542192537e-03	-7.0768091360314e-05	0.0000000000000e+00	
0	4	-3.9084600031206e-03	9.1152263752923e-03	-2.3311643598426e-05	0.0000000000000e+00	
0	5	-3.9045601351335e-03	9.1067978456983e-03	9.3546578388902e-06	0.0000000000000e+00	
0	6	-3.8962532456789e-03	9.0665315081835e-03	-5.8141734915745e-05	0.0000000000000e+00	
0	7	-3.9027225016562e-03	9.1026881450926e-03	-2.5872058329764e-05	0.0000000000000e+00	
0	8	-3.9091917576335e-03	9.1132434801798e-03	4.4951665195686e-07	0.0000000000000e+00	











Stress
0	0	1.9553301062833e-03	1.0102570889083e+01	-6.5998687845374e-03	3.0313578657567e+00	
0	1	-4.3253848538312e-03	1.0028656819120e+01	5.3780553494978e-03	3.0072994302798e+00	
0	2	1.0970783199580e-02	1.0005088809522e+01	8.2666752355004e-03	3.0048178778164e+00	
0	3	4.1222307821975e-04	1.0032653831049e+01	-2.7218496677044e-02	3.0099198162380e+00	
0	4	-2.6040184553171e-03	1.0015616272632e+01	-8.9660167686255e-03	3.0039036762529e+00	
0	5	-2.2168093922410e-03	1.0006520098940e+01	3.5979453226501e-03	3.0012909868643e+00	
0	6	-1.4265037538728e-02	9.9571078500477e+00	-2.2362205736825e-02	2.9828528437527e+00	
0	7	-2.1140531375750e-03	1.0002047982823e+01	-9.9507916652937e-03	2.9999801789056e+00	
0	8	-4.7330505567125e-03	1.0012524824684e+01	1.7289101998341e-04	3.0023375322383e+00	



Reaction Force
1.0176600663235e-01	 -8.3682892386897e+01	 
2.3159939623999e-03	 -1.2532392791837e+02	 
-5.4939965000168e-03	 -4.1704925568316e+01	 
0.0000000000000e+00	 0.0000000000000e+00	 
2.1663663239053e-02	 4.2237221859521e+01	 
-4.7263354105602e-04	 6.2546744750990e+01	 
1.8080819567092e-03	 2.0841761763215e+01	 
0.0000000000000e+00	 0.0000000000000e+00	 
-5.1984487469299e-02	 4.1746111227926e+01	 
-5.8994349834931e-02	 6.2497403234356e+01	 
-1.0608278445209e-02	 2.0842503037580e+01	 
0.0000000000000e+00	 0.0000000000000e+00	 
0.0000000000000e+00	 0.0000000000000e+00	 
0.0000000000000e+00	 0.0000000000000e+00	 
0.0000000000000e+00	 0.0000000000000e+00	 
0.0000000000000e+00	 0.0000000000000e+00	 
