1000.000	0.300000

1

12

2	2

7	6

4	3

0	1	2	3	4	5	6	7	8	9	10	11	

12	0	0

-2.00000	-2.00000	-2.00000	-1.00000	0.00000	0.00000	0.00000	
-3.14159	-3.14159	-3.14159	0.00000	0.00000	0.00000	

0	0.0000000000	2.0000000000	1.0000000000	
1	0.0000000000	1.7500000000	1.0000000000	
2	0.0000000000	1.2500000000	1.0000000000	
3	0.0000000000	1.0000000000	1.0000000000	
4	2.0000000000	2.0000000000	0.7071067812	
5	1.7500000000	1.7500000000	0.7071067812	
6	1.2500000000	1.2500000000	0.7071067812	
7	1.0000000000	1.0000000000	0.7071067812	
8	2.0000000000	0.0000000000	1.0000000000	
9	1.7500000000	0.0000000000	1.0000000000	
10	1.2500000000	0.0000000000	1.0000000000	
11	1.0000000000	0.0000000000	1.0000000000	

0	0	0.0000000000
1	0	0.0000000000
2	0	0.0000000000
3	0	0.0000000000
4	0	0.0000000000
8	0	0.0000000000
0	1	0.0000000000
4	1	0.0000000000
8	1	0.0000000000
9	1	0.0000000000
10	1	0.0000000000
11	1	0.0000000000


