1000.000	0.300000

1

324

2	2

21	21

18	18

0	1	2	3	4	5	6	7	8	9	10	11	12	13	14	15	16	17	18	19	20	21	22	23	24	25	26	27	28	29	30	31	32	33	34	35	36	37	38	39	40	41	42	43	44	45	46	47	48	49	50	51	52	53	54	55	56	57	58	59	60	61	62	63	64	65	66	67	68	69	70	71	72	73	74	75	76	77	78	79	80	81	82	83	84	85	86	87	88	89	90	91	92	93	94	95	96	97	98	99	100	101	102	103	104	105	106	107	108	109	110	111	112	113	114	115	116	117	118	119	120	121	122	123	124	125	126	127	128	129	130	131	132	133	134	135	136	137	138	139	140	141	142	143	144	145	146	147	148	149	150	151	152	153	154	155	156	157	158	159	160	161	162	163	164	165	166	167	168	169	170	171	172	173	174	175	176	177	178	179	180	181	182	183	184	185	186	187	188	189	190	191	192	193	194	195	196	197	198	199	200	201	202	203	204	205	206	207	208	209	210	211	212	213	214	215	216	217	218	219	220	221	222	223	224	225	226	227	228	229	230	231	232	233	234	235	236	237	238	239	240	241	242	243	244	245	246	247	248	249	250	251	252	253	254	255	256	257	258	259	260	261	262	263	264	265	266	267	268	269	270	271	272	273	274	275	276	277	278	279	280	281	282	283	284	285	286	287	288	289	290	291	292	293	294	295	296	297	298	299	300	301	302	303	304	305	306	307	308	309	310	311	312	313	314	315	316	317	318	319	320	321	322	323	

70	0	0

0.00000	0.00000	0.00000	0.06250	0.12500	0.18750	0.25000	0.31250	0.37500	0.43750	0.50000	0.56250	0.62500	0.68750	0.75000	0.81250	0.87500	0.93750	1.00000	1.00000	1.00000	
0.00000	0.00000	0.00000	0.06250	0.12500	0.18750	0.25000	0.31250	0.37500	0.43750	0.50000	0.56250	0.62500	0.68750	0.75000	0.81250	0.87500	0.93750	1.00000	1.00000	1.00000	

0	1.0000000000	0.0000000000	1.0000000000	
1	1.0312500000	0.0000000000	1.0000000000	
2	1.0937500000	0.0000000000	1.0000000000	
3	1.1562500000	0.0000000000	1.0000000000	
4	1.2187500000	0.0000000000	1.0000000000	
5	1.2812500000	0.0000000000	1.0000000000	
6	1.3437500000	0.0000000000	1.0000000000	
7	1.4062500000	0.0000000000	1.0000000000	
8	1.4687500000	0.0000000000	1.0000000000	
9	1.5312500000	0.0000000000	1.0000000000	
10	1.5937500000	0.0000000000	1.0000000000	
11	1.6562500000	0.0000000000	1.0000000000	
12	1.7187500000	0.0000000000	1.0000000000	
13	1.7812500000	0.0000000000	1.0000000000	
14	1.8437500000	0.0000000000	1.0000000000	
15	1.9062500000	0.0000000000	1.0000000000	
16	1.9687500000	0.0000000000	1.0000000000	
17	2.0000000000	0.0000000000	1.0000000000	
18	1.0000000000	0.0450182705	0.9816941738	
19	1.0312500000	0.0464250914	0.9816941738	
20	1.0937500000	0.0492387333	0.9816941738	
21	1.1562500000	0.0520523752	0.9816941738	
22	1.2187500000	0.0548660171	0.9816941738	
23	1.2812500000	0.0576796590	0.9816941738	
24	1.3437500000	0.0604933009	0.9816941738	
25	1.4062500000	0.0633069428	0.9816941738	
26	1.4687500000	0.0661205847	0.9816941738	
27	1.5312500000	0.0689342266	0.9816941738	
28	1.5937500000	0.0717478685	0.9816941738	
29	1.6562500000	0.0745615104	0.9816941738	
30	1.7187500000	0.0773751523	0.9816941738	
31	1.7812500000	0.0801887943	0.9816941738	
32	1.8437500000	0.0830024362	0.9816941738	
33	1.9062500000	0.0858160781	0.9816941738	
34	1.9687500000	0.0886297200	0.9816941738	
35	2.0000000000	0.0900365409	0.9816941738	
36	0.9917733627	0.1362030803	0.9496589780	
37	1.0227662803	0.1404594265	0.9496589780	
38	1.0847521154	0.1489721191	0.9496589780	
39	1.1467379506	0.1574848116	0.9496589780	
40	1.2087237858	0.1659975041	0.9496589780	
41	1.2707096209	0.1745101966	0.9496589780	
42	1.3326954561	0.1830228891	0.9496589780	
43	1.3946812913	0.1915355816	0.9496589780	
44	1.4566671264	0.2000482742	0.9496589780	
45	1.5186529616	0.2085609667	0.9496589780	
46	1.5806387968	0.2170736592	0.9496589780	
47	1.6426246319	0.2255863517	0.9496589780	
48	1.7046104671	0.2340990442	0.9496589780	
49	1.7665963023	0.2426117367	0.9496589780	
50	1.8285821374	0.2511244293	0.9496589780	
51	1.8905679726	0.2596371218	0.9496589780	
52	1.9525538078	0.2681498143	0.9496589780	
53	1.9835467253	0.2724061605	0.9496589780	
54	0.9745852375	0.2290855390	0.9222002388	
55	1.0050410262	0.2362444621	0.9222002388	
56	1.0659526036	0.2505623083	0.9222002388	
57	1.1268641809	0.2648801545	0.9222002388	
58	1.1877757583	0.2791980006	0.9222002388	
59	1.2486873356	0.2935158468	0.9222002388	
60	1.3095989130	0.3078336930	0.9222002388	
61	1.3705104903	0.3221515392	0.9222002388	
62	1.4314220677	0.3364693854	0.9222002388	
63	1.4923336450	0.3507872316	0.9222002388	
64	1.5532452223	0.3651050778	0.9222002388	
65	1.6141567997	0.3794229240	0.9222002388	
66	1.6750683770	0.3937407701	0.9222002388	
67	1.7359799544	0.4080586163	0.9222002388	
68	1.7968915317	0.4223764625	0.9222002388	
69	1.8578031091	0.4366943087	0.9222002388	
70	1.9187146864	0.4510121549	0.9222002388	
71	1.9491704751	0.4581710780	0.9222002388	
72	0.9478771666	0.3224031657	0.8993179560	
73	0.9774983281	0.3324782647	0.8993179560	
74	1.0367406510	0.3526284625	0.8993179560	
75	1.0959829739	0.3727786604	0.8993179560	
76	1.1552252968	0.3929288582	0.8993179560	
77	1.2144676197	0.4130790561	0.8993179560	
78	1.2737099426	0.4332292540	0.8993179560	
79	1.3329522655	0.4533794518	0.8993179560	
80	1.3921945884	0.4735296497	0.8993179560	
81	1.4514369113	0.4936798475	0.8993179560	
82	1.5106792343	0.5138300454	0.8993179560	
83	1.5699215572	0.5339802433	0.8993179560	
84	1.6291638801	0.5541304411	0.8993179560	
85	1.6884062030	0.5742806390	0.8993179560	
86	1.7476485259	0.5944308368	0.8993179560	
87	1.8068908488	0.6145810347	0.8993179560	
88	1.8661331717	0.6347312326	0.8993179560	
89	1.8957543332	0.6448063315	0.8993179560	
90	0.9113235819	0.4147356404	0.8810121299	
91	0.9398024438	0.4276961291	0.8810121299	
92	0.9967601677	0.4536171067	0.8810121299	
93	1.0537178915	0.4795380842	0.8810121299	
94	1.1106756154	0.5054590617	0.8810121299	
95	1.1676333393	0.5313800392	0.8810121299	
96	1.2245910631	0.5573010168	0.8810121299	
97	1.2815487870	0.5832219943	0.8810121299	
98	1.3385065109	0.6091429718	0.8810121299	
99	1.3954642347	0.6350639493	0.8810121299	
100	1.4524219586	0.6609849269	0.8810121299	
101	1.5093796825	0.6869059044	0.8810121299	
102	1.5663374063	0.7128268819	0.8810121299	
103	1.6232951302	0.7387478594	0.8810121299	
104	1.6802528541	0.7646688369	0.8810121299	
105	1.7372105780	0.7905898145	0.8810121299	
106	1.7941683018	0.8165107920	0.8810121299	
107	1.8226471638	0.8294712808	0.8810121299	
108	0.8648797078	0.5045589285	0.8672827602	
109	0.8919071986	0.5203263950	0.8672827602	
110	0.9459621804	0.5518613281	0.8672827602	
111	1.0000171621	0.5833962611	0.8672827602	
112	1.0540721439	0.6149311941	0.8672827602	
113	1.1081271256	0.6464661272	0.8672827602	
114	1.1621821073	0.6780010602	0.8672827602	
115	1.2162370891	0.7095359932	0.8672827602	
116	1.2702920708	0.7410709263	0.8672827602	
117	1.3243470525	0.7726058593	0.8672827602	
118	1.3784020343	0.8041407923	0.8672827602	
119	1.4324570160	0.8356757254	0.8672827602	
120	1.4865119977	0.8672106584	0.8672827602	
121	1.5405669795	0.8987455914	0.8672827602	
122	1.5946219612	0.9302805245	0.8672827602	
123	1.6486769430	0.9618154575	0.8672827602	
124	1.7027319247	0.9933503905	0.8672827602	
125	1.7297594156	1.0091178570	0.8672827602	
126	0.8088138986	0.5903154969	0.8581298471	
127	0.8340893329	0.6087628562	0.8581298471	
128	0.8846402016	0.6456575748	0.8581298471	
129	0.9351910702	0.6825522933	0.8581298471	
130	0.9857419389	0.7194470119	0.8581298471	
131	1.0362928075	0.7563417304	0.8581298471	
132	1.0868436762	0.7932364490	0.8581298471	
133	1.1373945449	0.8301311675	0.8581298471	
134	1.1879454135	0.8670258861	0.8581298471	
135	1.2384962822	0.9039206047	0.8581298471	
136	1.2890471508	0.9408153232	0.8581298471	
137	1.3395980195	0.9777100418	0.8581298471	
138	1.3901488882	1.0146047603	0.8581298471	
139	1.4406997568	1.0514994789	0.8581298471	
140	1.4912506255	1.0883941975	0.8581298471	
141	1.5418014941	1.1252889160	0.8581298471	
142	1.5923523628	1.1621836346	0.8581298471	
143	1.6176277971	1.1806309938	0.8581298471	
144	0.7437184335	0.6704951288	0.8535533906	
145	0.7669596346	0.6914481016	0.8535533906	
146	0.8134420367	0.7333540472	0.8535533906	
147	0.8599244388	0.7752599927	0.8535533906	
148	0.9064068409	0.8171659383	0.8535533906	
149	0.9528892430	0.8590718838	0.8535533906	
150	0.9993716451	0.9009778294	0.8535533906	
151	1.0458540472	0.9428837749	0.8535533906	
152	1.0923364493	0.9847897205	0.8535533906	
153	1.1388188514	1.0266956660	0.8535533906	
154	1.1853012535	1.0686016116	0.8535533906	
155	1.2317836555	1.1105075571	0.8535533906	
156	1.2782660576	1.1524135027	0.8535533906	
157	1.3247484597	1.1943194482	0.8535533906	
158	1.3712308618	1.2362253938	0.8535533906	
159	1.4177132639	1.2781313393	0.8535533906	
160	1.4641956660	1.3200372849	0.8535533906	
161	1.4874368671	1.3409902577	0.8535533906	
162	0.6704951288	0.7437184335	0.8535533906	
163	0.6914481016	0.7669596346	0.8535533906	
164	0.7333540472	0.8134420367	0.8535533906	
165	0.7752599927	0.8599244388	0.8535533906	
166	0.8171659383	0.9064068409	0.8535533906	
167	0.8590718838	0.9528892430	0.8535533906	
168	0.9009778294	0.9993716451	0.8535533906	
169	0.9428837749	1.0458540472	0.8535533906	
170	0.9847897205	1.0923364493	0.8535533906	
171	1.0266956660	1.1388188514	0.8535533906	
172	1.0686016116	1.1853012535	0.8535533906	
173	1.1105075571	1.2317836555	0.8535533906	
174	1.1524135027	1.2782660576	0.8535533906	
175	1.1943194482	1.3247484597	0.8535533906	
176	1.2362253938	1.3712308618	0.8535533906	
177	1.2781313393	1.4177132639	0.8535533906	
178	1.3200372849	1.4641956660	0.8535533906	
179	1.3409902577	1.4874368671	0.8535533906	
180	0.5903154969	0.8088138986	0.8581298471	
181	0.6087628562	0.8340893329	0.8581298471	
182	0.6456575748	0.8846402016	0.8581298471	
183	0.6825522933	0.9351910702	0.8581298471	
184	0.7194470119	0.9857419389	0.8581298471	
185	0.7563417304	1.0362928075	0.8581298471	
186	0.7932364490	1.0868436762	0.8581298471	
187	0.8301311675	1.1373945449	0.8581298471	
188	0.8670258861	1.1879454135	0.8581298471	
189	0.9039206047	1.2384962822	0.8581298471	
190	0.9408153232	1.2890471508	0.8581298471	
191	0.9777100418	1.3395980195	0.8581298471	
192	1.0146047603	1.3901488882	0.8581298471	
193	1.0514994789	1.4406997568	0.8581298471	
194	1.0883941975	1.4912506255	0.8581298471	
195	1.1252889160	1.5418014941	0.8581298471	
196	1.1621836346	1.5923523628	0.8581298471	
197	1.1806309938	1.6176277971	0.8581298471	
198	0.5045589285	0.8648797078	0.8672827602	
199	0.5203263950	0.8919071986	0.8672827602	
200	0.5518613281	0.9459621804	0.8672827602	
201	0.5833962611	1.0000171621	0.8672827602	
202	0.6149311941	1.0540721439	0.8672827602	
203	0.6464661272	1.1081271256	0.8672827602	
204	0.6780010602	1.1621821073	0.8672827602	
205	0.7095359932	1.2162370891	0.8672827602	
206	0.7410709263	1.2702920708	0.8672827602	
207	0.7726058593	1.3243470525	0.8672827602	
208	0.8041407923	1.3784020343	0.8672827602	
209	0.8356757254	1.4324570160	0.8672827602	
210	0.8672106584	1.4865119977	0.8672827602	
211	0.8987455914	1.5405669795	0.8672827602	
212	0.9302805245	1.5946219612	0.8672827602	
213	0.9618154575	1.6486769430	0.8672827602	
214	0.9933503905	1.7027319247	0.8672827602	
215	1.0091178570	1.7297594156	0.8672827602	
216	0.4147356404	0.9113235819	0.8810121299	
217	0.4276961291	0.9398024438	0.8810121299	
218	0.4536171067	0.9967601677	0.8810121299	
219	0.4795380842	1.0537178915	0.8810121299	
220	0.5054590617	1.1106756154	0.8810121299	
221	0.5313800392	1.1676333393	0.8810121299	
222	0.5573010168	1.2245910631	0.8810121299	
223	0.5832219943	1.2815487870	0.8810121299	
224	0.6091429718	1.3385065109	0.8810121299	
225	0.6350639493	1.3954642347	0.8810121299	
226	0.6609849269	1.4524219586	0.8810121299	
227	0.6869059044	1.5093796825	0.8810121299	
228	0.7128268819	1.5663374063	0.8810121299	
229	0.7387478594	1.6232951302	0.8810121299	
230	0.7646688369	1.6802528541	0.8810121299	
231	0.7905898145	1.7372105780	0.8810121299	
232	0.8165107920	1.7941683018	0.8810121299	
233	0.8294712808	1.8226471638	0.8810121299	
234	0.3224031657	0.9478771666	0.8993179560	
235	0.3324782647	0.9774983281	0.8993179560	
236	0.3526284625	1.0367406510	0.8993179560	
237	0.3727786604	1.0959829739	0.8993179560	
238	0.3929288582	1.1552252968	0.8993179560	
239	0.4130790561	1.2144676197	0.8993179560	
240	0.4332292540	1.2737099426	0.8993179560	
241	0.4533794518	1.3329522655	0.8993179560	
242	0.4735296497	1.3921945884	0.8993179560	
243	0.4936798475	1.4514369113	0.8993179560	
244	0.5138300454	1.5106792343	0.8993179560	
245	0.5339802433	1.5699215572	0.8993179560	
246	0.5541304411	1.6291638801	0.8993179560	
247	0.5742806390	1.6884062030	0.8993179560	
248	0.5944308368	1.7476485259	0.8993179560	
249	0.6145810347	1.8068908488	0.8993179560	
250	0.6347312326	1.8661331717	0.8993179560	
251	0.6448063315	1.8957543332	0.8993179560	
252	0.2290855390	0.9745852375	0.9222002388	
253	0.2362444621	1.0050410262	0.9222002388	
254	0.2505623083	1.0659526036	0.9222002388	
255	0.2648801545	1.1268641809	0.9222002388	
256	0.2791980006	1.1877757583	0.9222002388	
257	0.2935158468	1.2486873356	0.9222002388	
258	0.3078336930	1.3095989130	0.9222002388	
259	0.3221515392	1.3705104903	0.9222002388	
260	0.3364693854	1.4314220677	0.9222002388	
261	0.3507872316	1.4923336450	0.9222002388	
262	0.3651050778	1.5532452223	0.9222002388	
263	0.3794229240	1.6141567997	0.9222002388	
264	0.3937407701	1.6750683770	0.9222002388	
265	0.4080586163	1.7359799544	0.9222002388	
266	0.4223764625	1.7968915317	0.9222002388	
267	0.4366943087	1.8578031091	0.9222002388	
268	0.4510121549	1.9187146864	0.9222002388	
269	0.4581710780	1.9491704751	0.9222002388	
270	0.1362030803	0.9917733627	0.9496589780	
271	0.1404594265	1.0227662803	0.9496589780	
272	0.1489721191	1.0847521154	0.9496589780	
273	0.1574848116	1.1467379506	0.9496589780	
274	0.1659975041	1.2087237858	0.9496589780	
275	0.1745101966	1.2707096209	0.9496589780	
276	0.1830228891	1.3326954561	0.9496589780	
277	0.1915355816	1.3946812913	0.9496589780	
278	0.2000482742	1.4566671264	0.9496589780	
279	0.2085609667	1.5186529616	0.9496589780	
280	0.2170736592	1.5806387968	0.9496589780	
281	0.2255863517	1.6426246319	0.9496589780	
282	0.2340990442	1.7046104671	0.9496589780	
283	0.2426117367	1.7665963023	0.9496589780	
284	0.2511244293	1.8285821374	0.9496589780	
285	0.2596371218	1.8905679726	0.9496589780	
286	0.2681498143	1.9525538078	0.9496589780	
287	0.2724061605	1.9835467253	0.9496589780	
288	0.0450182705	1.0000000000	0.9816941738	
289	0.0464250914	1.0312500000	0.9816941738	
290	0.0492387333	1.0937500000	0.9816941738	
291	0.0520523752	1.1562500000	0.9816941738	
292	0.0548660171	1.2187500000	0.9816941738	
293	0.0576796590	1.2812500000	0.9816941738	
294	0.0604933009	1.3437500000	0.9816941738	
295	0.0633069428	1.4062500000	0.9816941738	
296	0.0661205847	1.4687500000	0.9816941738	
297	0.0689342266	1.5312500000	0.9816941738	
298	0.0717478685	1.5937500000	0.9816941738	
299	0.0745615104	1.6562500000	0.9816941738	
300	0.0773751523	1.7187500000	0.9816941738	
301	0.0801887943	1.7812500000	0.9816941738	
302	0.0830024362	1.8437500000	0.9816941738	
303	0.0858160781	1.9062500000	0.9816941738	
304	0.0886297200	1.9687500000	0.9816941738	
305	0.0900365409	2.0000000000	0.9816941738	
306	0.0000000000	1.0000000000	1.0000000000	
307	0.0000000000	1.0312500000	1.0000000000	
308	0.0000000000	1.0937500000	1.0000000000	
309	0.0000000000	1.1562500000	1.0000000000	
310	0.0000000000	1.2187500000	1.0000000000	
311	0.0000000000	1.2812500000	1.0000000000	
312	0.0000000000	1.3437500000	1.0000000000	
313	0.0000000000	1.4062500000	1.0000000000	
314	0.0000000000	1.4687500000	1.0000000000	
315	0.0000000000	1.5312500000	1.0000000000	
316	0.0000000000	1.5937500000	1.0000000000	
317	0.0000000000	1.6562500000	1.0000000000	
318	0.0000000000	1.7187500000	1.0000000000	
319	0.0000000000	1.7812500000	1.0000000000	
320	0.0000000000	1.8437500000	1.0000000000	
321	0.0000000000	1.9062500000	1.0000000000	
322	0.0000000000	1.9687500000	1.0000000000	
323	0.0000000000	2.0000000000	1.0000000000	

0	1	0.0000000000
1	1	0.0000000000
2	1	0.0000000000
3	1	0.0000000000
4	1	0.0000000000
5	1	0.0000000000
6	1	0.0000000000
7	1	0.0000000000
8	1	0.0000000000
9	1	0.0000000000
10	1	0.0000000000
11	1	0.0000000000
12	1	0.0000000000
13	1	0.0000000000
14	1	0.0000000000
15	1	0.0000000000
16	1	0.0000000000
17	1	0.0000000000
35	1	0.0000000000
53	1	0.0000000000
71	1	0.0000000000
89	1	0.0000000000
107	1	0.0000000000
125	1	0.0000000000
143	1	0.0000000000
161	1	0.0000000000
179	1	0.0000000000
197	1	0.0000000000
215	1	0.0000000000
233	1	0.0000000000
251	1	0.0000000000
269	1	0.0000000000
287	1	0.0000000000
305	1	0.0000000000
323	1	0.0000000000
17	0	0.0000000000
35	0	0.0000000000
53	0	0.0000000000
71	0	0.0000000000
89	0	0.0000000000
107	0	0.0000000000
125	0	0.0000000000
143	0	0.0000000000
161	0	0.0000000000
179	0	0.0000000000
197	0	0.0000000000
215	0	0.0000000000
233	0	0.0000000000
251	0	0.0000000000
269	0	0.0000000000
287	0	0.0000000000
305	0	0.0000000000
306	0	0.0000000000
307	0	0.0000000000
308	0	0.0000000000
309	0	0.0000000000
310	0	0.0000000000
311	0	0.0000000000
312	0	0.0000000000
313	0	0.0000000000
314	0	0.0000000000
315	0	0.0000000000
316	0	0.0000000000
317	0	0.0000000000
318	0	0.0000000000
319	0	0.0000000000
320	0	0.0000000000
321	0	0.0000000000
322	0	0.0000000000
323	0	0.0000000000


