1000    0.3

1

100

3	3

14	14

10	10

0   1   2   3   4   5   6   7   8   9   10   11   12   13   14   15   16   17   18   19   20   21   22   23   24   25   26   27   28   29   30   31   32   33   34   35   36   37   38   39   40   41   42   43   44   45   46   47   48   49   50   51   52   53   54   55   56   57   58   59   60   61   62   63   64   65   66   67   68   69   70   71   72   73   74   75   76   77   78   79   80   81   82   83   84   85   86   87   88   89   90   91   92   93   94   95   96   97   98   99

38  0   0

0.0000000000000000e+00	0.0000000000000000e+00	0.0000000000000000e+00	0.0000000000000000e+00	1.4285714285714285e-01	2.8571428571428570e-01	4.2857142857142855e-01	5.7142857142857140e-01	7.1428571428571430e-01	8.5714285714285710e-01	1.0000000000000000e+00	1.0000000000000000e+00	1.0000000000000000e+00	1.0000000000000000e+00
0.0000000000000000e+00	0.0000000000000000e+00	0.0000000000000000e+00	0.0000000000000000e+00	1.4285714285714285e-01	2.8571428571428570e-01	4.2857142857142855e-01	5.7142857142857140e-01	7.1428571428571430e-01	8.5714285714285710e-01	1.0000000000000000e+00	1.0000000000000000e+00	1.0000000000000000e+00	1.0000000000000000e+00

0	1.0000000000000000e+00	0.0000000000000000e+00	1.0000000000000000e+00
1	1.0476190476190477e+00	0.0000000000000000e+00	1.0000000000000000e+00
2	1.1428571428571428e+00	0.0000000000000000e+00	1.0000000000000000e+00
3	1.2857142857142858e+00	0.0000000000000000e+00	9.9999999999999989e-01
4	1.4285714285714286e+00	0.0000000000000000e+00	1.0000000000000000e+00
5	1.5714285714285714e+00	0.0000000000000000e+00	1.0000000000000000e+00
6	1.7142857142857144e+00	0.0000000000000000e+00	1.0000000000000000e+00
7	1.8571428571428572e+00	0.0000000000000000e+00	1.0000000000000000e+00
8	1.9523809523809523e+00	0.0000000000000000e+00	1.0000000000000000e+00
9	2.0000000000000000e+00	0.0000000000000000e+00	1.0000000000000000e+00
10	1.0000000000000000e+00	7.8840936161031966e-02	9.7210540773205223e-01
11	1.0476190476190477e+00	8.2595266454414437e-02	9.7210540773205223e-01
12	1.1428571428571428e+00	9.0103927041179380e-02	9.7210540773205223e-01
13	1.2857142857142858e+00	1.0136691792132681e-01	9.7210540773205212e-01
14	1.4285714285714284e+00	1.1262990880147422e-01	9.7210540773205223e-01
15	1.5714285714285714e+00	1.2389289968162165e-01	9.7210540773205223e-01
16	1.7142857142857144e+00	1.3515589056176908e-01	9.7210540773205223e-01
17	1.8571428571428572e+00	1.4641888144191650e-01	9.7210540773205223e-01
18	1.9523809523809523e+00	1.5392754202868145e-01	9.7210540773205223e-01
19	2.0000000000000000e+00	1.5768187232206393e-01	9.7210540773205223e-01
20	9.8815430172276020e-01	2.3691396554479624e-01	9.2428610670128442e-01
21	1.0352092684714631e+00	2.4819558295169128e-01	9.2428610670128453e-01
22	1.1293192019688687e+00	2.7075881776548139e-01	9.2428610670128442e-01
23	1.2704841022149775e+00	3.0460366998616661e-01	9.2428610670128419e-01
24	1.4116490024610859e+00	3.3844852220685173e-01	9.2428610670128442e-01
25	1.5528139027071948e+00	3.7229337442753691e-01	9.2428610670128442e-01
26	1.6939788029533032e+00	4.0613822664822208e-01	9.2428610670128442e-01
27	1.8351437031994118e+00	4.3998307886890725e-01	9.2428610670128442e-01
28	1.9292536366968176e+00	4.6254631368269733e-01	9.2428610670128442e-01
29	1.9763086034455204e+00	4.7382793108959248e-01	9.2428610670128442e-01
30	9.2739697290564982e-01	4.5985470896153996e-01	8.7646680567051660e-01
31	9.7155873352020439e-01	4.8175255224542285e-01	8.7646680567051671e-01
32	1.0598822547493141e+00	5.2554823881318846e-01	8.7646680567051660e-01
33	1.1923675365929784e+00	5.9124176866483724e-01	8.7646680567051638e-01
34	1.3248528184366426e+00	6.5693529851648569e-01	8.7646680567051660e-01
35	1.4573381002803070e+00	7.2262882836813436e-01	8.7646680567051660e-01
36	1.5898233821239711e+00	7.8832235821978280e-01	8.7646680567051660e-01
37	1.7223086639676353e+00	8.5401588807143136e-01	8.7646680567051660e-01
38	1.8106321851967448e+00	8.9781157463919714e-01	8.7646680567051660e-01
39	1.8547939458112996e+00	9.1970941792307992e-01	8.7646680567051660e-01
40	8.1702429809208277e-01	6.5814165201237163e-01	8.5255715515513286e-01
41	8.5593021704884875e-01	6.8948173067962759e-01	8.5255715515513286e-01
42	9.3374205496238039e-01	7.5216188801413897e-01	8.5255715515513286e-01
43	1.0504598118326780e+00	8.4618212401590664e-01	8.5255715515513253e-01
44	1.1671775687029753e+00	9.4020236001767366e-01	8.5255715515513286e-01
45	1.2838953255732730e+00	1.0342225960194411e+00	8.5255715515513286e-01
46	1.4006130824435703e+00	1.1282428320212083e+00	8.5255715515513286e-01
47	1.5173308393138680e+00	1.2222630680229760e+00	8.5255715515513286e-01
48	1.5951426772273998e+00	1.2849432253574873e+00	8.5255715515513286e-01
49	1.6340485961841655e+00	1.3162833040247433e+00	8.5255715515513286e-01
50	6.5814165201237163e-01	8.1702429809208288e-01	8.5255715515513286e-01
51	6.8948173067962748e-01	8.5593021704884875e-01	8.5255715515513286e-01
52	7.5216188801413919e-01	9.3374205496238027e-01	8.5255715515513286e-01
53	8.4618212401590664e-01	1.0504598118326780e+00	8.5255715515513253e-01
54	9.4020236001767366e-01	1.1671775687029753e+00	8.5255715515513286e-01
55	1.0342225960194413e+00	1.2838953255732730e+00	8.5255715515513286e-01
56	1.1282428320212083e+00	1.4006130824435705e+00	8.5255715515513286e-01
57	1.2222630680229760e+00	1.5173308393138683e+00	8.5255715515513286e-01
58	1.2849432253574873e+00	1.5951426772273998e+00	8.5255715515513286e-01
59	1.3162833040247433e+00	1.6340485961841658e+00	8.5255715515513286e-01
60	4.5985470896153990e-01	9.2739697290564971e-01	8.7646680567051671e-01
61	4.8175255224542285e-01	9.7155873352020472e-01	8.7646680567051671e-01
62	5.2554823881318857e-01	1.0598822547493139e+00	8.7646680567051671e-01
63	5.9124176866483702e-01	1.1923675365929782e+00	8.7646680567051649e-01
64	6.5693529851648569e-01	1.3248528184366424e+00	8.7646680567051671e-01
65	7.2262882836813425e-01	1.4573381002803067e+00	8.7646680567051671e-01
66	7.8832235821978258e-01	1.5898233821239709e+00	8.7646680567051671e-01
67	8.5401588807143136e-01	1.7223086639676350e+00	8.7646680567051671e-01
68	8.9781157463919681e-01	1.8106321851967448e+00	8.7646680567051671e-01
69	9.1970941792307981e-01	1.8547939458112994e+00	8.7646680567051671e-01
70	2.3691396554479624e-01	9.8815430172276009e-01	9.2428610670128442e-01
71	2.4819558295169128e-01	1.0352092684714631e+00	9.2428610670128442e-01
72	2.7075881776548139e-01	1.1293192019688687e+00	9.2428610670128442e-01
73	3.0460366998616661e-01	1.2704841022149773e+00	9.2428610670128419e-01
74	3.3844852220685173e-01	1.4116490024610859e+00	9.2428610670128442e-01
75	3.7229337442753691e-01	1.5528139027071948e+00	9.2428610670128442e-01
76	4.0613822664822208e-01	1.6939788029533032e+00	9.2428610670128442e-01
77	4.3998307886890725e-01	1.8351437031994120e+00	9.2428610670128442e-01
78	4.6254631368269733e-01	1.9292536366968174e+00	9.2428610670128442e-01
79	4.7382793108959248e-01	1.9763086034455202e+00	9.2428610670128442e-01
80	7.8840936161031980e-02	1.0000000000000000e+00	9.7210540773205212e-01
81	8.2595266454414465e-02	1.0476190476190477e+00	9.7210540773205212e-01
82	9.0103927041179421e-02	1.1428571428571428e+00	9.7210540773205212e-01
83	1.0136691792132685e-01	1.2857142857142858e+00	9.7210540773205201e-01
84	1.1262990880147428e-01	1.4285714285714286e+00	9.7210540773205212e-01
85	1.2389289968162172e-01	1.5714285714285714e+00	9.7210540773205212e-01
86	1.3515589056176913e-01	1.7142857142857144e+00	9.7210540773205212e-01
87	1.4641888144191659e-01	1.8571428571428574e+00	9.7210540773205212e-01
88	1.5392754202868147e-01	1.9523809523809523e+00	9.7210540773205212e-01
89	1.5768187232206396e-01	2.0000000000000000e+00	9.7210540773205212e-01
90	0.0000000000000000e+00	1.0000000000000000e+00	1.0000000000000000e+00
91	0.0000000000000000e+00	1.0476190476190477e+00	1.0000000000000000e+00
92	0.0000000000000000e+00	1.1428571428571428e+00	1.0000000000000000e+00
93	0.0000000000000000e+00	1.2857142857142858e+00	9.9999999999999989e-01
94	0.0000000000000000e+00	1.4285714285714286e+00	1.0000000000000000e+00
95	0.0000000000000000e+00	1.5714285714285714e+00	1.0000000000000000e+00
96	0.0000000000000000e+00	1.7142857142857144e+00	1.0000000000000000e+00
97	0.0000000000000000e+00	1.8571428571428572e+00	1.0000000000000000e+00
98	0.0000000000000000e+00	1.9523809523809523e+00	1.0000000000000000e+00
99	0.0000000000000000e+00	2.0000000000000000e+00	1.0000000000000000e+00

0   1   0.0
1   1   0.0
2   1   0.0
3   1   0.0
4   1   0.0
5   1   0.0
6   1   0.0
7   1   0.0
8   1   0.0
9   1   0.0
19  1   0.0
29  1   0.0
39  1   0.0
49  1   0.0
59  1   0.0
69  1   0.0
79  1   0.0
89  1   0.0
99  1   0.0
9   0   0.0
19  0   0.0
29  0   0.0
39  0   0.0
49  0   0.0
59  0   0.0
69  0   0.0
79  0   0.0
89  0   0.0
90  0   0.0
91  0   0.0
92  0   0.0
93  0   0.0
94  0   0.0
95  0   0.0
96  0   0.0
97  0   0.0
98  0   0.0
99  0   0.0