-1.854319e-04 
-5.940102e-03 
-1.327671e-02 
-1.748607e-02 
-2.347752e-02 
-2.878990e-02 
-3.443581e-02 
-3.809278e-02 
-3.993278e-02 
4.076449e-04 
-2.548926e-03 
-3.361153e-03 
-7.336343e-03 
5.248999e-03 
-1.269677e-02 
4.418153e-03 
-1.774994e-02 
4.296328e-03 
-2.337946e-02 
4.452639e-03 
-2.882570e-02 
4.287828e-03 
-3.442396e-02 
4.376722e-03 
-3.809208e-02 
4.276836e-03 
-3.993840e-02 
4.291756e-03 
1.388247e-02 
3.301656e-04 
1.936331e-02 
-3.962169e-03 
1.674260e-02 
-1.198133e-02 
1.261659e-02 
-1.749997e-02 
1.355070e-02 
-2.324302e-02 
1.295427e-02 
-2.876396e-02 
1.312484e-02 
-3.435461e-02 
1.293348e-02 
-3.803984e-02 
1.293182e-02 
-3.988201e-02 
1.285333e-02 
3.234455e-02 
-2.647944e-03 
3.023171e-02 
-5.326013e-03 
2.828706e-02 
-1.080568e-02 
2.770671e-02 
-1.715094e-02 
2.640069e-02 
-2.277171e-02 
2.643097e-02 
-2.854036e-02 
2.607788e-02 
-3.408813e-02 
2.602180e-02 
-3.782229e-02 
2.583368e-02 
-3.966320e-02 
2.576590e-02 
4.103762e-02 
-9.304034e-04 
4.201714e-02 
-4.969116e-03 
4.181575e-02 
-1.095782e-02 
4.054652e-02 
-1.660592e-02 
4.008987e-02 
-2.253997e-02 
3.950001e-02 
-2.814771e-02 
3.929062e-02 
-3.382381e-02 
3.897956e-02 
-3.750944e-02 
3.884217e-02 
-3.937258e-02 
3.872373e-02 
5.492187e-02 
-2.291734e-03 
5.448920e-02 
-5.414935e-03 
5.441301e-02 
-1.080030e-02 
5.386399e-02 
-1.657425e-02 
5.317723e-02 
-2.217780e-02 
5.276486e-02 
-2.789247e-02 
5.233713e-02 
-3.346526e-02 
5.205656e-02 
-3.720537e-02 
5.182232e-02 
-3.905673e-02 
5.172837e-02 
6.720334e-02 
-1.469741e-03 
6.739548e-02 
-5.372676e-03 
6.715118e-02 
-1.085440e-02 
6.679594e-02 
-1.635747e-02 
6.631880e-02 
-2.199709e-02 
6.581775e-02 
-2.756088e-02 
6.543520e-02 
-3.317318e-02 
6.505199e-02 
-3.687444e-02 
6.484820e-02 
-3.873735e-02 
6.473017e-02 
8.022361e-02 
-2.016599e-03 
8.012770e-02 
-5.319159e-03 
8.016279e-02 
-1.074497e-02 
7.974762e-02 
-1.621518e-02 
7.930684e-02 
-2.170681e-02 
7.886429e-02 
-2.727697e-02 
7.843576e-02 
-3.282392e-02 
7.808270e-02 
-3.655035e-02 
7.783865e-02 
-3.840183e-02 
7.773198e-02 
8.876782e-02 
-1.642940e-03 
8.879027e-02 
-5.301854e-03 
8.866086e-02 
-1.057575e-02 
8.837307e-02 
-1.600034e-02 
8.794601e-02 
-2.149276e-02 
8.750674e-02 
-2.702853e-02 
8.710926e-02 
-3.260161e-02 
8.673651e-02 
-3.630990e-02 
8.651392e-02 
-3.817043e-02 
8.639354e-02 
9.303791e-02 
-1.751312e-03 
9.305350e-02 
-5.173246e-03 
9.297757e-02 
-1.047419e-02 
9.266197e-02 
-1.585370e-02 
9.226527e-02 
-2.135342e-02 
9.183421e-02 
-2.690472e-02 
9.144051e-02 
-3.248034e-02 
9.107339e-02 
-3.619705e-02 
9.084469e-02 
-3.805273e-02 
9.072838e-02 
-2.410623e-03 
-2.590549e-03 
-2.673759e-03 
-2.421138e-03 
-2.003289e-03 
-1.528510e-03 
-1.038248e-03 
-5.437475e-04 
-1.911826e-04 
-2.159490e-03 
1.357360e-03 
-2.331387e-03 
1.200873e-03 
-2.402634e-03 
9.545067e-04 
-2.143494e-03 
6.829145e-04 
-1.729714e-03 
4.685918e-04 
-1.264841e-03 
3.023289e-04 
-7.956533e-04 
1.683566e-04 
-3.499195e-04 
5.744904e-05 
-9.775026e-05 
-9.694142e-07 
-1.791289e-03 
3.836632e-03 
-1.903223e-03 
3.342956e-03 
-1.903963e-03 
2.569145e-03 
-1.628353e-03 
1.738702e-03 
-1.254288e-03 
1.106300e-03 
-8.724134e-04 
6.375983e-04 
-5.229717e-04 
3.072608e-04 
-2.303658e-04 
9.464591e-05 
-7.731359e-05 
3.014337e-05 
-1.569175e-03 
6.840313e-03 
-1.455408e-03 
5.940406e-03 
-1.200458e-03 
4.525126e-03 
-8.350152e-04 
3.016172e-03 
-5.252748e-04 
1.891491e-03 
-2.854564e-04 
1.059550e-03 
-1.214337e-04 
4.831629e-04 
-2.425357e-05 
1.291605e-04 
1.259823e-06 
2.197352e-05 
-1.497649e-03 
9.116943e-03 
-1.110839e-03 
8.040763e-03 
-5.529075e-04 
6.289486e-03 
-7.702195e-05 
4.337426e-03 
1.742168e-04 
2.837961e-03 
2.741856e-04 
1.691176e-03 
2.644982e-04 
8.576821e-04 
1.692888e-04 
2.945476e-04 
6.259531e-05 
7.208434e-05 
-1.379067e-03 
1.060010e-02 
-8.377434e-04 
9.598744e-03 
-1.188916e-04 
7.833150e-03 
3.916838e-04 
5.661241e-03 
5.822273e-04 
3.865945e-03 
5.767411e-04 
2.414303e-03 
4.512003e-04 
1.274624e-03 
2.502574e-04 
4.648578e-04 
8.071957e-05 
1.358936e-04 
-1.086614e-03 
1.142013e-02 
-6.091848e-04 
1.062301e-02 
1.707529e-05 
9.039733e-03 
4.393168e-04 
6.818532e-03 
5.709801e-04 
4.828239e-03 
5.384163e-04 
3.119718e-03 
4.144549e-04 
1.768102e-03 
2.428759e-04 
7.282745e-04 
1.048785e-04 
2.018356e-04 
-6.155468e-04 
1.186062e-02 
-3.625357e-04 
1.125563e-02 
-2.185977e-05 
9.907769e-03 
2.076877e-04 
7.790774e-03 
2.863328e-04 
5.741514e-03 
2.974056e-04 
3.914770e-03 
2.675964e-04 
2.342016e-03 
1.583806e-04 
1.039303e-03 
1.836417e-05 
3.480980e-04 
-2.142606e-04 
1.204020e-02 
-1.343410e-04 
1.152113e-02 
-2.687012e-05 
1.033353e-02 
4.085497e-05 
8.392211e-03 
6.261717e-05 
6.449474e-03 
6.783034e-05 
4.595424e-03 
7.306462e-05 
2.854031e-03 
1.040679e-04 
1.255766e-03 
1.114663e-04 
3.586291e-04 
1.208741e-02 
1.160219e-02 
1.048920e-02 
8.675924e-03 
6.854002e-03 
5.095491e-03 
3.405417e-03 
1.754685e-03 
6.040643e-04 



Displacement
0	0.0000000000000e+00	 0.0000000000000e+00	 
1	-1.8543194002661e-04	 0.0000000000000e+00	 
2	-5.9401021436158e-03	 0.0000000000000e+00	 
3	-1.3276714333227e-02	 0.0000000000000e+00	 
4	-1.7486070570935e-02	 0.0000000000000e+00	 
5	-2.3477522038644e-02	 0.0000000000000e+00	 
6	-2.8789899767503e-02	 0.0000000000000e+00	 
7	-3.4435812987104e-02	 0.0000000000000e+00	 
8	-3.8092776499871e-02	 0.0000000000000e+00	 
9	-3.9932779575832e-02	 0.0000000000000e+00	 
10	0.0000000000000e+00	 4.0764494900058e-04	 
11	-2.5489260293929e-03	 -3.3611531306905e-03	 
12	-7.3363425928436e-03	 5.2489993398077e-03	 
13	-1.2696772934034e-02	 4.4181527359558e-03	 
14	-1.7749941703724e-02	 4.2963277820545e-03	 
15	-2.3379461762599e-02	 4.4526385636318e-03	 
16	-2.8825696652458e-02	 4.2878275804609e-03	 
17	-3.4423960542641e-02	 4.3767221460500e-03	 
18	-3.8092082511128e-02	 4.2768360081049e-03	 
19	-3.9938404416260e-02	 4.2917555663312e-03	 
20	0.0000000000000e+00	 1.3882468361722e-02	 
21	3.3016561820166e-04	 1.9363308592455e-02	 
22	-3.9621689697117e-03	 1.6742604877772e-02	 
23	-1.1981327566339e-02	 1.2616588818851e-02	 
24	-1.7499971041772e-02	 1.3550701820279e-02	 
25	-2.3243023111574e-02	 1.2954271360380e-02	 
26	-2.8763963750658e-02	 1.3124837903895e-02	 
27	-3.4354608562541e-02	 1.2933477084231e-02	 
28	-3.8039835369337e-02	 1.2931818601244e-02	 
29	-3.9882009388200e-02	 1.2853327095710e-02	 
30	0.0000000000000e+00	 3.2344552529841e-02	 
31	-2.6479441267697e-03	 3.0231707348312e-02	 
32	-5.3260131863335e-03	 2.8287057379391e-02	 
33	-1.0805675418958e-02	 2.7706706682503e-02	 
34	-1.7150940977514e-02	 2.6400688283522e-02	 
35	-2.2771707315690e-02	 2.6430972369635e-02	 
36	-2.8540358583046e-02	 2.6077882269378e-02	 
37	-3.4088125491768e-02	 2.6021797637656e-02	 
38	-3.7822285044284e-02	 2.5833676389928e-02	 
39	-3.9663198374150e-02	 2.5765895873101e-02	 
40	0.0000000000000e+00	 4.1037621500292e-02	 
41	-9.3040335616777e-04	 4.2017140648694e-02	 
42	-4.9691159782931e-03	 4.1815747372884e-02	 
43	-1.0957818002510e-02	 4.0546520624682e-02	 
44	-1.6605917120054e-02	 4.0089866503197e-02	 
45	-2.2539971620593e-02	 3.9500007263976e-02	 
46	-2.8147713979546e-02	 3.9290619473275e-02	 
47	-3.3823812145731e-02	 3.8979562656679e-02	 
48	-3.7509439253555e-02	 3.8842169445453e-02	 
49	-3.9372580900885e-02	 3.8723729268438e-02	 
50	0.0000000000000e+00	 5.4921870294908e-02	 
51	-2.2917341590446e-03	 5.4489196587170e-02	 
52	-5.4149353141058e-03	 5.4413007548678e-02	 
53	-1.0800297654803e-02	 5.3863986807199e-02	 
54	-1.6574253364738e-02	 5.3177228130594e-02	 
55	-2.2177795342716e-02	 5.2764862454252e-02	 
56	-2.7892465224292e-02	 5.2337134191932e-02	 
57	-3.3465260205195e-02	 5.2056555016591e-02	 
58	-3.7205367083855e-02	 5.1822315343842e-02	 
59	-3.9056725095901e-02	 5.1728371464768e-02	 
60	0.0000000000000e+00	 6.7203338240048e-02	 
61	-1.4697409585712e-03	 6.7395480551021e-02	 
62	-5.3726756526500e-03	 6.7151180702489e-02	 
63	-1.0854396468237e-02	 6.6795944759080e-02	 
64	-1.6357468435088e-02	 6.6318803940453e-02	 
65	-2.1997093671245e-02	 6.5817751071342e-02	 
66	-2.7560877950816e-02	 6.5435202971840e-02	 
67	-3.3173184525286e-02	 6.5051994207667e-02	 
68	-3.6874441005650e-02	 6.4848198758519e-02	 
69	-3.8737353469774e-02	 6.4730173636279e-02	 
70	0.0000000000000e+00	 8.0223614659022e-02	 
71	-2.0165993000153e-03	 8.0127696712757e-02	 
72	-5.3191590169681e-03	 8.0162788344655e-02	 
73	-1.0744973101145e-02	 7.9747618442246e-02	 
74	-1.6215182747169e-02	 7.9306844858577e-02	 
75	-2.1706814702661e-02	 7.8864293298958e-02	 
76	-2.7276974641432e-02	 7.8435761388593e-02	 
77	-3.2823918109145e-02	 7.8082704885033e-02	 
78	-3.6550348240334e-02	 7.7838653380528e-02	 
79	-3.8401832461177e-02	 7.7731977502079e-02	 
80	0.0000000000000e+00	 8.8767817707872e-02	 
81	-1.6429402525200e-03	 8.8790273798399e-02	 
82	-5.3018536210709e-03	 8.8660860902722e-02	 
83	-1.0575745284731e-02	 8.8373066203971e-02	 
84	-1.6000335039424e-02	 8.7946012441922e-02	 
85	-2.1492762655062e-02	 8.7506739120210e-02	 
86	-2.7028530128236e-02	 8.7109256543400e-02	 
87	-3.2601614893305e-02	 8.6736511451017e-02	 
88	-3.6309903224503e-02	 8.6513921492914e-02	 
89	-3.8170431767700e-02	 8.6393539675285e-02	 
90	0.0000000000000e+00	 9.3037914746298e-02	 
91	-1.7513117776222e-03	 9.3053499615931e-02	 
92	-5.1732456058180e-03	 9.2977571752634e-02	 
93	-1.0474188715668e-02	 9.2661967908941e-02	 
94	-1.5853702303447e-02	 9.2265267828148e-02	 
95	-2.1353417442236e-02	 9.1834212474755e-02	 
96	-2.6904722464388e-02	 9.1440505897718e-02	 
97	-3.2480339131583e-02	 9.1073388524860e-02	 
98	-3.6197051319564e-02	 9.0844694672101e-02	 
99	-3.8052729061681e-02	 9.0728379140640e-02	 



Strain
0	0	-2.6119036141350e-03	2.6030481934004e-03	-2.0514221065054e-03	0.0000000000000e+00	
0	1	-4.6176082797512e-03	3.2244937547018e-03	-1.3129424996333e-03	0.0000000000000e+00	
0	2	-5.2926254775620e-03	6.9359342124896e-03	-4.7080174084519e-04	0.0000000000000e+00	
0	3	-3.5436002726345e-03	1.1654586409358e-02	-3.3432474488297e-04	0.0000000000000e+00	
0	4	-4.4496312327713e-03	1.2838353791854e-02	2.8969556359570e-03	0.0000000000000e+00	
0	5	-4.7285514991643e-03	1.1994375972584e-02	3.2487065022723e-03	0.0000000000000e+00	
0	6	-2.6110844406505e-03	1.4455711511055e-02	2.9218000443301e-03	0.0000000000000e+00	
0	7	-3.9274529847628e-03	1.4748667500777e-02	2.3736344904534e-03	0.0000000000000e+00	
0	8	-4.5695393164614e-03	1.2610756248128e-02	1.4518219739612e-03	0.0000000000000e+00	
1	0	-5.1251315224261e-03	8.6840516508179e-03	-4.0491693209013e-04	0.0000000000000e+00	
1	1	-4.6709032650328e-03	9.8154594544166e-03	-1.6654870959059e-04	0.0000000000000e+00	
1	2	-4.1197349402465e-03	9.6201076719743e-03	2.0649635991198e-04	0.0000000000000e+00	
1	3	-4.6269375308277e-03	1.1272235859085e-02	2.2319346765525e-03	0.0000000000000e+00	
1	4	-4.3761278726464e-03	1.0260573043077e-02	8.3108591602436e-04	0.0000000000000e+00	
1	5	-4.0827277169793e-03	9.5953454733815e-03	2.9728747028500e-04	0.0000000000000e+00	
1	6	-4.6535382264784e-03	1.1383839466941e-02	8.0022487990231e-04	0.0000000000000e+00	
1	7	-4.6159733128427e-03	1.0142454728671e-02	4.4257777249912e-05	0.0000000000000e+00	
1	8	-4.3934541828183e-03	9.6446623636109e-03	-6.0653784275211e-05	0.0000000000000e+00	
2	0	-3.7750119454938e-03	9.3933067073761e-03	3.6868554292831e-04	0.0000000000000e+00	
2	1	-3.4567866194680e-03	9.2019897554975e-03	2.9125890270378e-04	0.0000000000000e+00	
2	2	-3.5299952085895e-03	9.1734213649509e-03	2.9170611506462e-05	0.0000000000000e+00	
2	3	-3.9022366377532e-03	9.3855959553792e-03	3.7022464606986e-04	0.0000000000000e+00	
2	4	-3.7258749945341e-03	9.2768698118159e-03	4.1098205660137e-04	0.0000000000000e+00	
2	5	-3.7400676083883e-03	9.3129925142115e-03	2.9502060324824e-04	0.0000000000000e+00	
2	6	-4.1937361575502e-03	9.5228623015234e-03	1.8515348333702e-04	0.0000000000000e+00	
2	7	-3.9575377047493e-03	9.4219845254011e-03	4.4774143989737e-04	0.0000000000000e+00	
2	8	-3.8889996392863e-03	9.3816150288307e-03	4.1178550223950e-04	0.0000000000000e+00	
3	0	-3.7275907310972e-03	9.1858724606754e-03	-6.5612316197137e-05	0.0000000000000e+00	
3	1	-3.9491023442377e-03	9.2099760630274e-03	-5.4832687703942e-05	0.0000000000000e+00	
3	2	-3.9666693782889e-03	9.2176125253305e-03	3.6925310648229e-05	0.0000000000000e+00	
3	3	-3.8241724301919e-03	9.3210038640571e-03	1.9381126793404e-04	0.0000000000000e+00	
3	4	-3.9179324707455e-03	9.2673934040261e-03	1.0808701776019e-04	0.0000000000000e+00	
3	5	-3.9217298915331e-03	9.1878896510859e-03	9.5051145903941e-05	0.0000000000000e+00	
3	6	-3.9174045104834e-03	9.3527259791670e-03	2.7581464036968e-04	0.0000000000000e+00	
3	7	-3.9480313419139e-03	9.2783132350753e-03	1.2742753823755e-04	0.0000000000000e+00	
3	8	-3.9363651600151e-03	9.2056020542293e-03	9.8593024870224e-05	0.0000000000000e+00	
4	0	-3.8952319580315e-03	9.2059384317631e-03	6.3327415031067e-05	0.0000000000000e+00	
4	1	-3.8185473595177e-03	9.1623029274861e-03	4.6075177600042e-05	0.0000000000000e+00	
4	2	-3.8266514690051e-03	9.1178219478942e-03	6.8168430888190e-06	0.0000000000000e+00	
4	3	-3.8880860446732e-03	9.1576722300983e-03	9.2728506444979e-05	0.0000000000000e+00	
4	4	-3.8534453031671e-03	9.1447425483087e-03	7.2670348164770e-05	0.0000000000000e+00	
4	5	-3.8601724506359e-03	9.1491884520256e-03	5.2135319478744e-05	0.0000000000000e+00	
4	6	-3.9129226346510e-03	9.1794891113321e-03	1.1793393146713e-04	0.0000000000000e+00	
4	7	-3.8869713424781e-03	9.1651253076606e-03	1.2635546289777e-04	0.0000000000000e+00	
4	8	-3.8852533790223e-03	9.1625589395120e-03	1.0302300585574e-04	0.0000000000000e+00	
5	0	-3.8649536367788e-03	9.1048268114967e-03	-1.6894660567783e-06	0.0000000000000e+00	
5	1	-3.9054326538049e-03	9.1045786440183e-03	3.6512374973564e-06	0.0000000000000e+00	
5	2	-3.9020523367214e-03	9.1032139409809e-03	1.0726807422534e-05	0.0000000000000e+00	
5	3	-3.8803223977220e-03	9.1448657420849e-03	4.8989927671121e-05	0.0000000000000e+00	
5	4	-3.9000162052843e-03	9.1191210260653e-03	4.7696903322178e-05	0.0000000000000e+00	
5	5	-3.8947349823985e-03	9.0863123223172e-03	3.7790255493972e-05	0.0000000000000e+00	
5	6	-3.8938270282415e-03	9.1540923967349e-03	8.1749240923690e-05	0.0000000000000e+00	
5	7	-3.9008841506451e-03	9.1234724707347e-03	6.0037886289983e-05	0.0000000000000e+00	
5	8	-3.8948016831984e-03	9.0891337257436e-03	5.1666310610344e-05	0.0000000000000e+00	
6	0	-3.8826826567722e-03	9.0885828794700e-03	7.1182280088266e-06	0.0000000000000e+00	
6	1	-3.8620091161226e-03	9.0430678351946e-03	1.6126328631974e-06	0.0000000000000e+00	
6	2	-3.8633322737655e-03	9.0093305572489e-03	5.7607503949078e-06	0.0000000000000e+00	
6	3	-3.8818470720822e-03	9.0714311124293e-03	2.4255452593081e-05	0.0000000000000e+00	
6	4	-3.8684974157279e-03	9.0513377793877e-03	1.0489820874204e-05	0.0000000000000e+00	
6	5	-3.8699224230790e-03	9.0174943829042e-03	1.8456056014046e-05	0.0000000000000e+00	
6	6	-3.8860639703055e-03	9.0750912367196e-03	4.7897941095224e-05	0.0000000000000e+00	
6	7	-3.8750940688483e-03	9.0580999553960e-03	3.1319900056931e-05	0.0000000000000e+00	
6	8	-3.8710849098193e-03	9.0257344140647e-03	7.4371422507794e-06	0.0000000000000e+00	
7	0	-2.3115348610397e-03	1.3479303783666e-02	3.3967178328759e-03	0.0000000000000e+00	
7	1	-3.6898139772570e-03	1.2707956021421e-02	7.4601547198847e-04	0.0000000000000e+00	
7	2	-4.4437357331789e-03	1.1165094551050e-02	-4.9345467259473e-04	0.0000000000000e+00	
7	3	-2.7999251244255e-03	1.1450548589778e-02	1.6944808478859e-03	0.0000000000000e+00	
7	4	-3.5370170358522e-03	9.7891435672765e-03	-1.3390314498704e-03	0.0000000000000e+00	
7	5	-4.0719643460869e-03	9.2475901120146e-03	-2.1697020960806e-03	0.0000000000000e+00	
7	6	-3.6438684153457e-03	9.5661203001827e-03	-6.6916768744447e-04	0.0000000000000e+00	
7	7	-3.5673271437289e-03	8.4687446293852e-03	-1.9384929542435e-03	0.0000000000000e+00	
7	8	-3.7318238024668e-03	8.5687305992593e-03	-2.0355787706676e-03	0.0000000000000e+00	
8	0	-4.6112676277271e-03	1.0447532838129e-02	-6.9548137581927e-04	0.0000000000000e+00	
8	1	-4.6797583342871e-03	9.8470627662974e-03	-7.1591573869262e-04	0.0000000000000e+00	
8	2	-4.5060629627436e-03	9.6984629546113e-03	-3.5448693316924e-04	0.0000000000000e+00	
8	3	-4.2892079471597e-03	9.2349954916965e-03	-1.9009357273863e-03	0.0000000000000e+00	
8	4	-4.4850745502446e-03	9.4476270471757e-03	-1.2611732978627e-03	0.0000000000000e+00	
8	5	-4.4544092856894e-03	9.6967627745100e-03	-5.8732361638995e-04	0.0000000000000e+00	
8	6	-3.9222938575776e-03	8.8250182055762e-03	-1.7006218570575e-03	0.0000000000000e+00	
8	7	-4.1649499288694e-03	9.2557729415845e-03	-1.0919610853282e-03	0.0000000000000e+00	
8	8	-4.2653796514540e-03	9.5564861245843e-03	-5.9173467435178e-04	0.0000000000000e+00	
9	0	-4.3100335976669e-03	9.6545507861245e-03	1.3445274190257e-05	0.0000000000000e+00	
9	1	-4.0623929403966e-03	9.5296481028815e-03	3.7804727463131e-04	0.0000000000000e+00	
9	2	-3.9634544109379e-03	9.3916363347128e-03	3.7428573105934e-04	0.0000000000000e+00	
9	3	-4.3443415730344e-03	9.7420681209451e-03	-2.2070217696470e-04	0.0000000000000e+00	
9	4	-4.1806732718781e-03	9.6154126787174e-03	1.3400177783152e-04	0.0000000000000e+00	
9	5	-4.0753902264436e-03	9.3993016343508e-03	1.9574243822036e-04	0.0000000000000e+00	
9	6	-4.2628426780804e-03	9.6217140966054e-03	-3.8332655221460e-04	0.0000000000000e+00	
9	7	-4.2221176651376e-03	9.5559102909990e-03	-1.5179407939295e-04	0.0000000000000e+00	
9	8	-4.1451667554370e-03	9.4008515448829e-03	-1.9070444858735e-05	0.0000000000000e+00	
10	0	-3.9671447670381e-03	9.3296463348197e-03	2.4567571804514e-04	0.0000000000000e+00	
10	1	-3.9692451500294e-03	9.2663908796608e-03	1.1342765960595e-04	0.0000000000000e+00	
10	2	-3.9503799684828e-03	9.2346318174260e-03	1.0298010935342e-04	0.0000000000000e+00	
10	3	-4.0392879526628e-03	9.3110460065746e-03	1.4892314288803e-04	0.0000000000000e+00	
10	4	-3.9944906971721e-03	9.2621825310801e-03	1.1180798284929e-04	0.0000000000000e+00	
10	5	-3.9677762193830e-03	9.2691813257442e-03	1.2353309423535e-04	0.0000000000000e+00	
10	6	-4.0870066122173e-03	9.3322357548159e-03	3.8519705910194e-05	0.0000000000000e+00	
10	7	-4.0144179604783e-03	9.2853461731055e-03	1.0569988419602e-04	0.0000000000000e+00	
10	8	-3.9835701088805e-03	9.2775815533104e-03	1.2340440274634e-04	0.0000000000000e+00	
11	0	-3.9312964941635e-03	9.2197267448432e-03	1.3188878664261e-04	0.0000000000000e+00	
11	1	-3.9081723103181e-03	9.1917725472861e-03	1.4662758533276e-04	0.0000000000000e+00	
11	2	-3.9006293266759e-03	9.1631067973722e-03	1.1884264743235e-04	0.0000000000000e+00	
11	3	-3.9596931895158e-03	9.2641901969013e-03	1.3720221036803e-04	0.0000000000000e+00	
11	4	-3.9455202909079e-03	9.2220666679584e-03	1.3633002751598e-04	0.0000000000000e+00	
11	5	-3.9291200724985e-03	9.1676402219229e-03	1.1423634719479e-04	0.0000000000000e+00	
11	6	-3.9824931236350e-03	9.2672010714462e-03	1.1059188033879e-04	0.0000000000000e+00	
11	7	-3.9739757219277e-03	9.2269479040572e-03	9.2876931761412e-05	0.0000000000000e+00	
11	8	-3.9519483754616e-03	9.1789975708872e-03	9.0351751705035e-05	0.0000000000000e+00	
12	0	-3.9024871665768e-03	9.1472430350298e-03	9.2099645883200e-05	0.0000000000000e+00	
12	1	-3.9023115841644e-03	9.1220640548855e-03	6.6109765839794e-05	0.0000000000000e+00	
12	2	-3.8958689013399e-03	9.0987182575725e-03	6.0014271259442e-05	0.0000000000000e+00	
12	3	-3.9188981054939e-03	9.1444408724507e-03	9.8924917211754e-05	0.0000000000000e+00	
12	4	-3.9054781164966e-03	9.1243145396481e-03	8.3368331959536e-05	0.0000000000000e+00	
12	5	-3.8980531468300e-03	9.1114995580439e-03	7.4207197672474e-05	0.0000000000000e+00	
12	6	-3.9340330704249e-03	9.1572437776576e-03	9.5959256765808e-05	0.0000000000000e+00	
12	7	-3.9116260395926e-03	9.1340998623554e-03	9.6390135386672e-05	0.0000000000000e+00	
12	8	-3.9022489446306e-03	9.1171494507668e-03	8.0281182114160e-05	0.0000000000000e+00	
13	0	-3.8895772132136e-03	9.0855738878859e-03	5.9325304430921e-05	0.0000000000000e+00	
13	1	-3.8796270344519e-03	9.0614934061260e-03	4.0437609815644e-05	0.0000000000000e+00	
13	2	-3.8715096696887e-03	9.0306906915421e-03	3.7598331146936e-06	0.0000000000000e+00	
13	3	-3.8959634637975e-03	9.0992113807549e-03	6.7131605337746e-05	0.0000000000000e+00	
13	4	-3.8881537227194e-03	9.0687107987004e-03	4.3224894873662e-05	0.0000000000000e+00	
13	5	-3.8738625222196e-03	9.0413976018817e-03	8.9854208800857e-06	0.0000000000000e+00	
13	6	-3.9018266289912e-03	9.1046506846960e-03	6.3555982683342e-05	0.0000000000000e+00	
13	7	-3.8950662852959e-03	9.0780114585252e-03	3.7891541248361e-05	0.0000000000000e+00	
13	8	-3.8785841847836e-03	9.0551470127740e-03	1.7599089140092e-05	0.0000000000000e+00	
14	0	-3.8698124723873e-03	8.5756763541149e-03	-1.2526809064825e-03	0.0000000000000e+00	
14	1	-3.6024966540579e-03	8.3730240386111e-03	-1.5567441821185e-03	0.0000000000000e+00	
14	2	-3.6548597542313e-03	8.6855594672142e-03	-1.4722748283951e-03	0.0000000000000e+00	
14	3	-3.6588818508242e-03	7.6637221150149e-03	-8.1482284618109e-04	0.0000000000000e+00	
14	4	-3.6404003505967e-03	8.4025706033379e-03	-7.0939209958245e-04	0.0000000000000e+00	
14	5	-3.7404845175125e-03	8.8771732435778e-03	-7.6046796424080e-04	0.0000000000000e+00	
14	6	-3.2594718625759e-03	7.8368731781919e-03	1.4359477352590e-04	0.0000000000000e+00	
14	7	-3.6617412059602e-03	8.5403471115424e-03	-2.1440967559193e-04	0.0000000000000e+00	
14	8	-3.8955552969262e-03	8.9306217373680e-03	-5.2247264205057e-04	0.0000000000000e+00	
15	0	-3.8148380159639e-03	8.9167562201507e-03	-1.2530717811389e-03	0.0000000000000e+00	
15	1	-4.0429849358674e-03	9.2304570921607e-03	-8.7014020206388e-04	0.0000000000000e+00	
15	2	-4.1736843574899e-03	9.4211512836364e-03	-5.7211042964570e-04	0.0000000000000e+00	
15	3	-3.8460378808355e-03	9.0455945861442e-03	-7.4816027364922e-04	0.0000000000000e+00	
15	4	-3.9977540520976e-03	9.1947596573430e-03	-6.7801439608670e-04	0.0000000000000e+00	
15	5	-4.0961793560953e-03	9.2503090418023e-03	-5.8359245076062e-04	0.0000000000000e+00	
15	6	-3.9596543192195e-03	9.0530605448808e-03	-6.0996801441444e-04	0.0000000000000e+00	
15	7	-4.0310389243798e-03	9.1488987716926e-03	-6.5825139641096e-04	0.0000000000000e+00	
15	8	-4.0655303296840e-03	9.1794012894888e-03	-5.9976713572881e-04	0.0000000000000e+00	
16	0	-4.2064346344445e-03	9.4697431421267e-03	-4.5665178626104e-04	0.0000000000000e+00	
16	1	-4.2118304804071e-03	9.4630846369413e-03	-2.8272669466060e-04	0.0000000000000e+00	
16	2	-4.1562611128294e-03	9.3980855278353e-03	-1.1420602703405e-04	0.0000000000000e+00	
16	3	-4.1293336972636e-03	9.2777464857124e-03	-5.2436255166305e-04	0.0000000000000e+00	
16	4	-4.1510078250466e-03	9.3358926640118e-03	-3.7673645915528e-04	0.0000000000000e+00	
16	5	-4.1289415750110e-03	9.3740280282539e-03	-1.9641314671054e-04	0.0000000000000e+00	
16	6	-4.0701029598306e-03	9.2030483251605e-03	-5.2260898727458e-04	0.0000000000000e+00	
16	7	-4.0739320683886e-03	9.2683923572129e-03	-3.7110692962922e-04	0.0000000000000e+00	
16	8	-4.0758901392090e-03	9.3237122264654e-03	-2.3051917439738e-04	0.0000000000000e+00	
17	0	-4.1001220590439e-03	9.3590316352853e-03	-1.7481059113267e-05	0.0000000000000e+00	
17	1	-4.0278251313838e-03	9.3086980896851e-03	8.1608805296462e-05	0.0000000000000e+00	
17	2	-3.9953459109712e-03	9.2716137795399e-03	9.7976542340710e-05	0.0000000000000e+00	
17	3	-4.0983541132006e-03	9.3711726463048e-03	-9.6008897841615e-05	0.0000000000000e+00	
17	4	-4.0517558424049e-03	9.3241652627356e-03	2.9380267547291e-06	0.0000000000000e+00	
17	5	-4.0178837990764e-03	9.2607140065671e-03	2.8408288576079e-05	0.0000000000000e+00	
17	6	-4.0754976567455e-03	9.3320838833329e-03	-1.6691324313769e-04	0.0000000000000e+00	
17	7	-4.0619649608691e-03	9.3025303276209e-03	-9.2387480211512e-05	0.0000000000000e+00	
17	8	-4.0307193894407e-03	9.2515638481165e-03	-4.3630308453211e-05	0.0000000000000e+00	
18	0	-3.9925662793214e-03	9.2522036109213e-03	7.9423640926778e-05	0.0000000000000e+00	
18	1	-3.9818429243048e-03	9.2194337919798e-03	6.5712390946797e-05	0.0000000000000e+00	
18	2	-3.9588063096774e-03	9.1879614953300e-03	7.7508291704577e-05	0.0000000000000e+00	
18	3	-4.0035491136811e-03	9.2332219747141e-03	2.5398785708346e-05	0.0000000000000e+00	
18	4	-3.9808412900675e-03	9.2092191798495e-03	3.6914160849487e-05	0.0000000000000e+00	
18	5	-3.9595213958341e-03	9.1954051424301e-03	6.1559919971763e-05	0.0000000000000e+00	
18	6	-4.0057737973925e-03	9.2278892938996e-03	-1.8918102754223e-05	0.0000000000000e+00	
18	7	-3.9725332918159e-03	9.2053328073206e-03	1.8360323827464e-05	0.0000000000000e+00	
18	8	-3.9544836034491e-03	9.1910770404254e-03	4.1893052692505e-05	0.0000000000000e+00	
19	0	-3.9407627033350e-03	9.1705443325172e-03	9.1112096574498e-05	0.0000000000000e+00	
19	1	-3.9175242649888e-03	9.1425948378239e-03	9.5724004143448e-05	0.0000000000000e+00	
19	2	-3.9063439343757e-03	9.1175818540372e-03	7.6901486498600e-05	0.0000000000000e+00	
19	3	-3.9478222338836e-03	9.1831046599709e-03	7.4494311547035e-05	0.0000000000000e+00	
19	4	-3.9300029331532e-03	9.1518084214869e-03	7.7457056186426e-05	0.0000000000000e+00	
19	5	-3.9152212631821e-03	9.1199305600938e-03	6.3065731396364e-05	0.0000000000000e+00	
19	6	-3.9500716367721e-03	9.1797532452319e-03	4.6698205734822e-05	0.0000000000000e+00	
19	7	-3.9392330702316e-03	9.1527643567669e-03	4.7744978602042e-05	0.0000000000000e+00	
19	8	-3.9223202129475e-03	9.1252372101387e-03	4.5590523759917e-05	0.0000000000000e+00	
20	0	-3.9045700232336e-03	9.1045642619843e-03	5.8622386096589e-05	0.0000000000000e+00	
20	1	-3.8971826252838e-03	9.0841894592589e-03	3.5253062919370e-05	0.0000000000000e+00	
20	2	-3.8825322640792e-03	9.0642747664247e-03	1.8930864001250e-05	0.0000000000000e+00	
20	3	-3.9080059921111e-03	9.1067863457522e-03	5.1481239812670e-05	0.0000000000000e+00	
20	4	-3.8978266197201e-03	9.0931630704719e-03	3.4516051542105e-05	0.0000000000000e+00	
20	5	-3.8904279855700e-03	9.0777022081994e-03	1.3096164062570e-05	0.0000000000000e+00	
20	6	-3.9104314484143e-03	9.1131393077632e-03	4.4378419079592e-05	0.0000000000000e+00	
20	7	-3.8979327498748e-03	9.0996399493184e-03	3.2911472674680e-05	0.0000000000000e+00	
20	8	-3.8970888600606e-03	9.0876801059609e-03	4.0509594574667e-06	0.0000000000000e+00	
21	0	-3.2048430591914e-03	8.3698979036382e-03	3.7562108330694e-04	0.0000000000000e+00	
21	1	-3.6727223834631e-03	8.6624927389682e-03	-2.5949106808922e-04	0.0000000000000e+00	
21	2	-3.9224979723471e-03	8.9056774245570e-03	-5.8605892583288e-04	0.0000000000000e+00	
21	3	-3.4929710612261e-03	9.0028021003956e-03	1.8129018408221e-04	0.0000000000000e+00	
21	4	-3.6945300105175e-03	8.8245984114252e-03	-4.2152004983029e-04	0.0000000000000e+00	
21	5	-3.8327681809204e-03	8.8816706012086e-03	-6.1918698359250e-04	0.0000000000000e+00	
21	6	-3.8825690452131e-03	9.1318353313687e-03	-1.9077353653598e-04	0.0000000000000e+00	
21	7	-3.7202999367835e-03	8.9092318331942e-03	-4.0677151230388e-04	0.0000000000000e+00	
21	8	-3.7091437622435e-03	8.8979076183017e-03	-4.7275481433797e-04	0.0000000000000e+00	
22	0	-3.9752797201928e-03	9.0084414483138e-03	-6.5209099568615e-04	0.0000000000000e+00	
22	1	-4.0260991266276e-03	9.1183814422605e-03	-6.6982047653337e-04	0.0000000000000e+00	
22	2	-4.0434956202325e-03	9.1788239316209e-03	-5.8567357352914e-04	0.0000000000000e+00	
22	3	-3.8854913537005e-03	8.9529856302590e-03	-6.4051566265891e-04	0.0000000000000e+00	
22	4	-3.9500823362077e-03	9.0723584481867e-03	-6.1828694271010e-04	0.0000000000000e+00	
22	5	-3.9848870119426e-03	9.1667202519675e-03	-5.3016960954629e-04	0.0000000000000e+00	
22	6	-3.7648375200317e-03	8.9393545350342e-03	-4.9576333175160e-04	0.0000000000000e+00	
22	7	-3.8548953661035e-03	9.0362939623904e-03	-4.9891315288504e-04	0.0000000000000e+00	
22	8	-3.9217982187917e-03	9.1290240364620e-03	-4.5716227205067e-04	0.0000000000000e+00	
23	0	-4.0400814690276e-03	9.2073161774901e-03	-4.9671897392436e-04	0.0000000000000e+00	
23	1	-4.0391195039541e-03	9.2536800334409e-03	-3.5767618503493e-04	0.0000000000000e+00	
23	2	-4.0483711122422e-03	9.2842747364303e-03	-2.5307140963206e-04	0.0000000000000e+00	
23	3	-3.9926992358926e-03	9.2012866318996e-03	-4.5510012153194e-04	0.0000000000000e+00	
23	4	-4.0040794160318e-03	9.2263022630369e-03	-3.5651136738353e-04	0.0000000000000e+00	
23	5	-4.0156319206542e-03	9.2285459277723e-03	-2.8910919251390e-04	0.0000000000000e+00	
23	6	-3.9501237704632e-03	9.1647716079980e-03	-4.1850660563806e-04	0.0000000000000e+00	
23	7	-3.9812968310159e-03	9.1899569958807e-03	-3.6019978758778e-04	0.0000000000000e+00	
23	8	-3.9904541606916e-03	9.1922321282004e-03	-3.0230269807134e-04	0.0000000000000e+00	
24	0	-4.0569803642535e-03	9.2889683337981e-03	-2.0910008080326e-04	0.0000000000000e+00	
24	1	-4.0547976157659e-03	9.2748989723629e-03	-1.4013799112329e-04	0.0000000000000e+00	
24	2	-4.0279456213213e-03	9.2465617325335e-03	-7.4367363078074e-05	0.0000000000000e+00	
24	3	-4.0217840053970e-03	9.2289417539493e-03	-2.5462550009326e-04	0.0000000000000e+00	
24	4	-4.0214529306836e-03	9.2326791075421e-03	-1.8274816296353e-04	0.0000000000000e+00	
24	5	-4.0059259376366e-03	9.2311696428836e-03	-1.0661640318802e-04	0.0000000000000e+00	
24	6	-3.9866688400432e-03	9.1936747030601e-03	-2.6250555082919e-04	0.0000000000000e+00	
24	7	-3.9800565606525e-03	9.2015372368880e-03	-1.9050079143360e-04	0.0000000000000e+00	
24	8	-3.9755235775764e-03	9.2061366934455e-03	-1.2644617043802e-04	0.0000000000000e+00	
25	0	-4.0027067809107e-03	9.2298650205754e-03	-3.7923310245101e-05	0.0000000000000e+00	
25	1	-3.9694331131472e-03	9.2053536644059e-03	5.1988191119352e-06	0.0000000000000e+00	
25	2	-3.9527102104471e-03	9.1837534971063e-03	2.4058375096438e-05	0.0000000000000e+00	
25	3	-3.9908164730782e-03	9.2236309925744e-03	-6.7997900298156e-05	0.0000000000000e+00	
25	4	-3.9684845318871e-03	9.1996987906007e-03	-2.7156296571740e-05	0.0000000000000e+00	
25	5	-3.9527454800767e-03	9.1722827753481e-03	-8.9234472291047e-06	0.0000000000000e+00	
25	6	-3.9734834075744e-03	9.2026084977871e-03	-9.7916956330053e-05	0.0000000000000e+00	
25	7	-3.9655285820885e-03	9.1854798823928e-03	-6.2666651222919e-05	0.0000000000000e+00	
25	8	-3.9511684597511e-03	9.1635538786987e-03	-3.6426558164896e-05	0.0000000000000e+00	
26	0	-3.9495914626355e-03	9.1713703646718e-03	2.6219491611196e-05	0.0000000000000e+00	
26	1	-3.9402693033249e-03	9.1498869385500e-03	3.0560369818446e-05	0.0000000000000e+00	
26	2	-3.9237526309464e-03	9.1293081312498e-03	3.6422837910590e-05	0.0000000000000e+00	
26	3	-3.9462784144450e-03	9.1595222629520e-03	-2.7180506919306e-06	0.0000000000000e+00	
26	4	-3.9345770604210e-03	9.1446479041484e-03	1.0960622953725e-05	0.0000000000000e+00	
26	5	-3.9213874012429e-03	9.1322102054915e-03	2.2904404165858e-05	0.0000000000000e+00	
26	6	-3.9403795365815e-03	9.1528441251552e-03	-2.1878966639660e-05	0.0000000000000e+00	
26	7	-3.9255486288436e-03	9.1398346430875e-03	-1.2089401709087e-06	0.0000000000000e+00	
26	8	-3.9165278362828e-03	9.1291143955697e-03	9.2346553808009e-06	0.0000000000000e+00	
27	0	-3.9116566544790e-03	9.1183057797251e-03	3.8999428857945e-05	0.0000000000000e+00	
27	1	-3.8992374592437e-03	9.1023214458866e-03	2.8957845584745e-05	0.0000000000000e+00	
27	2	-3.8991929362414e-03	9.0919687485971e-03	8.1837211762853e-07	0.0000000000000e+00	
27	3	-3.9133377760919e-03	9.1231130002295e-03	2.5590704677142e-05	0.0000000000000e+00	
27	4	-3.9036179155660e-03	9.1059955444966e-03	1.8155818214424e-05	0.0000000000000e+00	
27	5	-3.8997729885171e-03	9.0977900752969e-03	2.2842229601816e-06	0.0000000000000e+00	
27	6	-3.9136145801315e-03	9.1218351675796e-03	9.2000640134736e-06	0.0000000000000e+00	
27	7	-3.9074717476154e-03	9.1086230127592e-03	6.4107633344264e-06	0.0000000000000e+00	
27	8	-3.8991572073086e-03	9.1018060784589e-03	5.9399748403073e-06	0.0000000000000e+00	
28	0	-3.9788685048519e-03	9.0028238506091e-03	-2.4879632798228e-04	0.0000000000000e+00	
28	1	-3.7371160715340e-03	8.9259898150078e-03	-2.4811033223713e-04	0.0000000000000e+00	
28	2	-3.6856675912534e-03	8.9237992557406e-03	-3.1129513877874e-04	0.0000000000000e+00	
28	3	-3.8682184941321e-03	8.8550378755741e-03	-1.2144535683470e-04	0.0000000000000e+00	
28	4	-3.7646710707644e-03	8.9472232350856e-03	-4.1052325644705e-05	0.0000000000000e+00	
28	5	-3.7439910144949e-03	8.9647602826317e-03	-1.4631451868998e-04	0.0000000000000e+00	
28	6	-3.6618778481612e-03	8.8611593407252e-03	4.0942421024856e-05	0.0000000000000e+00	
28	7	-3.7792593696883e-03	8.9657766345019e-03	-2.0935787781634e-05	0.0000000000000e+00	
28	8	-3.8267312337075e-03	8.9967343379980e-03	-1.3786887063933e-04	0.0000000000000e+00	
29	0	-3.7346260398133e-03	8.9491954020756e-03	-3.6662224236123e-04	0.0000000000000e+00	
29	1	-3.8215956087761e-03	9.0205032061688e-03	-4.1740927631855e-04	0.0000000000000e+00	
29	2	-3.8932536655016e-03	9.0975928127427e-03	-4.1510401478481e-04	0.0000000000000e+00	
29	3	-3.7667050222857e-03	8.9740805624495e-03	-2.2634595183011e-04	0.0000000000000e+00	
29	4	-3.8136293723850e-03	9.0116635312968e-03	-3.1409694666659e-04	0.0000000000000e+00	
29	5	-3.8631539670449e-03	9.0621751077599e-03	-3.4755548922041e-04	0.0000000000000e+00	
29	6	-3.8257444137205e-03	9.0058344587911e-03	-1.9177598840726e-04	0.0000000000000e+00	
29	7	-3.8292788404381e-03	9.0272838083122e-03	-2.5505390723031e-04	0.0000000000000e+00	
29	8	-3.8471758378643e-03	9.0552305031213e-03	-2.8795857268623e-04	0.0000000000000e+00	
30	0	-3.9273719002036e-03	9.1318140144279e-03	-3.9656747096057e-04	0.0000000000000e+00	
30	1	-3.9647691500006e-03	9.1655079142466e-03	-3.5269251116578e-04	0.0000000000000e+00	
30	2	-3.9741643249632e-03	9.1791274240546e-03	-2.9340491819904e-04	0.0000000000000e+00	
30	3	-3.8921741818651e-03	9.0905591048036e-03	-3.4836910686984e-04	0.0000000000000e+00	
30	4	-3.9271378727690e-03	9.1305133836129e-03	-3.2144745044971e-04	0.0000000000000e+00	
30	5	-3.9410929677272e-03	9.1565610088197e-03	-2.6968973604020e-04	0.0000000000000e+00	
30	6	-3.8633512406938e-03	9.0737973612430e-03	-2.9420654690888e-04	0.0000000000000e+00	
30	7	-3.8880473496027e-03	9.1061939932235e-03	-2.8020484375433e-04	0.0000000000000e+00	
30	8	-3.9069765378655e-03	9.1319594591094e-03	-2.4559392169259e-04	0.0000000000000e+00	
31	0	-3.9682137027887e-03	9.1833133820232e-03	-2.5205146421562e-04	0.0000000000000e+00	
31	1	-3.9608150639843e-03	9.1880629281178e-03	-1.8808653952120e-04	0.0000000000000e+00	
31	2	-3.9601872337342e-03	9.1878483528227e-03	-1.3774238458668e-04	0.0000000000000e+00	
31	3	-3.9405287307526e-03	9.1641551662974e-03	-2.3478694406704e-04	0.0000000000000e+00	
31	4	-3.9396573993084e-03	9.1660421990325e-03	-1.8749815515254e-04	0.0000000000000e+00	
31	5	-3.9410506303642e-03	9.1609912705805e-03	-1.5132232714466e-04	0.0000000000000e+00	
31	6	-3.9152794116417e-03	9.1406027164495e-03	-2.2198214083084e-04	0.0000000000000e+00	
31	7	-3.9239849653104e-03	9.1444747091330e-03	-1.8658455983517e-04	0.0000000000000e+00	
31	8	-3.9255323999990e-03	9.1414689222024e-03	-1.5273219079791e-04	0.0000000000000e+00	
32	0	-3.9622463508324e-03	9.1845314124463e-03	-1.1508496364197e-04	0.0000000000000e+00	
32	1	-3.9593934896080e-03	9.1737368268068e-03	-7.9787030050732e-05	0.0000000000000e+00	
32	2	-3.9469568658600e-03	9.1594552870935e-03	-4.6902575892618e-05	0.0000000000000e+00	
32	3	-3.9425611923546e-03	9.1581543259362e-03	-1.3150679302595e-04	0.0000000000000e+00	
32	4	-3.9411330689304e-03	9.1548372327344e-03	-9.4026324940084e-05	0.0000000000000e+00	
32	5	-3.9338735381509e-03	9.1498203250687e-03	-5.7453559537014e-05	0.0000000000000e+00	
32	6	-3.9234933488598e-03	9.1397962633528e-03	-1.3109966556712e-04	0.0000000000000e+00	
32	7	-3.9203601829208e-03	9.1385842031355e-03	-9.4155828635674e-05	0.0000000000000e+00	
32	8	-3.9184677737920e-03	9.1362980616593e-03	-6.2654151279862e-05	0.0000000000000e+00	
33	0	-3.9360119596553e-03	9.1509097702934e-03	-2.8944933947329e-05	0.0000000000000e+00	
33	1	-3.9215842353818e-03	9.1371450380807e-03	-7.8688346479686e-06	0.0000000000000e+00	
33	2	-3.9142230618757e-03	9.1249009421847e-03	2.2054914567608e-07	0.0000000000000e+00	
33	3	-3.9273468205435e-03	9.1444191180297e-03	-3.9673730356955e-05	0.0000000000000e+00	
33	4	-3.9180125362909e-03	9.1314295688963e-03	-2.0732308251117e-05	0.0000000000000e+00	
33	5	-3.9118866909562e-03	9.1188441880117e-03	-1.2250841503899e-05	0.0000000000000e+00	
33	6	-3.9177840738333e-03	9.1329955269364e-03	-4.8823598250214e-05	0.0000000000000e+00	
33	7	-3.9149863740693e-03	9.1241477265542e-03	-3.1547447616157e-05	0.0000000000000e+00	
33	8	-3.9098034206701e-03	9.1150419993784e-03	-1.8763620486858e-05	0.0000000000000e+00	
34	0	-3.9127333920705e-03	9.1186282450317e-03	-1.1929841190741e-07	0.0000000000000e+00	
34	1	-3.9079829921317e-03	9.1096234449724e-03	1.0551994973840e-06	0.0000000000000e+00	
34	2	-3.8994666632839e-03	9.1033043042437e-03	5.7945852286011e-06	0.0000000000000e+00	
34	3	-3.9096443506659e-03	9.1140388958534e-03	-9.5066645280545e-06	0.0000000000000e+00	
34	4	-3.9057139243139e-03	9.1097187824996e-03	-3.2388995228328e-06	0.0000000000000e+00	
34	5	-3.9013505766043e-03	9.1043155409268e-03	1.2878437167690e-06	0.0000000000000e+00	
34	6	-3.9059700545870e-03	9.1113480767333e-03	-1.1984219042305e-05	0.0000000000000e+00	
34	7	-3.9022654212273e-03	9.1076595512513e-03	-4.0916420081885e-06	0.0000000000000e+00	
34	8	-3.9028149800796e-03	9.1033333810888e-03	-3.7783304889406e-06	0.0000000000000e+00	
35	0	-3.6154057794345e-03	8.9266357310886e-03	5.2292326274793e-05	0.0000000000000e+00	
35	1	-3.7766732843385e-03	8.9754545875900e-03	-1.0253278479835e-04	0.0000000000000e+00	
35	2	-3.8396266247852e-03	9.0109318307647e-03	-1.8467727833984e-04	0.0000000000000e+00	
35	3	-3.6947464150772e-03	9.0092621658718e-03	-7.0611121098145e-06	0.0000000000000e+00	
35	4	-3.7555885782990e-03	8.9918948127126e-03	-1.7127450624963e-04	0.0000000000000e+00	
35	5	-3.7901121368974e-03	9.0235714671651e-03	-2.0095321014357e-04	0.0000000000000e+00	
35	6	-3.8024208012342e-03	9.0347011434653e-03	-4.9527713164767e-05	0.0000000000000e+00	
35	7	-3.7306041900279e-03	9.0083435172526e-03	-1.0824326583503e-04	0.0000000000000e+00	
35	8	-3.7229566046772e-03	9.0207548960051e-03	-1.3549102122593e-04	0.0000000000000e+00	
36	0	-3.8357198692844e-03	9.0260643261111e-03	-2.0540036536312e-04	0.0000000000000e+00	
36	1	-3.8312108435342e-03	9.0454794654038e-03	-2.3582249945980e-04	0.0000000000000e+00	
36	2	-3.8397279422244e-03	9.0625126948953e-03	-2.5842772952084e-04	0.0000000000000e+00	
36	3	-3.7991731747825e-03	9.0422942003643e-03	-1.9931457294241e-04	0.0000000000000e+00	
36	4	-3.8123217339226e-03	9.0595286395381e-03	-2.0749220838999e-04	0.0000000000000e+00	
36	5	-3.8247659527180e-03	9.0672880039139e-03	-2.1910421393868e-04	0.0000000000000e+00	
36	6	-3.7448790923677e-03	9.0320293828504e-03	-1.5329172510843e-04	0.0000000000000e+00	
36	7	-3.7795804775213e-03	9.0471316242286e-03	-1.7547372976231e-04	0.0000000000000e+00	
36	8	-3.8036517340544e-03	9.0584068951526e-03	-1.8285307274524e-04	0.0000000000000e+00	
37	0	-3.8501523436170e-03	9.0740317339062e-03	-2.6439953333442e-04	0.0000000000000e+00	
37	1	-3.8693930137973e-03	9.0966397007921e-03	-2.5727508310288e-04	0.0000000000000e+00	
37	2	-3.8891646350732e-03	9.1170785838999e-03	-2.3372965598305e-04	0.0000000000000e+00	
37	3	-3.8318481708074e-03	9.0719939963257e-03	-2.2173476850732e-04	0.0000000000000e+00	
37	4	-3.8462432494988e-03	9.0833237021432e-03	-2.1874682765898e-04	0.0000000000000e+00	
37	5	-3.8638090068249e-03	9.0962414947110e-03	-2.0581942121038e-04	0.0000000000000e+00	
37	6	-3.8132086873055e-03	9.0640776430156e-03	-1.8072965435456e-04	0.0000000000000e+00	
37	7	-3.8287083048319e-03	9.0732433963260e-03	-1.7548014659383e-04	0.0000000000000e+00	
37	8	-3.8440015160062e-03	9.0821986891007e-03	-1.6585931205373e-04	0.0000000000000e+00	
38	0	-3.9004789841119e-03	9.1253253529468e-03	-2.1560461095210e-04	0.0000000000000e+00	
38	1	-3.9129274814282e-03	9.1322206281582e-03	-1.8261146727431e-04	0.0000000000000e+00	
38	2	-3.9155869045718e-03	9.1331321474086e-03	-1.4671108154865e-04	0.0000000000000e+00	
38	3	-3.8750466971413e-03	9.1032804372927e-03	-1.9325064913652e-04	0.0000000000000e+00	
38	4	-3.8893146026666e-03	9.1130386887177e-03	-1.6425173264690e-04	0.0000000000000e+00	
38	5	-3.8962425818388e-03	9.1186458327222e-03	-1.3020955280031e-04	0.0000000000000e+00	
38	6	-3.8527325200325e-03	9.0875356277885e-03	-1.5648224091769e-04	0.0000000000000e+00	
38	7	-3.8663081789803e-03	9.0964193978297e-03	-1.3434079092028e-04	0.0000000000000e+00	
38	8	-3.8779188608661e-03	9.1031914959729e-03	-1.0843163782382e-04	0.0000000000000e+00	
39	0	-3.9131703389531e-03	9.1324145689617e-03	-1.2442796375648e-04	0.0000000000000e+00	
39	1	-3.9104709388706e-03	9.1303003505306e-03	-9.0812291230413e-05	0.0000000000000e+00	
39	2	-3.9107858205019e-03	9.1269935090434e-03	-6.4613857242232e-05	0.0000000000000e+00	
39	3	-3.8972350428208e-03	9.1194738533619e-03	-1.1048279221260e-04	0.0000000000000e+00	
39	4	-3.8988919613064e-03	9.1174286483544e-03	-8.3576169679108e-05	0.0000000000000e+00	
39	5	-3.9012249658424e-03	9.1139496228725e-03	-6.2866301882202e-05	0.0000000000000e+00	
39	6	-3.8837064470186e-03	9.1053628938643e-03	-9.3565046937619e-05	0.0000000000000e+00	
39	7	-3.8909918687826e-03	9.1061851619237e-03	-7.1892712047451e-05	0.0000000000000e+00	
39	8	-3.8947741380548e-03	9.1053978176004e-03	-5.2930796890187e-05	0.0000000000000e+00	
40	0	-3.9120716734566e-03	9.1244709327542e-03	-5.2774436063895e-05	0.0000000000000e+00	
40	1	-3.9118300690032e-03	9.1193066138465e-03	-3.4912238184803e-05	0.0000000000000e+00	
40	2	-3.9078706556675e-03	9.1136993055300e-03	-1.9369432427334e-05	0.0000000000000e+00	
40	3	-3.9027805911232e-03	9.1126172168133e-03	-5.1935721829416e-05	0.0000000000000e+00	
40	4	-3.9040646839257e-03	9.1117497949915e-03	-3.3484120577723e-05	0.0000000000000e+00	
40	5	-3.9033466235539e-03	9.1103298042294e-03	-1.7799533603284e-05	0.0000000000000e+00	
40	6	-3.8955380177619e-03	9.1051526623743e-03	-4.2098375302940e-05	0.0000000000000e+00	
40	7	-3.8970536947492e-03	9.1054117153591e-03	-2.5909432191261e-05	0.0000000000000e+00	
40	8	-3.8992070271461e-03	9.1052527542907e-03	-1.4374576670005e-05	0.0000000000000e+00	
41	0	-3.9042103908920e-03	9.1105140265960e-03	-1.1549122885042e-05	0.0000000000000e+00	
41	1	-3.9010122379448e-03	9.1056191859145e-03	-4.4284585655187e-06	0.0000000000000e+00	
41	2	-3.9024943031479e-03	9.1019654467904e-03	-4.7616268562273e-06	0.0000000000000e+00	
41	3	-3.9021348066013e-03	9.1081735356652e-03	-1.1211003257458e-05	0.0000000000000e+00	
41	4	-3.9006365580834e-03	9.1029527003676e-03	-5.2914923401911e-06	0.0000000000000e+00	
41	5	-3.9001541244066e-03	9.1000965336915e-03	-2.3237118687337e-06	0.0000000000000e+00	
41	6	-3.9006011156196e-03	9.1043774105650e-03	-1.0193135919949e-05	0.0000000000000e+00	
41	7	-3.9009109284871e-03	9.1016730736589e-03	-4.5015274329264e-06	0.0000000000000e+00	
41	8	-3.8982524507146e-03	9.0990999558190e-03	1.4279572362687e-06	0.0000000000000e+00	
42	0	-3.7982331147132e-03	9.0254058857230e-03	-2.6264858287762e-05	0.0000000000000e+00	
42	1	-3.7220218086748e-03	9.0170224185067e-03	-2.1102644699386e-05	0.0000000000000e+00	
42	2	-3.7093647914794e-03	9.0131831848316e-03	-7.5696000241370e-05	0.0000000000000e+00	
42	3	-3.6846307613483e-03	9.0019580749942e-03	1.2649310909887e-05	0.0000000000000e+00	
42	4	-3.7086074864190e-03	9.0167083312286e-03	2.3289206989303e-05	0.0000000000000e+00	
42	5	-3.7205296105599e-03	9.0080120586907e-03	-2.7828450522139e-05	0.0000000000000e+00	
42	6	-3.6314596630932e-03	8.9738935098067e-03	-1.9543766179982e-05	0.0000000000000e+00	
42	7	-3.6575179156725e-03	8.9951937171742e-03	-7.6477940325702e-05	0.0000000000000e+00	
42	8	-3.6788474735171e-03	9.0153204378279e-03	-3.3840690323479e-05	0.0000000000000e+00	
43	0	-3.7282952204740e-03	9.0161066108129e-03	-1.1448938273357e-04	0.0000000000000e+00	
43	1	-3.7608701505692e-03	9.0298929637831e-03	-1.5093228651933e-04	0.0000000000000e+00	
43	2	-3.7870744387647e-03	9.0478472780718e-03	-1.5695007638606e-04	0.0000000000000e+00	
43	3	-3.7228848690983e-03	9.0059269369138e-03	-5.8566869334258e-05	0.0000000000000e+00	
43	4	-3.7337849380017e-03	9.0158400002005e-03	-8.7599823044051e-05	0.0000000000000e+00	
43	5	-3.7554474935362e-03	9.0340980133508e-03	-9.5452980387457e-05	0.0000000000000e+00	
43	6	-3.6894333933951e-03	9.0223495960111e-03	-1.0061072382189e-05	0.0000000000000e+00	
43	7	-3.7098062835133e-03	9.0261397242986e-03	-7.0364311338067e-06	0.0000000000000e+00	
43	8	-3.7336984190104e-03	9.0278506909043e-03	-2.5051352434620e-05	0.0000000000000e+00	
44	0	-3.7995409134173e-03	9.0570113516316e-03	-1.5287600765142e-04	0.0000000000000e+00	
44	1	-3.8184430325235e-03	9.0685850618593e-03	-1.4600386778165e-04	0.0000000000000e+00	
44	2	-3.8344841622571e-03	9.0768769796182e-03	-1.3721529167304e-04	0.0000000000000e+00	
44	3	-3.7723421919710e-03	9.0444126317238e-03	-9.5100926030435e-05	0.0000000000000e+00	
44	4	-3.7985663387383e-03	9.0583689663192e-03	-9.1197430410618e-05	0.0000000000000e+00	
44	5	-3.8197949056334e-03	9.0684132024156e-03	-8.4028567726751e-05	0.0000000000000e+00	
44	6	-3.7490976445834e-03	9.0317729327807e-03	-3.2018825061002e-05	0.0000000000000e+00	
44	7	-3.7762066240280e-03	9.0447455083189e-03	-3.0889670000316e-05	0.0000000000000e+00	
44	8	-3.8038631931423e-03	9.0602083243928e-03	-2.2504496029277e-05	0.0000000000000e+00	
45	0	-3.8426136685027e-03	9.0811406724407e-03	-1.2968854699779e-04	0.0000000000000e+00	
45	1	-3.8561988220775e-03	9.0881170476871e-03	-1.1325719318552e-04	0.0000000000000e+00	
45	2	-3.8695400429072e-03	9.0941484918360e-03	-9.3697425275966e-05	0.0000000000000e+00	
45	3	-3.8300051368907e-03	9.0728982548247e-03	-7.8842702212432e-05	0.0000000000000e+00	
45	4	-3.8462294501083e-03	9.0791048198979e-03	-7.0222289633385e-05	0.0000000000000e+00	
45	5	-3.8611228086872e-03	9.0845773969401e-03	-5.9746817545992e-05	0.0000000000000e+00	
45	6	-3.8199482394928e-03	9.0678404902758e-03	-1.8656765661645e-05	0.0000000000000e+00	
45	7	-3.8435603545067e-03	9.0771470314019e-03	-1.6082469445890e-05	0.0000000000000e+00	
45	8	-3.8615117540801e-03	9.0834121030479e-03	-1.4319825272731e-05	0.0000000000000e+00	
46	0	-3.8770130523746e-03	9.0969825235632e-03	-8.1513144336029e-05	0.0000000000000e+00	
46	1	-3.8866216267769e-03	9.1005004133571e-03	-6.1622065492317e-05	0.0000000000000e+00	
46	2	-3.8917552051972e-03	9.1023535471952e-03	-4.3195673888381e-05	0.0000000000000e+00	
46	3	-3.8690968969156e-03	9.0879472065038e-03	-5.1798343884169e-05	0.0000000000000e+00	
46	4	-3.8803718662959e-03	9.0938744886530e-03	-3.7660513580971e-05	0.0000000000000e+00	
46	5	-3.8884033091608e-03	9.0983833406195e-03	-2.4909798907182e-05	0.0000000000000e+00	
46	6	-3.8694928322749e-03	9.0864989197635e-03	-1.1969447352682e-05	0.0000000000000e+00	
46	7	-3.8810947456664e-03	9.0914580146169e-03	-8.8011227425365e-06	0.0000000000000e+00	
46	8	-3.8903301548483e-03	9.0957132539673e-03	-6.6677929968493e-06	0.0000000000000e+00	
47	0	-3.8929013282619e-03	9.1026926952566e-03	-3.3278517001592e-05	0.0000000000000e+00	
47	1	-3.8950376628043e-03	9.1023727783671e-03	-2.0336971636543e-05	0.0000000000000e+00	
47	2	-3.8978597835783e-03	9.1017828212252e-03	-1.1935337163292e-05	0.0000000000000e+00	
47	3	-3.8916474799648e-03	9.0996266389419e-03	-1.8910797417564e-05	0.0000000000000e+00	
47	4	-3.8957268921203e-03	9.0996200216413e-03	-1.1784400240629e-05	0.0000000000000e+00	
47	5	-3.8980535495712e-03	9.0990659676300e-03	-6.5044121358268e-06	0.0000000000000e+00	
47	6	-3.8945832676246e-03	9.0977321404595e-03	-5.5018389349903e-06	0.0000000000000e+00	
47	7	-3.8994700927592e-03	9.1001812034028e-03	-2.7943492574517e-06	0.0000000000000e+00	
47	8	-3.9012258057112e-03	9.1010404969427e-03	2.1896230747277e-07	0.0000000000000e+00	
48	0	-3.8996607785469e-03	9.1017051578016e-03	-8.4664185249521e-06	0.0000000000000e+00	
48	1	-3.9006318633198e-03	9.1014821600680e-03	-2.5146378528964e-06	0.0000000000000e+00	
48	2	-3.8985770240712e-03	9.0989180639305e-03	2.2673524621225e-06	0.0000000000000e+00	
48	3	-3.8986770726261e-03	9.0994763268359e-03	-3.3176109280753e-06	0.0000000000000e+00	
48	4	-3.8996566407129e-03	9.1008155162288e-03	7.3545754165892e-07	0.0000000000000e+00	
48	5	-3.9006859308644e-03	9.0992366051963e-03	2.7733686877700e-07	0.0000000000000e+00	
48	6	-3.9009434849029e-03	9.1006845524594e-03	1.5807215180553e-06	0.0000000000000e+00	
48	7	-3.9003105634366e-03	9.0995369657277e-03	9.8285571740038e-07	0.0000000000000e+00	
48	8	-3.8997889675765e-03	9.1003454261128e-03	-2.3102911380506e-07	0.0000000000000e+00	











Stress
0	0	-2.0142655228354e+00	1.9972358675765e+00	-7.8900850250209e-01	-5.1088965776695e-03	
0	1	-4.3557262873371e+00	1.6766598930114e+00	-5.0497788447434e-01	-8.0371991829771e-01	
0	2	-3.1231876356664e+00	6.2833967412964e+00	-1.8107759263276e-01	9.4806273168898e-01	
0	3	1.9535687153139e+00	1.3644481547616e+01	-1.2858644033961e-01	4.6794150788789e+00	
0	4	1.4168543742618e+00	1.4715304393204e+01	1.1142137061373e+00	4.8396476302397e+00	
0	5	5.5447450453864e-01	1.3418264867422e+01	1.2495025008739e+00	4.1918218115881e+00	
0	6	4.8249122016559e+00	1.7953216779891e+01	1.1237692478193e+00	6.8334386944640e+00	
0	7	3.2218906940367e+00	1.7588137221375e+01	9.1293634248209e-01	6.2430083746235e+00	
0	8	1.1241333709910e+00	1.4339745343752e+01	5.5839306690816e-01	4.6391636144229e+00	
1	0	-1.8891857124095e+00	8.7332628823936e+00	-1.5573728157313e-01	2.0532231509952e+00	
1	1	-6.2498932538073e-01	1.0518366612657e+01	-6.4057195996382e-02	2.9680131861829e+00	
1	2	4.2650834994982e-03	1.0573374785208e+01	7.9421676889222e-02	3.1732919606122e+00	
1	3	2.7464324258867e-01	1.2504776619445e+01	8.5843641405866e-01	3.8338259586100e+00	
1	4	2.8620003982208e-02	1.1287620708385e+01	3.1964842924014e-01	3.3948722137102e+00	
1	5	3.9796615632544e-02	1.0561391377449e+01	1.1434133472500e-01	3.1803563979243e+00	
1	6	3.0322131066808e-01	1.2639665690221e+01	3.0777879996243e-01	3.8828661002668e+00	
1	7	-3.6239403920898e-01	1.0990242915801e+01	1.7022222019197e-02	3.1883546629777e+00	
1	8	-3.5003695940291e-01	1.0448514230158e+01	-2.3328378567389e-02	3.0295431812265e+00	
2	0	3.3746855839845e-01	1.0466944445221e+01	1.4180213189550e-01	3.2413239010859e+00	
2	1	6.5547364042621e-01	1.0392993928861e+01	1.1202265488607e-01	3.3145402707862e+00	
2	2	5.4044185283192e-01	1.0312300755555e+01	1.1219465964024e-02	3.2558227825162e+00	
2	3	1.6175603882017e-01	1.0383165725845e+01	1.4239409464225e-01	3.1634765293996e+00	
2	4	3.3643932186710e-01	1.0338550711367e+01	1.5807002176976e-01	3.2024970099703e+00	
2	5	3.3817390075312e-01	1.0378989379676e+01	1.1346946278778e-01	3.2151489841287e+00	
2	6	-1.5145503813104e-01	1.0399774545772e+01	7.1212878206546e-02	3.0744958522922e+00	
2	7	1.0830570056890e-01	1.0400245877608e+01	1.7220824611437e-01	3.1525654734530e+00	
2	8	1.7727838682467e-01	1.0385443516145e+01	1.5837903932288e-01	3.1688165708910e+00	
3	0	2.8163120468190e-01	1.0215064429122e+01	-2.5235506229668e-02	3.1490086901413e+00	
3	1	-2.6515808811363e-03	1.0119716424707e+01	-2.1089495270747e-02	3.0351194531479e+00	
3	2	-2.1893860005866e-02	1.0119861450471e+01	1.4202042557011e-02	3.0293902771394e+00	
3	3	2.2957780400535e-01	1.0341251876505e+01	7.4542795359247e-02	3.1712489041530e+00	
3	4	7.2433253242298e-02	1.0214991618451e+01	4.1571929907765e-02	3.0862274615081e+00	
3	5	2.1453790870358e-02	1.0105776515962e+01	3.6558133039977e-02	3.0381690920497e+00	
3	6	1.2237430079174e-01	1.0330166985138e+01	1.0608255398834e-01	3.1357623857790e+00	
3	7	3.8215444582498e-02	1.0212326657651e+01	4.9010591629828e-02	3.0751626306701e+00	
3	8	1.1971162035118e-02	1.0121176711454e+01	3.7920394180856e-02	3.0399443620467e+00	
4	0	6.7536844051660e-02	1.0145360220817e+01	2.4356698088872e-02	3.0638691194605e+00	
4	1	1.4559178189127e-01	1.0130861233433e+01	1.7721222153862e-02	3.0829359045972e+00	
4	2	1.0902030012442e-01	1.0066307543893e+01	2.6218627264688e-03	3.0525983532053e+00	
4	3	4.9310457227442e-02	1.0084509130129e+01	3.5664810171146e-02	3.0401458762068e+00	
4	4	8.8482792837700e-02	1.0087088832434e+01	2.7950133909527e-02	3.0526714875816e+00	
4	5	8.1991961851106e-02	1.0089192656206e+01	2.0052045953363e-02	3.0513553854172e+00	
4	6	2.8463248353705e-02	1.0099549206802e+01	4.5359204410434e-02	3.0384037365468e+00	
4	7	5.5110870314403e-02	1.0095185216575e+01	4.8598254960682e-02	3.0450888260668e+00	
4	8	5.5942916419158e-02	1.0092721622984e+01	3.9624233021439e-02	3.0445993618210e+00	
5	0	4.9962495584279e-02	1.0026716686565e+01	-6.4979463722241e-04	3.0230037546449e+00	
5	1	-4.6716624190912e-03	1.0003029335906e+01	1.4043221143679e-03	2.9995073020462e+00	
5	2	-9.0856425135843e-04	1.0003142418597e+01	4.1256951625131e-03	3.0006701563036e+00	
5	3	5.2373161961700e-02	1.0071748654121e+01	1.8842279873508e-02	3.0372365448248e+00	
5	4	1.1009546385800e-02	1.0025730493578e+01	1.8344962816222e-02	3.0110220119891e+00	
5	5	-8.0921343036522e-04	9.9846117901971e+00	1.4534713651528e-02	2.9951407730300e+00	
5	6	3.9516921637393e-02	1.0076378017773e+01	3.1442015739881e-02	3.0347684818231e+00	
5	7	1.2351607247829e-02	1.0031087469848e+01	2.3091494726917e-02	3.0130317231287e+00	
5	8	7.2872977730842e-04	9.9883713520404e+00	1.9871657927056e-02	2.9967300245453e+00	
6	0	1.6725007885579e-02	9.9946215742257e+00	2.7377800033949e-03	3.0034039746334e+00	
6	1	1.8296094754889e-02	9.9452783649989e+00	6.2024340892208e-04	2.9890723379261e+00	
6	2	-2.9488931945529e-03	9.8990994383550e+00	2.2156732288107e-03	2.9688451635481e+00	
6	3	7.9545832139125e-03	9.9720147251459e+00	9.3290202281080e-03	2.9939907925079e+00	
6	4	1.4332966936068e-02	9.9526677324096e+00	4.0345464900783e-03	2.9901002098037e+00	
6	5	-7.1103486231747e-03	9.9062871944408e+00	7.0984830823253e-03	2.9697530537453e+00	
6	6	4.3895996192740e-03	9.9745089896385e+00	1.8422285036625e-02	2.9936695767773e+00	
6	7	9.3541123557026e-03	9.9579649002360e+00	1.2046115406512e-02	2.9901957037775e+00	
6	8	-3.9213704886745e-03	9.9167088786529e+00	2.8604393272228e-03	2.9738362524493e+00	
7	0	4.6648398699464e+00	1.6811638827413e+01	1.3064299357215e+00	6.4429436092077e+00	
7	1	2.3644558122044e+00	1.4978125041956e+01	2.8692902768787e-01	5.2027742562482e+00	
7	2	4.5944875401891e-01	1.2466241280349e+01	-1.8979025869028e-01	3.8777070103104e+00	
7	3	2.8369557496834e+00	1.3798858606763e+01	6.5172340303303e-01	4.9907443069338e+00	
7	4	8.8621374055081e-01	1.1137106512188e+01	-5.1501209610401e-01	3.6069960758217e+00	
7	5	-1.4634232433928e-01	1.0099468797277e+01	-8.3450080618486e-01	2.9859379418814e+00	
7	6	6.1370807560156e-01	1.0775237856777e+01	-2.5737218747864e-01	3.4166837797137e+00	
7	7	8.3643054241017e-02	9.3421598027903e+00	-7.4557421317058e-01	2.8277408571094e+00	
7	8	-8.0110542209543e-02	9.3818543821952e+00	-7.8291491179525e-01	2.7905231519957e+00	
8	0	-1.8005286148141e-01	1.1403639804562e+01	-2.6749283685357e-01	3.3670760829240e+00	
8	1	-6.1867693098414e-01	1.0555800838696e+01	-2.7535220718947e-01	2.9811371723136e+00	
8	2	-4.7058689910987e-01	1.0455971498855e+01	-1.3634112814202e-01	2.9956153799237e+00	
8	3	-4.4605176058233e-01	9.9571816539224e+00	-7.3112912591781e-01	2.8533389680020e+00	
8	4	-5.8704629042014e-01	1.0130416476826e+01	-4.8506665302413e-01	2.8630110559218e+00	
8	5	-4.0203397621065e-01	1.0483482993173e+01	-2.2589369861152e-01	3.0244347050889e+00	
8	6	-1.8865430506043e-01	9.6169703589040e+00	-6.5408532963750e-01	2.8284948161531e+00	
8	7	-2.6679436102545e-01	1.0056838616247e+01	-4.1998503281852e-01	2.9370132765664e+00	
8	8	-2.2849984354327e-01	1.0403704599563e+01	-2.2759025936607e-01	3.0525614268060e+00	
9	0	-2.3203515871050e-01	1.0509952828821e+01	5.1712593039450e-03	3.0833753010332e+00	
9	1	2.9268024205472e-02	1.0484684211342e+01	1.4540279793512e-01	3.1541856706644e+00	
9	2	8.2832332225610e-02	1.0355979059649e+01	1.4395605040744e-01	3.1316434175624e+00	
9	3	-2.2772820161640e-01	1.0607971562983e+01	-8.4885452678730e-02	3.1140730084100e+00	
9	4	-8.0475935960443e-02	1.0531897872190e+01	5.1539145319817e-02	3.1354265808689e+00	
9	5	-6.3428208087151e-02	1.0301719377139e+01	7.5285553161678e-02	3.0714873507157e+00	
9	6	-1.8745316475896e-01	1.0492975123461e+01	-1.4743328931331e-01	3.0916565876106e+00	
9	7	-1.7059476595505e-01	1.0427888277227e+01	-5.8382338228059e-02	3.0771880533816e+00	
9	8	-1.5646397180971e-01	1.0263550105359e+01	-7.3347864841289e-03	3.0321258400649e+00	
10	0	4.2101083690839e-02	1.0270401931274e+01	9.4490660786593e-02	3.0937509044894e+00	
10	1	2.7801132262564e-03	1.0184038597603e+01	4.3626022925365e-02	3.0560456132489e+00	
10	2	9.8530140189288e-03	1.0152169772410e+01	3.9607734366701e-02	3.0486068359288e+00	
10	3	-6.5745701714596e-02	1.0203741959237e+01	5.7278131880011e-02	3.0413988772568e+00	
10	4	-3.3632170570007e-02	1.0163808774239e+01	4.3003070326648e-02	3.0390529811008e+00	
10	5	6.3673926061254e-03	1.0188642427319e+01	4.7512728552058e-02	3.0585029459776e+00	
10	6	-1.1775750405262e-01	1.0204736624434e+01	1.4815271503921e-02	3.0260937361145e+00	
10	7	-4.7093693082948e-02	1.0183494101982e+01	4.0653801613854e-02	3.0409201226696e+00	
10	8	-1.0047327352314e-02	1.0190838566641e+01	4.7463231825514e-02	3.0542373717865e+00	
11	0	2.6943226035566e-02	1.0143114948348e+01	5.0726456401003e-02	3.0510174523152e+00	
11	1	4.1944513390679e-02	1.0118825173086e+01	5.6395225127984e-02	3.0482309059431e+00	
11	2	3.5560597189532e-02	1.0084588384919e+01	4.5708710550905e-02	3.0360446946325e+00	
11	3	1.4368896941066e-02	1.0186586886493e+01	5.2770080910783e-02	3.0602867350301e+00	
11	4	9.1457629845788e-03	1.0138058808266e+01	5.2434625967684e-02	3.0441613713753e+00	
11	5	-1.7689263866760e-04	1.0074254103070e+01	4.3937056613383e-02	3.0222231631294e+00	
11	6	-1.4586279058977e-02	1.0177486178696e+01	4.2535338591843e-02	3.0488699698911e+00	
11	7	-2.6343527177433e-02	1.0128213108196e+01	3.5721896831312e-02	3.0305608743054e+00	
11	8	-2.4354983763376e-02	1.0076372667274e+01	3.4750673732706e-02	3.0156053050532e+00	
12	0	2.3907488279132e-02	1.0062161489515e+01	3.5422940724308e-02	3.0258206933382e+00	
12	1	9.6175145203201e-03	1.0028368006097e+01	2.5426833015306e-02	3.0113956561852e+00	
12	2	4.8216275650033e-03	1.0000657903651e+01	2.3082412022862e-02	3.0016438593649e+00	
12	3	1.9920747978475e-04	1.0048921498206e+01	3.8048045081444e-02	3.0147362117058e+00	
12	4	6.6532314362053e-03	1.0029570659240e+01	3.2064743061360e-02	3.0108671672028e+00	
12	5	9.2551242926548e-03	1.0016603358811e+01	2.8541229874029e-02	3.0077575449311e+00	
12	6	-1.2788492308011e-02	1.0057424467755e+01	3.6907406448388e-02	3.0133907926342e+00	
12	7	4.0225595996315e-03	1.0039196330329e+01	3.7073128994874e-02	3.0129656669785e+00	
12	8	6.8664884396874e-03	1.0021788331053e+01	3.0877377736215e-02	3.0085964458478e+00	
13	0	5.7079175312165e-03	9.9865933799155e+00	2.2817424781123e-02	2.9976903892340e+00	
13	1	5.2098033105068e-03	9.9599178345243e+00	1.5552926852171e-02	2.9895382913504e+00	
13	2	-1.6337717682005e-03	9.9231357368708e+00	1.4460896594975e-03	2.9764505895308e+00	
13	3	4.9788260926924e-03	1.0001267168056e+01	2.5819848206826e-02	3.0018737982446e+00	
13	4	-2.1045505642778e-03	9.9647143120663e+00	1.6624959566793e-02	2.9887829284506e+00	
13	5	1.3759904053821e-03	9.9361914704833e+00	3.4559311077253e-03	2.9812702382666e+00	
13	6	2.2416368255040e-04	1.0005206712673e+01	2.4444608724362e-02	3.0016292629066e+00	
13	7	-6.0441579799582e-03	9.9732464141901e+00	1.4573669710908e-02	2.9901606768630e+00	
13	8	2.9522586224493e-03	9.9519762567437e+00	6.7688804384970e-03	2.9864785546099e+00	
14	0	-2.6185735468578e-01	9.3115955887774e+00	-4.8180034864711e-01	2.7149214702275e+00	
14	1	-1.8923935109934e-02	9.1930150592508e+00	-5.9874776235328e-01	2.7522273372423e+00	
14	2	9.0896177312205e-02	9.5835263476549e+00	-5.6625954938273e-01	2.9023267574901e+00	
14	3	-5.0403973283165e-01	8.2056556255061e+00	-3.1339340237734e-01	2.3104847678023e+00	
14	4	-5.2902046954522e-02	9.2109217637644e+00	-2.7284311522402e-01	2.7474059150430e+00	
14	5	8.6178482335770e-02	9.7920690677899e+00	-2.9248767855416e-01	2.9634742650377e+00	
14	6	1.3352240318164e-01	8.6691724345415e+00	5.5228759048421e-02	2.6408084513169e+00	
14	7	-2.1436744412178e-03	9.3840781082531e+00	-8.2465259843051e-02	2.8145803301436e+00	
14	8	-9.1734974303680e-02	9.7745550520765e+00	-2.0095101617330e-01	2.9048460233318e+00	
15	0	8.9235670586643e-03	9.8024575948391e+00	-4.8195068505341e-01	2.9434143485693e+00	
15	1	-1.1721601434417e-01	1.0093124007216e+01	-3.3466930848611e-01	2.9927723978615e+00	
15	2	-1.8314166375382e-01	1.0274424214036e+01	-2.2004247294065e-01	3.0273847650845e+00	
15	3	4.1253575496948e-02	9.9578939347121e+00	-2.8775395140355e-01	2.9997442530627e+00	
15	4	-7.6922960125854e-02	1.0071164508675e+01	-2.6077476772565e-01	2.9982724645646e+00	
15	5	-1.7737083985773e-01	1.0089158696987e+01	-2.2445863490793e-01	2.9735363571387e+00	
15	6	-1.0738434613347e-01	9.9023963185591e+00	-2.3460308246709e-01	2.9385035917277e+00	
15	7	-1.4818772222706e-01	9.9902258901364e+00	-2.5317361400422e-01	2.9526114503728e+00	
15	8	-1.7702085371560e-01	1.0011388084110e+01	-2.3067966758801e-01	2.9503101691182e+00	
16	0	-1.9919481052520e-01	1.0320941940683e+01	-1.7563530240809e-01	3.0365241390475e+00	
16	1	-2.1029989462028e-01	1.0308865580263e+01	-1.0874103640792e-01	3.0295697056928e+00	
16	2	-1.7299446274994e-01	1.0253426030069e+01	-4.3925395013096e-02	3.0241294701957e+00	
16	3	-2.0617238917459e-01	1.0106966213115e+01	-2.0167790448579e-01	2.9702381471820e+00	
16	4	-2.0180322755588e-01	1.0172735610181e+01	-1.4489863813665e-01	2.9912797147876e+00	
16	5	-1.5009748852219e-01	1.0236802206297e+01	-7.5543517965593e-02	3.0260114153324e+00	
16	6	-1.6953379679479e-01	1.0040582576275e+01	-2.0100345664407e-01	2.9613146338442e+00	
16	7	-1.3698988597726e-01	1.0126336595255e+01	-1.4273343447278e-01	2.9968040127832e+00	
16	8	-1.0771044135899e-01	1.0199675993775e+01	-8.8661220922067e-02	3.0275896657249e+00	
17	0	-1.1995375143290e-01	1.0233241398051e+01	-6.7234842743333e-03	3.0339862939854e+00	
17	1	-5.1669548198416e-02	1.0207194468008e+01	3.1388002037101e-02	3.0466574759430e+00	
17	2	-2.9342315034342e-02	1.0176011293051e+01	3.7683285515658e-02	3.0440006934050e+00	
17	3	-1.1056939490187e-01	1.0250605035487e+01	-3.6926499169852e-02	3.0420106921755e+00	
17	4	-7.4960597812951e-02	1.0214209483064e+01	1.1300102902804e-03	3.0417746655754e+00	
17	5	-6.5970110352625e-02	1.0148335893989e+01	1.0926264836954e-02	3.0247097350908e+00	
17	6	-1.0235229754224e-01	1.0211171964056e+01	-6.4197401206806e-02	3.0326458999543e+00	
17	7	-1.0118533523485e-01	1.0179195655911e+01	-3.5533646235197e-02	3.0234030962029e+00	
17	8	-8.8527727256825e-02	1.0128613224710e+01	-1.6780887866620e-02	3.0120256492360e+00	
18	0	-3.6798677401194e-02	1.0151485853555e+01	3.0547554202607e-02	3.0344061528461e+00	
18	1	-4.1269056575850e-02	1.0113559186720e+01	2.5273996517999e-02	3.0216870390432e+00	
18	2	-2.8415323413826e-02	1.0084482988130e+01	2.9810881424837e-02	3.0168202994149e+00	
18	3	-6.2534206081805e-02	1.0119597400376e+01	9.7687637339792e-03	3.0171189582883e+00	
18	4	-4.5813748254647e-02	1.0100386613220e+01	1.4197754172880e-02	3.0163718594896e+00	
18	5	-2.5083527605506e-02	1.0094090732598e+01	2.3676892296832e-02	3.0207021614977e+00	
18	6	-6.8605519240108e-02	1.0111135320215e+01	-7.2761933670088e-03	3.0127589402926e+00	
18	7	-3.6872042451816e-02	1.0099948033807e+01	7.0616630105630e-03	3.0189227974066e+00	
18	8	-2.0798865936015e-02	1.0091170860121e+01	1.6112712574041e-02	3.0211115982556e+00	
19	0	-1.4174216498779e-02	1.0071446580311e+01	3.5043114067114e-02	3.0171817091436e+00	
19	1	9.8358818273514e-04	1.0047229051885e+01	3.6816924670557e-02	3.0144637920203e+00	
19	2	1.6034656695698e-03	1.0020007918295e+01	2.9577494807154e-02	3.0064834151893e+00	
19	3	-1.6431087937079e-02	1.0084281907336e+01	2.8651658287321e-02	3.0203552458196e+00	
19	4	-1.0499089925271e-02	1.0052432721336e+01	2.9791175456318e-02	3.0125800894233e+00	
19	5	-8.9917619217861e-03	1.0018048102137e+01	2.4256050537063e-02	3.0027169020644e+00	
19	6	-2.1392638790186e-02	1.0078472655059e+01	1.7960848359547e-02	3.0171240048807e+00	
19	7	-2.2372773330922e-02	1.0048394478206e+01	1.8363453308478e-02	3.0078065114627e+00	
19	8	-1.5486511580079e-02	1.0021096121563e+01	1.7534816830737e-02	3.0016828829949e+00	
20	0	-3.5187262851144e-03	1.0003507646959e+01	2.2547071575611e-02	2.9999966762023e+00	
20	1	-5.3288460019454e-03	9.9803419882617e+00	1.3558870353604e-02	2.9925039426779e+00	
20	2	2.9035482152686e-03	9.9619858793722e+00	7.2811015389423e-03	2.9894668282762e+00	
20	3	-6.8620976002460e-03	1.0004516623833e+01	1.9800476851027e-02	2.9992963578699e+00	
20	4	-1.0186781970472e-03	9.9920503142583e+00	1.3275404439271e-02	2.9973094908184e+00	
20	5	2.1293386239130e-05	9.9755060578242e+00	5.0369861779115e-03	2.9926582053631e+00	
20	6	-6.4619645405397e-03	1.0011669386365e+01	1.7068622722920e-02	3.0015622265474e+00	
20	7	2.5751151599787e-03	1.0000707960693e+01	1.2658258721031e-02	3.0009849227560e+00	
20	8	-3.1887889503412e-03	9.9850950310662e+00	1.5580613297949e-03	2.9945718726348e+00	
21	0	5.1457544164905e-01	9.4182223361333e+00	1.4446964742574e-01	2.9798393333347e+00	
21	1	5.3542602435225e-02	9.5421696196900e+00	-9.9804256957391e-02	2.8787136666376e+00	
21	2	-1.4239491014588e-01	9.7254323182419e+00	-2.2540727916649e-01	2.8749112224288e+00	
21	3	4.9184786011622e-01	1.0103981061364e+01	6.9726993877774e-02	3.1787486764440e+00	
21	4	1.1770868474104e-01	9.7478074708508e+00	-1.6212309608857e-01	2.9596548466776e+00	
21	5	-3.5454896695537e-02	9.7448826280191e+00	-2.3814883984327e-01	2.9128283193971e+00	
21	6	4.1831284156617e-02	1.0052911573835e+01	-7.3374437129223e-02	3.0284228573975e+00	
21	7	1.3184537348036e-01	9.8468698119248e+00	-1.5645058165534e-01	2.9936145556215e+00	
21	8	1.4033009984628e-01	9.8380619310349e+00	-1.8182877474537e-01	2.9935176092644e+00	
22	0	-1.5416032623241e-01	9.8333174956958e+00	-2.5080422911006e-01	2.9037471508390e+00	
22	1	-1.5914414607919e-01	9.9519947530656e+00	-2.5762326020514e-01	2.9378551820959e+00	
22	2	-1.4769183591629e-01	1.0023323203971e+01	-2.2525906674198e-01	2.9626894104164e+00	
22	3	-6.5285112524319e-02	9.8104664135984e+00	-2.4635217794573e-01	2.9235543903222e+00	
22	4	-8.3365578633426e-02	9.9338965632084e+00	-2.3780267027312e-01	2.9551592953725e+00	
22	5	-7.5778524556837e-02	1.0040842447682e+01	-2.0391138828703e-01	2.9895191769374e+00	
22	6	8.9269416323226e-02	9.8617248432970e+00	-1.9067820451984e-01	2.9852982778861e+00	
22	7	2.3964293162827e-02	9.9402637766196e+00	-1.9188967418656e-01	2.9892684209347e+00	
22	8	-1.2599119645370e-02	1.0026494922857e+01	-1.7583164309641e-01	3.0041687409636e+00	
23	0	-1.2665802898514e-01	1.0063647852952e+01	-1.9104575920168e-01	2.9810969471899e+00	
23	1	-9.8614697568489e-02	1.0126615715812e+01	-1.3756776347497e-01	3.0084003054731e+00	
23	2	-9.3417995462354e-02	1.0162463426593e+01	-9.7335157550793e-02	3.0207136293393e+00	
23	3	-6.6352837605717e-02	1.0082867060696e+01	-1.7503850828152e-01	3.0049542669271e+00	
23	4	-6.7240215983098e-02	1.0109976460224e+01	-1.3711975668597e-01	3.0128208732722e+00	
23	5	-8.1497242550546e-02	1.0106331871624e+01	-1.1119584327458e-01	3.0074503887219e+00	
23	6	-3.0106071009276e-02	1.0058274989345e+01	-1.6096407909156e-01	3.0084506755009e+00	
23	7	-5.7539774897926e-02	1.0074193938099e+01	-1.3853837984145e-01	3.0049962489604e+00	
23	8	-6.8554373123067e-02	1.0071973541409e+01	-1.1627026848898e-01	3.0010257504859e+00	
24	0	-1.0229952853465e-01	1.0163814854582e+01	-8.0423108001255e-02	3.0184545978142e+00	
24	1	-1.0747815255240e-01	1.0146134607547e+01	-5.3899227355110e-02	3.0115969364983e+00	
24	2	-8.7679644547876e-02	1.0123479858417e+01	-2.8602831953105e-02	3.0107400641609e+00	
24	3	-8.9550533832906e-02	1.0103315434895e+01	-9.7932884651254e-02	3.0041294703186e+00	
24	4	-8.6948690799841e-02	1.0108537492451e+01	-7.0287754985972e-02	3.0064766404953e+00	
24	5	-6.6917814385662e-02	1.0115463401399e+01	-4.1006308918471e-02	3.0145636761040e+00	
24	6	-6.2626494446530e-02	1.0076099307941e+01	-1.0096367339584e-01	3.0040418440482e+00	
24	7	-4.9189271904531e-02	1.0090498264665e+01	-7.3269535166769e-02	3.0123926978282e+00	
24	8	-4.0433646672758e-02	1.0099305023344e+01	-4.8633142476163e-02	3.0176614130014e+00	
25	0	-6.3337000893976e-02	1.0115564384865e+01	-1.4585888555808e-02	3.0156682151912e+00	
25	1	-3.2686692079356e-02	1.0101764675269e+01	1.9995458122828e-03	3.0207233949570e+00	
25	2	-2.2636727271319e-02	1.0082335355462e+01	9.2532211909379e-03	3.0179095884572e+00	
25	3	-5.0927371889320e-02	1.0114032217074e+01	-2.6153038576214e-02	3.0189314535555e+00	
25	4	-3.4672182963044e-02	1.0094699603566e+01	-1.0444729450669e-02	3.0180082261809e+00	
25	5	-2.9301929710104e-02	1.0066873651386e+01	-3.4320950881172e-03	3.0112715165027e+00	
25	6	-3.9722761473024e-02	1.0095732550344e+01	-3.7660367819251e-02	3.0168029366612e+00	
25	7	-3.8896236046345e-02	1.0077264121247e+01	-2.4102558162661e-02	3.0115103655602e+00	
25	8	-3.2214919646435e-02	1.0056033033007e+01	-1.4010214678806e-02	3.0071454340082e+00	
26	0	-2.5582527775605e-02	1.0067465031692e+01	1.0084419850460e-02	3.0125647511748e+00	
26	1	-2.5427751466165e-02	1.0043923203822e+01	1.1753988391710e-02	3.0055486357068e+00	
26	2	-1.5066158245295e-02	1.0025749812675e+01	1.4008783811766e-02	3.0032050963289e+00	
26	3	-2.7958098511384e-02	1.0053427037948e+01	-1.0454041122810e-03	3.0076406818309e+00	
26	4	-2.0787636634918e-02	1.0040154643803e+01	4.2156242129711e-03	3.0058101021504e+00	
26	5	-1.0207921581822e-02	1.0031021006675e+01	8.8093862176377e-03	3.0062439255281e+00	
26	6	-2.3870073193184e-02	1.0047840435835e+01	-8.4149871691001e-03	3.0071911087925e+00	
26	7	-1.1410860123578e-02	1.0038883964439e+01	-4.6497698881103e-04	3.0082419312946e+00	
26	8	-5.4522437058493e-03	1.0029657165411e+01	3.5517905310773e-03	3.0072614765117e+00	
27	0	-5.1306234956430e-03	1.0017917402815e+01	1.4999780329979e-02	3.0038360337959e+00	
27	1	2.3657928757483e-03	1.0003564950668e+01	1.1137632917210e-02	3.0017792230632e+00	
27	2	-3.5469822882135e-03	9.9896543137414e+00	3.1475850678020e-04	2.9958321994360e+00	
27	3	-4.6202753759887e-03	1.0023418783333e+01	9.8425787219777e-03	3.0056395523870e+00	
27	4	-1.4113029754057e-03	1.0005983666303e+01	6.9830070055478e-03	3.0013717089984e+00	
27	5	-9.6936417860771e-04	9.9971560695244e+00	8.7854729237752e-04	2.9988560116037e+00	
27	6	-5.7301073425613e-03	1.0021538929358e+01	3.5384861590283e-03	3.0047426466047e+00	
27	7	-5.0833067365943e-03	1.0007297278167e+01	2.4656782055486e-03	3.0006641914291e+00	
27	8	2.1764969647347e-03	1.0002917486017e+01	2.2846057078105e-03	3.0015281948944e+00	
28	0	-1.6223230425687e-01	9.8236848922516e+00	-9.5690895377800e-02	2.8984357763984e+00	
28	1	1.1887633543953e-01	9.8597270173947e+00	-9.5427050860434e-02	2.9935810058503e+00	
28	2	1.8687012085544e-01	9.8864600031585e+00	-1.1972889953028e-01	3.0219990372042e+00	
28	3	-9.8541506192777e-02	9.6885787781966e+00	-4.6709752628729e-02	2.8770111816012e+00	
28	4	9.4033117289636e-02	9.8724133525589e+00	-1.5789356017194e-02	2.9899339409546e+00	
28	5	1.3198918200592e-01	9.9079517182572e+00	-5.6274814880760e-02	3.0119822700789e+00	
28	6	1.8275636250916e-01	9.8158618924218e+00	1.5747085009560e-02	2.9995854764793e+00	
28	7	8.5098906863033e-02	9.8889727562400e+00	-8.0522260698594e-03	2.9922214989309e+00	
28	8	3.9054688084931e-02	9.9032589740122e+00	-5.3026488707433e-02	2.9826940986292e+00	
29	0	1.3561613991035e-01	9.8924018644402e+00	-1.4100855475432e-01	3.0084054013052e+00	
29	1	5.9680837898737e-02	9.9382183878563e+00	-1.6054202935329e-01	2.9993697677265e+00	
29	2	7.6928422532569e-03	1.0000651671672e+01	-1.5965539030185e-01	3.0025033541776e+00	
29	3	1.0678971756704e-01	9.9073940135172e+00	-8.7056135319272e-02	3.0042551193253e+00	
29	4	6.5304805229860e-02	9.9309147311390e+00	-1.2080651794869e-01	2.9988658609107e+00	
29	5	2.7778375762497e-02	9.9703392025354e+00	-1.3367518816170e-01	2.9994352734894e+00	
29	6	4.5633169294241e-02	9.9160784558416e+00	-7.3759995541255e-02	2.9885134875408e+00	
29	7	5.3249911898086e-02	9.9429134878598e+00	-9.8097656627041e-02	2.9988490199274e+00	
29	8	4.5280893137296e-02	9.9702088477416e+00	-1.1075329718701e-01	3.0046469222637e+00	
30	0	-1.8492549642610e-02	1.0027035076997e+01	-1.5252595036945e-01	3.0025627582063e+00	
30	1	-4.9396212935419e-02	1.0050816913409e+01	-1.3565096583299e-01	3.0004262101419e+00	
30	2	-5.4186154342080e-02	1.0063730575672e+01	-1.1284804546117e-01	3.0028633263989e+00	
30	3	5.0880848759904e-03	9.9918059976981e+00	-1.3398811802686e-01	2.9990682247722e+00	
30	4	-1.8927876643148e-02	1.0025419243651e+01	-1.2363363478835e-01	3.0019474101023e+00	
30	5	-2.2686105313798e-02	1.0052432338184e+01	-1.0372682155392e-01	3.0089238698610e+00	
30	6	3.4217961321656e-02	9.9858707320423e+00	-1.1315636419572e-01	3.0060266080092e+00	
30	7	1.9663563932968e-02	1.0015233827645e+01	-1.0777109375166e-01	3.0104692174735e+00	
30	8	9.0466562056850e-03	1.0038997423109e+01	-9.4459200650997e-02	3.0144132237945e+00	
31	0	-4.3760725663761e-02	1.0072798570345e+01	-9.6942870852161e-02	3.0087113534045e+00	
31	1	-3.1060896833988e-02	1.0083460635552e+01	-7.2340976738922e-02	3.0157199216155e+00	
31	2	-3.0339534167491e-02	1.0083533993953e+01	-5.2977840225646e-02	3.0159583379357e+00	
31	3	-1.7545310841527e-02	1.0062980763812e+01	-9.0302670795015e-02	3.0136306358912e+00	
31	4	-1.5283691934847e-02	1.0066023691404e+01	-7.2114675058671e-02	3.0152219998408e+00	
31	5	-2.0073192463100e-02	1.0058420577494e+01	-5.8200895055640e-02	3.0115042155094e+00	
31	6	2.8562053570500e-03	1.0045842457735e+01	-8.5377746473398e-02	3.0146095989276e+00	
31	7	-6.6289672641950e-03	1.0046032320769e+01	-7.1763292244296e-02	3.0118210060515e+00	
31	8	-1.0446160266540e-02	1.0041093318350e+01	-5.8743150306888e-02	3.0091941474250e+00	
32	0	-3.5025042016836e-02	1.0077880929736e+01	-4.4263447554605e-02	3.0128567663158e+00	
32	1	-3.7412297468374e-02	1.0064995638235e+01	-3.0687319250282e-02	3.0082750022301e+00	
32	2	-2.8910038411484e-02	1.0052945463860e+01	-1.8039452266392e-02	3.0072106276347e+00	
32	3	-2.3743340129601e-02	1.0053730135479e+01	-5.0579535779213e-02	3.0089960386047e+00	
32	4	-2.3734573905716e-02	1.0050088735067e+01	-3.6163971130802e-02	3.0079062483484e+00	
32	5	-1.6856498432667e-02	1.0047523396352e+01	-2.2097522898851e-02	3.0092000693757e+00	
32	6	-8.6662792231511e-03	1.0040018037863e+01	-5.0422948295044e-02	3.0094055275921e+00	
32	7	-5.1478213537353e-03	1.0040194014074e+01	-3.6213780244490e-02	3.0105138578161e+00	
32	8	-3.9192753011141e-03	1.0038208290431e+01	-2.4097750492255e-02	3.0102867045389e+00	
33	0	-1.9106616674400e-02	1.0047756252517e+01	-1.1132666902819e-02	3.0085948907527e+00	
33	1	-7.6258718135893e-03	1.0037550492388e+01	-3.0264748646033e-03	3.0089773861724e+00	
33	2	-4.7805012644906e-03	1.0025314886474e+01	8.4826594490800e-05	3.0061603155629e+00	
33	3	-1.1186613406824e-02	1.0044017954726e+01	-1.5259127060367e-02	3.0098494023959e+00	
33	4	-6.1152014128787e-03	1.0031917187193e+01	-7.9739647119680e-03	3.0077405957339e+00	
33	5	-5.1296678189194e-03	1.0018509469849e+01	-4.7118621168842e-03	3.0040139406089e+00	
33	6	-4.9042184661037e-03	1.0034157012895e+01	-1.8778307019313e-02	3.0087758383287e+00	
33	7	-6.2425843888994e-03	1.0023860569937e+01	-1.2133633698522e-02	3.0052853956644e+00	
33	8	-4.5188358761088e-03	1.0014593025700e+01	-7.2167771103299e-03	3.0030222569471e+00	
34	0	-6.3940402689413e-03	1.0017730295964e+01	-4.5884004579774e-05	3.0034008767084e+00	
34	1	-5.1943480778105e-03	1.0008349065079e+01	4.0584596053232e-04	3.0009464151004e+00	
34	2	2.6242826430662e-03	1.0004755796126e+01	2.2286866263850e-03	3.0022140236307e+00	
34	3	-4.8834167502427e-03	1.0013334465188e+01	-3.6564094338671e-03	3.0025353145312e+00	
34	4	-2.0848312882142e-03	1.0009786481645e+01	-1.2457305857049e-03	3.0023104951071e+00	
34	5	6.7165125971247e-04	1.0005030203207e+01	4.9532450644961e-04	3.0017105563399e+00	
34	6	-1.4896445979478e-03	1.0011831994879e+01	-4.6093150162712e-03	3.0031027050844e+00	
34	7	1.3693663774381e-03	1.0009003960592e+01	-1.5737084646879e-03	3.0031119980908e+00	
34	8	-1.8662917867411e-03	1.0002863216804e+01	-1.4532040342079e-03	3.0002990775053e+00	
35	0	2.8308975715854e-01	9.9308139960225e+00	2.0112433182613e-02	3.0641711259543e+00	
35	1	9.4163610076973e-02	9.9034927423297e+00	-3.9435686460903e-02	2.9992969057220e+00	
35	2	2.9886368999517e-02	9.9149313348071e+00	-7.1029722438401e-02	2.9834453111420e+00	
35	3	2.2395415232215e-01	9.9962684453598e+00	-2.7158123499287e-03	3.0660667793046e+00	
35	4	1.3203161347008e-01	9.9377880680944e+00	-6.5874810096011e-02	3.0209459044693e+00	
35	5	1.0383258523341e-01	9.9605122806661e+00	-7.7289696209066e-02	3.0193034597698e+00	
35	6	9.3684196491672e-02	9.9683933847221e+00	-1.9049120447987e-02	3.0186232743641e+00	
35	7	1.7515408106965e-01	9.9743446251316e+00	-4.1632025321167e-02	3.0448496118604e+00	
35	8	1.9260931832213e-01	9.9954643188469e+00	-5.2111931240744e-02	3.0564220911507e+00	
36	0	4.3875748719723e-02	9.9375558990239e+00	-7.9000140524279e-02	2.9944294943231e+00	
36	1	6.1146632975465e-02	9.9662930244662e+00	-9.0700961330691e-02	3.0082318972325e+00	
36	2	5.9508170983685e-02	9.9843086610758e+00	-9.9395280584940e-02	3.0131450496178e+00	
36	3	1.0243661107982e-01	9.9804884381158e+00	-7.6659451131696e-02	3.0248775147587e+00	
36	4	9.4679573299310e-02	9.9961029374998e+00	-7.9804695534612e-02	3.0272347532397e+00	
36	5	8.2404296676180e-02	9.9993688787007e+00	-8.4270851514879e-02	3.0245319526131e+00	
36	6	1.6960278884184e-01	9.9979939236250e+00	-5.8958355810936e-02	3.0502790137401e+00	
36	7	1.3160221731480e-01	9.9983038340455e+00	-6.7489896062426e-02	3.0389718154081e+00	
36	8	1.0570356674557e-01	9.9995948199818e+00	-7.0328104902015e-02	3.0315895160182e+00	
37	0	5.2120922384550e-02	9.9938009820178e+00	-1.0169212820555e-01	3.0137765713207e+00	
37	1	3.9263078037489e-02	1.0013134396952e+01	-9.8951955039570e-02	3.0157192424970e+00	
37	2	2.4439097343692e-02	1.0029241573477e+01	-8.9896021531941e-02	3.0161042012462e+00	
37	3	7.5585537177949e-02	1.0001617973434e+01	-8.5282603272045e-02	3.0231610531836e+00	
37	4	6.2743915372623e-02	1.0008564647405e+01	-8.4133395253454e-02	3.0213925688333e+00	
37	5	4.6550276222878e-02	1.0015819892789e+01	-7.9161315850145e-02	3.0187110507036e+00	
37	6	9.6110022674630e-02	1.0001714892152e+01	-6.9511405520984e-02	3.0293474744481e+00	
37	7	8.0533087529759e-02	1.0005111319190e+01	-6.7492364074549e-02	3.0256933220158e+00	
37	8	6.5112587549770e-02	1.0008343514555e+01	-6.3792043097588e-02	3.0220368306314e+00	
38	0	1.3965994241678e-02	1.0033815484287e+01	-8.2924850366191e-02	3.0143344435586e+00	
38	1	1.1864450918271e-03	1.0035915760158e+01	-7.0235179720889e-02	3.0111306615750e+00	
38	2	-1.8676711109205e-03	1.0035608522720e+01	-5.6427339057171e-02	3.0101222554828e+00	
38	3	3.5483544594033e-02	1.0018812109543e+01	-7.4327172744817e-02	3.0162886962412e+00	
38	4	2.1906509132102e-02	1.0023716733274e+01	-6.3173743325732e-02	3.0136869727218e+00	
38	5	1.5815274095201e-02	1.0027267900681e+01	-5.0080597230888e-02	3.0129249524327e+00	
38	6	5.6438315988124e-02	1.0010490737389e+01	-6.0185477276034e-02	3.0200787160131e+00	
38	7	4.3288642428355e-02	1.0014617547667e+01	-5.1669534969340e-02	3.0173718570285e+00	
38	8	3.1565858049205e-02	1.0017035363310e+01	-4.1704476086084e-02	3.0145803664078e+00	
39	0	9.7141042564974e-04	1.0036036724206e+01	-4.7856909137107e-02	3.0111024403896e+00	
39	1	3.3854768265265e-03	1.0034748007135e+01	-3.4927804319390e-02	3.0114400451885e+00	
39	2	1.0538045418000e-03	1.0030114827269e+01	-2.4851483554705e-02	3.0093505895432e+00	
39	3	1.4956973142286e-02	1.0027809970206e+01	-4.2493381620229e-02	3.0128300830045e+00	
39	4	1.1546579984371e-02	1.0024100895108e+01	-3.2144680645811e-02	3.0106942425277e+00	
39	5	6.3988668693877e-03	1.0018071627419e+01	-2.4179346877770e-02	3.0073411482866e+00	
39	6	2.5027606242799e-02	1.0016619406922e+01	-3.5986556514469e-02	3.0124941039494e+00	
39	7	1.5694693133263e-02	1.0013523178292e+01	-2.7651043095174e-02	3.0087653614276e+00	
39	8	1.0148939695660e-02	1.0010281213277e+01	-2.0357998803918e-02	3.0061290458917e+00	
40	0	-2.1324838333854e-03	1.0025977213252e+01	-2.0297860024575e-02	3.0071534188255e+00	
40	1	-4.7866618236050e-03	1.0019164632676e+01	-1.3427783917232e-02	3.0043133912558e+00	
40	2	-2.6916679005300e-03	1.0013900609944e+01	-7.4497817028209e-03	3.0033626826130e+00	
40	3	3.5360601109966e-03	1.0015380527754e+01	-1.9975277626698e-02	3.0056749763596e+00	
40	4	1.3070379797311e-03	1.0013472021762e+01	-1.2878507914509e-02	3.0044337179226e+00	
40	5	1.4544322713306e-03	1.0011974761335e+01	-6.8459744628017e-03	3.0040287580820e+00	
40	6	8.9792043826149e-03	1.0009510496795e+01	-1.6191682808823e-02	3.0055469103533e+00	
40	7	7.0883236216748e-03	1.0008984792936e+01	-9.9651662274079e-03	3.0048219349672e+00	
40	8	4.0978986248117e-03	1.0007528499730e+01	-5.5286833346173e-03	3.0034879195065e+00	
41	0	3.9795068154813e-04	1.0011724425672e+01	-4.4419703404009e-03	3.0036367129062e+00	
41	1	1.8792100249394e-03	1.0006980305301e+01	-1.7032532944303e-03	3.0026578545979e+00	
41	2	-2.2238041662268e-03	1.0001206772709e+01	-1.8313949447028e-03	2.9996948905630e+00	
41	3	1.8417232282042e-03	1.0009771217279e+01	-4.3119243297915e-03	3.0034838821523e+00	
41	4	8.4657586903969e-04	1.0003607543908e+01	-2.0351893616120e-03	3.0013362359332e+00	
41	5	-1.5178264833438e-04	1.0000041031273e+01	-8.9373533412833e-04	2.9999667745875e+00	
41	6	1.7162350688054e-03	1.0005545870595e+01	-3.9204368922879e-03	3.0021786316993e+00	
41	7	-2.6101508335152e-04	1.0001726678875e+01	-1.7313567049717e-03	3.0004396991375e+00	
41	8	1.8332139336739e-03	9.9997966035749e+00	5.4921432164182e-04	3.0004889452526e+00	
42	0	9.3958818110862e-02	9.9582965107541e+00	-1.0101868572216e-02	3.0156765986595e+00	
42	1	1.9171434515324e-01	9.9909791352928e+00	-8.1164018074562e-03	3.0548080441338e+00	
42	2	2.0653769502677e-01	9.9931130614198e+00	-2.9113846246681e-02	3.0598952269340e+00	
42	3	2.3335747991237e-01	9.9922719694066e+00	4.8651195807257e-03	3.0676888347957e+00	
42	4	2.0959088245243e-01	9.9982953575660e+00	8.9573873035781e-03	3.0623658720055e+00	
42	5	1.8852478887560e-01	9.9797106882991e+00	-1.0703250200823e-02	3.0504706431524e+00	
42	6	2.8874286303228e-01	9.9851683806476e+00	-7.5168331461470e-03	3.0821733731040e+00	
42	7	2.6595302727210e-01	9.9988081294619e+00	-2.9414592432962e-02	3.0794283470202e+00	
42	8	2.4885173055071e-01	1.0013596277739e+01	-1.3015650124415e-02	3.0787344024870e+00	
43	0	1.8274101713853e-01	9.9861270412054e+00	-4.4034377974450e-02	3.0506604175032e+00	
43	1	1.4684381487780e-01	9.9858923643796e+00	-5.8050879430512e-02	3.0398208537772e+00	
43	2	1.2192706978132e-01	9.9949437750401e+00	-6.0365413994640e-02	3.0350612534464e+00	
43	3	1.8415129366403e-01	9.9755449905964e+00	-2.2525718974715e-02	3.0479088852781e+00	
43	4	1.7519719895950e-01	9.9826009975766e+00	-3.3692239632327e-02	3.0473394589608e+00	
43	5	1.5656953563442e-01	9.9946814640091e+00	-3.6712684764407e-02	3.0453752998931e+00	
43	6	2.3865673735915e-01	1.0016951344595e+01	-3.8696432239187e-03	3.0766824245861e+00	
43	7	2.1341830544286e-01	1.0010299849914e+01	-2.7063196668487e-03	3.0671154466069e+00	
43	8	1.8224291146923e-01	9.9988191498652e+00	-9.6351355517768e-03	3.0543186184003e+00	
44	0	1.1043224249492e-01	1.0000087830994e+01	-5.8798464481315e-02	3.0331560220467e+00	
44	1	9.1664222675650e-02	1.0004762756816e+01	-5.6155333762174e-02	3.0289280938476e+00	
44	2	7.4854192895097e-02	1.0006670455876e+01	-5.2775112181938e-02	3.0244573946314e+00	
44	3	1.3977741372578e-01	9.9988195857987e+00	-3.6577279242475e-02	3.0415790998574e+00	
44	4	1.1252740919030e-01	1.0002477643850e+01	-3.5075934773315e-02	3.0345015159120e+00	
44	5	8.9745243810145e-02	1.0003751480771e+01	-3.2318679894904e-02	3.0280490173743e+00	
44	6	1.6377601658809e-01	9.9952149222528e+00	-1.2314932715770e-02	3.0476972816523e+00	
44	7	1.3476733783856e-01	9.9970382088746e+00	-1.1880642307814e-02	3.0395416640140e+00	
44	8	1.0645819638121e-01	1.0001897825254e+01	-8.6555753958757e-03	3.0325068064907e+00	
45	0	6.6370449577478e-02	1.0007719942611e+01	-4.9880210383765e-02	3.0222271176565e+00	
45	1	5.2107574715103e-02	1.0009273628380e+01	-4.3560458917509e-02	3.0184143609286e+00	
45	2	3.7627918299586e-02	1.0009696021948e+01	-3.6037471259987e-02	3.0141971820743e+00	
45	3	7.8588231969039e-02	1.0003898533289e+01	-3.0324116235551e-02	3.0247460295773e+00	
45	4	6.0328520949234e-02	1.0002893344031e+01	-2.7008572935917e-02	3.0189665594940e+00	
45	5	4.3437025001853e-02	1.0001667952407e+01	-2.2979545209997e-02	3.0135314932228e+00	
45	6	8.9208421995774e-02	1.0002892060279e+01	-7.1756791006327e-03	3.0276301446825e+00	
45	7	6.2792040895922e-02	1.0001797722364e+01	-6.1855651714960e-03	3.0193769289780e+00	
45	8	4.2241159727486e-02	9.9998748959798e+00	-5.5076251048964e-03	3.0126348167122e+00	
46	0	2.9203116166881e-02	1.0009199713042e+01	-3.1351209360011e-02	3.0115208487627e+00	
46	1	1.8298048583213e-02	1.0008391925609e+01	-2.3700794420122e-02	3.0080069922578e+00	
46	2	1.2456577924128e-02	1.0007924848995e+01	-1.6613720726300e-02	3.0061144280758e+00	
46	3	3.4646796365831e-02	1.0001603798996e+01	-1.9922439955450e-02	3.0108751786086e+00	
46	4	2.2888538824553e-02	1.0003078042631e+01	-1.4484812915758e-02	3.0077899744368e+00	
46	5	1.4678241871795e-02	1.0004514126318e+01	-9.5806918873778e-03	3.0057577104570e+00	
46	6	3.3278256416549e-02	9.9994257579846e+00	-4.6036335971853e-03	3.0098112043203e+00	
46	7	2.0521312343440e-02	9.9994080510229e+00	-3.3850472086679e-03	3.0059788090099e+00	
46	8	1.0543976531521e-02	9.9998081371589e+00	-2.5645357680189e-03	3.0031056341071e+00	
47	0	1.1109382295566e-02	1.0007720169617e+01	-1.2799429615997e-02	3.0056488655739e+00	
47	1	8.0489798983328e-03	1.0006057011569e+01	-7.8219121679011e-03	3.0042317974401e+00	
47	2	3.9096112744721e-03	1.0003634691893e+01	-4.5905142935738e-03	3.0022632909501e+00	
47	3	1.1028376360020e-02	1.0004316160134e+01	-7.2733836221398e-03	3.0046033609483e+00	
47	4	5.5330423233979e-03	1.0001953745217e+01	-4.5324616310110e-03	3.0022460362621e+00	
47	5	2.0813569022229e-03	9.9998656009031e+00	-2.5016969753180e-03	3.0005840873416e+00	
47	6	5.9833746165694e-03	1.0000072150066e+01	-2.1160918980732e-03	3.0018166574047e+00	
47	7	8.1787709504688e-04	1.0000549643373e+01	-1.0747497144045e-03	3.0004102561405e+00	
47	8	-1.0498363750431e-03	1.0000693473359e+01	8.4216272104911e-05	2.9998930910951e+00	
48	0	1.4403891492600e-03	1.0002491109417e+01	-3.2563148172893e-03	3.0011794495700e+00	
48	1	4.5071087013682e-06	1.0001630678945e+01	-9.6716840496015e-04	3.0004905558163e+00	
48	2	1.2913506333341e-03	9.9993644952500e+00	8.7205863927787e-04	3.0001967537650e+00	
48	3	1.4787446394839e-03	1.0000058282687e+01	-1.2760042031059e-03	3.0004611081980e+00	
48	4	9.3270455699912e-04	1.0001295902204e+01	2.8286828525343e-04	3.0006685820284e+00	
48	5	-1.3637885504538e-03	9.9985766238039e+00	1.0666802645269e-04	2.9991638505760e+00	
48	6	-8.7514171961356e-04	1.0000377194713e+01	6.0796981463666e-04	2.9998506158980e+00	
48	7	-6.8520132178662e-04	9.9991975134200e+00	3.7802142976938e-04	2.9995536936295e+00	
48	8	4.8336640448365e-04	1.0000586746165e+01	-8.8857351463484e-05	3.0003210337710e+00	



Reaction Force
7.8386177928554e-01	 -2.0067895864863e+00	 
1.4121836783279e-01	 -5.2528988072030e+00	 
-6.7133715338762e-01	 -1.0150185792032e+01	 
-5.4025320193248e-01	 -1.4843705734163e+01	 
-1.0910656802141e-02	 -1.4671235963439e+01	 
6.3560034810123e-10	 -1.4482210377265e+01	 
3.2727801849096e-11	 -1.4368470055292e+01	 
-8.0326693871989e-10	 -1.0712579364327e+01	 
-1.3244292165053e-09	 -7.1101062097060e+00	 
-1.4578981464684e-10	 -3.5390735337356e+00	 
-1.5512808176786e+00	 -3.1422446860525e+00	 
4.6817776066896e-01	 -4.6753225452947e+00	 
2.3792269659758e-01	 -2.4246799979655e+00	 
-1.3918829324348e-01	 -3.7863773399554e-01	 
-5.4328474277571e-03	 -1.0189570490948e-03	 
-2.0606237532286e-11	 2.8612507554021e-09	 
4.5417604560909e-10	 8.6991261617140e-11	 
2.6783873188216e-10	 4.2241230084023e-10	 
3.2840019171651e-10	 -7.6179146685719e-10	 
3.2343752106250e-10	 2.7068701883070e-10	 
-2.7009051264169e+00	 -1.1444230015039e-01	 
2.2059251469218e+00	 1.5907540984251e+00	 
1.7608029356021e+00	 1.3503908037891e+00	 
3.1850798757121e-01	 2.6107877644193e-01	 
-5.8299142499240e-04	 6.3420040528538e-05	 
-1.1266979060779e-09	 1.0483340335895e-09	 
1.1793038728134e-09	 5.1839309998642e-10	 
1.0838263676594e-09	 -1.0510209857386e-09	 
9.4537740081952e-11	 -4.1186392814680e-10	 
-1.1876701922977e-10	 -6.3581478725501e-10	 
-1.0390375429516e+00	 1.4634526977186e+00	 
9.8515000982726e-01	 2.0704112742775e+00	 
6.1397028581328e-01	 9.3321619452922e-01	 
1.0021164212346e-01	 1.2571666528716e-01	 
3.7071691824857e-06	 2.7894563261755e-05	 
-1.1962619985654e-09	 1.0530417992440e-09	 
1.0668988836679e-09	 1.9932091492764e-10	 
-4.6169965086300e-10	 1.1028420569881e-09	 
-1.2717805681787e-09	 -8.5457334542817e-10	 
-2.0738985699104e-09	 2.7706775631196e-10	 
-2.1359963868370e-01	 3.9448704462685e-02	 
8.3408051554399e-03	 3.0896874501929e-02	 
2.6812987514289e-03	 7.6034705700872e-03	 
2.2568295496454e-04	 5.4076234502675e-04	 
2.2854678088405e-11	 -8.9142123494433e-11	 
-1.1052962179380e-09	 -1.2491238730090e-10	 
-2.6369769571715e-09	 2.2033380406444e-10	 
5.8468046534264e-10	 -1.9044870224439e-10	 
1.5604621415977e-09	 5.9649215639248e-11	 
8.3723796102604e-10	 1.6736361804736e-09	 
-1.5481140673670e-01	 2.8861436931259e-10	 
1.8396861018389e-09	 1.8272364375453e-09	 
4.2372648111862e-10	 1.4276440552006e-10	 
-8.7398283186933e-10	 -4.6885131822087e-10	 
1.0736092011795e-10	 -1.3140054764611e-09	 
1.8899907460276e-11	 -4.2151302061992e-10	 
-9.9262070683975e-10	 -6.9101467507574e-10	 
-8.6686540222300e-12	 -3.5003315926148e-10	 
-1.5406554588289e-09	 2.2084673827063e-09	 
7.8071852539230e-10	 4.4628305774143e-10	 
-1.7542917448238e-01	 1.5141309333076e-10	 
-3.6907992893648e-10	 -1.2504416293477e-09	 
-1.0344303076633e-09	 -2.3465620431856e-10	 
-1.4873871324709e-09	 -5.4706678969009e-10	 
1.1469304751809e-09	 -1.0089436063642e-10	 
6.7032125160844e-11	 7.4333549821665e-10	 
9.5789944146629e-10	 1.3630743288057e-09	 
-8.4218648491785e-10	 1.6014841618652e-09	 
1.6147108076370e-09	 6.2049423655765e-10	 
-3.0378109154272e-10	 -4.2344358041549e-10	 
-1.8021183441631e-01	 -1.2749813436183e-09	 
-1.4219973108368e-09	 -6.7215811703125e-10	 
-1.0940574074061e-09	 -5.9054494678742e-10	 
-2.7706220051092e-10	 5.7363681607854e-10	 
2.8289796119917e-10	 1.8637436267616e-09	 
3.3364583373157e-09	 -8.1945432479722e-10	 
9.6870162467833e-10	 1.7662114675239e-09	 
2.2650029888103e-10	 4.4953246949329e-10	 
-1.6187970517572e-09	 5.8893515548019e-10	 
1.4997717061489e-09	 -9.6129736253298e-10	 
-1.4601768974170e-01	 4.1396173931424e-10	 
-1.9560677758410e-09	 2.9841949779841e-10	 
4.0495268058652e-10	 1.0094901350039e-10	 
1.0200611956434e-10	 1.7462437797140e-09	 
6.9261440152559e-10	 7.4221672357809e-10	 
1.1932145753321e-09	 -3.6590379312350e-09	 
7.7359421066538e-10	 1.8000295257879e-09	 
8.9596800753674e-10	 -1.3139662349351e-09	 
-6.2145639949923e-11	 -1.5626127639691e-09	 
6.6775925043491e-11	 -5.9329550172172e-10	 
-9.8001726242069e-02	 3.5714285699087e+00	 
1.0409318785818e-10	 7.1428571419411e+00	 
-1.8290175337337e-10	 1.0714285714691e+01	 
-6.6216808719678e-10	 1.4285714286344e+01	 
-6.4619690375055e-10	 1.4285714287589e+01	 
-5.5845163019751e-10	 1.4285714284909e+01	 
-1.1927092513590e-09	 1.4285714285537e+01	 
9.0768320952513e-12	 1.0714285714667e+01	 
7.9442462627007e-10	 7.1428571428302e+00	 
-2.0756469419416e-09	 3.5714285706266e+00	 
