E  nu

No_patch

Total_Control_Point

2	2

21	21

18	18

Patch_connectivity

Constraint	Load	DistributedForce

-1.0000000000 -1.0000000000 -1.0000000000 -0.9375000000 -0.8750000000 -0.8125000000 -0.7500000000 -0.6875000000 -0.6250000000 -0.5625000000 -0.5000000000 -0.4375000000 -0.3750000000 -0.3125000000 -0.2500000000 -0.1875000000 -0.1250000000 -0.0625000000 0.0000000000 0.0000000000 0.0000000000 
-1.0000000000 -1.0000000000 -1.0000000000 -0.9375000000 -0.8750000000 -0.8125000000 -0.7500000000 -0.6875000000 -0.6250000000 -0.5625000000 -0.5000000000 -0.4375000000 -0.3750000000 -0.3125000000 -0.2500000000 -0.1875000000 -0.1250000000 -0.0625000000 0.0000000000 0.0000000000 0.0000000000 

0	0.70710678118654757274 0.70710678118654757274 1.00000000000000000000
1	0.72410000507527549907 0.69011355729781953539 0.99524247078195537952
2	0.75655093736344247723 0.65438368247510358966 0.98691679465037751573
3	0.78747405916405344151 0.61683102844355919281 0.97978050082331069603
4	0.81672247992328594890 0.57755311671360931580 0.97383358930075492044
5	0.84415767536575336827 0.53666280684226552733 0.96907606008271041098
6	0.86965145159110335271 0.49428737851048981655 0.96550791316917694562
7	0.89308778330191618267 0.45056731588020498824 0.96312914856015452436
8	0.91436447407519783059 0.40565481548826892721 0.96193976625564336924
9	0.93339459094737597944 0.35971204924191091390 0.96193976625564348026
10	0.95010763220756078162 0.31290922332773268844 0.96312914856015463538
11	0.96445039588848269219 0.26542248148910457806 0.96550791316917694562
12	0.97638752657056848694 0.21743170671302408659 0.96907606008271041098
13	0.98590172922486807305 0.16911827857763070404 0.97383358930075503146
14	0.99299365030211161898 0.12066284418468599393 0.97978050082331058501
15	0.99768143749869941939 0.07224315874675894811 0.98691679465037740471
16	0.99999999999999988898 0.02403204769188168125 0.99524247078195537952
17	1.00000000000000000000 0.00000000000000000000 1.00000000000000000000
18	0.77875969427446789517 0.77875969427446789517 1.00000000000000000000
19	0.79555118816126879633 0.75968848197120919519 0.99539114357001934330
20	0.82755869815177640625 0.71972326699949229489 0.98732564481755313857
21	0.85799687023811233022 0.67785187568237548206 0.98041236017258226454
22	0.88672435980377195541 0.63418224467932859945 0.97465128963510627713
23	0.91360832034653238765 0.58883794687088397701 0.97004243320512573145
24	0.93852624032246489971 0.54195718429096984003 0.96658579088264007240
25	0.96136765401275137144 0.49369148636474430303 0.96428136266764963302
26	0.98203567921169065968 0.44420413628444310739 0.96312914856015452436
27	1.00044833875413807789 0.39366835822714107973 0.96312914856015463538
28	1.01653962910553707921 0.34226530690140721802 0.96428136266764985507
29	1.03026030715398797533 0.29018190810100608079 0.96658579088264007240
30	1.04157837557881793877 0.23760860413033449423 0.97004243320512573145
31	1.05047925724033608397 0.18473706086041841168 0.97465128963510649918
32	1.05696565940348508050 0.13175789363644299645 0.98041236017258204249
33	1.06105713872413298660 0.07885846730624716805 0.98732564481755313857
34	1.06278938727125993324 0.02622082144549851140 0.99539114357001934330
35	1.06250000000000000000 0.00000000000000000000 1.00000000000000000000
36	0.92206552045030842901 0.92206552045030876208 1.00000000000000000000
37	0.93838954126059825889 0.89877599918413308977 0.99568848914614704881
38	0.96939794043650839850 0.85024022820552846991 0.98814334515190460628
39	0.99877013881580234411 0.79965791242936912209 0.98167607887112540155
40	1.02637633420608609391 0.74715591828060823332 0.97628669030380921257
41	1.05209530814443708024 0.69287698038161671388 0.97197517944995637240
42	1.07581601341274790684 0.63697855480124954131 0.96874154630956654799
43	1.09743903921586505312 0.57963139152972764645 0.96658579088263996137
44	1.11687791584870899086 0.52101785086968688265 0.96550791316917672358
45	1.13406022450260790535 0.46132999721037998286 0.96550791316917705664
46	1.14892848317936491220 0.40076751134940707955 0.96658579088264018342
47	1.16144078626911095853 0.33953546872899897924 0.96874154630956654799
48	1.17157118289743999995 0.27784203532746687415 0.97197517944995637240
49	1.17930978728864199745 0.21589613526349368811 0.97628669030380932359
50	1.18466262271972189168 0.15390514432834651037 0.98167607887112506848
51	1.18765120874240492910 0.09207266168641509152 0.98814334515190460628
52	1.18831190883886894660 0.03059640803162115910 0.99568848914614704881
53	1.18750000000000000000 0.00000000000000000000 1.00000000000000000000
54	1.06537134662614896286 1.06537134662614896286 1.00000000000000000000
55	1.08114260729877798006 1.03778046891486197545 0.99598583472227486535
56	1.11100262950730011013 0.98054135934767305827 0.98896104548625607400
57	1.13918143647279790365 0.92115074878176483875 0.98293979756966831651
58	1.16556122245822191275 0.85975173515268865643 0.97792209097251192595
59	1.19003263370310508051 0.79650307742057757654 0.97390792569478690233
60	1.21249611713249794143 0.73157795929146673952 0.97089730173649302358
61	1.23286315451546690802 0.66516249425589557553 0.96889021909763028972
62	1.25105735187553590571 0.59745399698552592582 0.96788667777819903382
63	1.26701535728100389555 0.52865905363845644427 0.96788667777819925586
64	1.28068758456364295562 0.45899143013013160575 0.96889021909763051177
65	1.29203872585249590621 0.38866986260068991932 0.97089730173649302358
66	1.30104804183208999646 0.31791577789077418714 0.97390792569478690233
67	1.30770942506662191107 0.24695099365266490188 0.97792209097251214800
68	1.31203123827612810892 0.17599544769775909980 0.98293979756966831651
69	1.31403593580656696815 0.10526500434408660178 0.98896104548625585196
70	1.31375948241988704801 0.03496938200766647187 0.99598583472227486535
71	1.31250000000000000000 0.00000000000000000000 1.00000000000000000000
72	1.20867717280199005181 1.20867717280199005181 1.00000000000000000000
73	1.22381046263882509173 1.17670196552117500843 0.99628318029840268188
74	1.25237334668874189525 1.11062719534643106201 0.98977874582060731967
75	1.27923215752261310030 1.04233159118880291949 0.98420351626821134250
76	1.30428136400327199240 0.97197158782506243302 0.97955749164121475037
77	1.32742356299922392715 0.89971869156888262253 0.97584067193961754327
78	1.34857060356719204997 0.82575820230202456873 0.97305305716341949918
79	1.36764460739276105805 0.75028770453418636155 0.97119464731262072910
80	1.38457886218485204388 0.67351535164474451989 0.97026544238722134406
81	1.39931856750166594416 0.59565797365314920864 0.97026544238722145508
82	1.41182141604625410736 0.51693904417298108811 0.97119464731262095114
83	1.42205799767479690310 0.43758654637844940360 0.97305305716341949918
84	1.43001201803886290875 0.35783078065632001330 0.97584067193961754327
85	1.43568032873705897501 0.27790215800323292417 0.97955749164121486139
86	1.43907277086966089996 0.19802902310600720148 0.98420351626821134250
87	1.44021183875925196105 0.11843554943730739970 0.98977874582060731967
88	1.43913217512009095067 0.03933974571287310318 0.99628318029840268188
89	1.43750000000000000000 0.00000000000000000000 1.00000000000000000000
90	1.35198299897783091872 1.35198299897783091872 1.00000000000000000000
91	1.36639318355262306959 1.31554056327210711075 0.99658052587453038740
92	1.39351067138597795037 1.24049826935607998557 0.99059644615495878739
93	1.41892368912674093906 1.16320163991134006842 0.98546723496675436849
94	1.44253908268728592290 1.08381735620974795076 0.98119289230991757478
95	1.46427133618630400669 1.00252625700785902296 0.97777341818444807320
96	1.48404348897283488995 0.91952206357493204703 0.97520881259034597477
97	1.50178796170237194296 0.83500990480187986531 0.97349907552761116847
98	1.51744727397986589601 0.74920466469352364758 0.97264420699624376532
99	1.53097463832259794714 0.66232917946643621310 0.97264420699624376532
100	1.54233441796917802868 0.57461231565064774252 0.97349907552761139051
101	1.55150243927157704960 0.48628696384450281753 0.97520881259034597477
102	1.55846615293455892370 0.39758798495798292061 0.97777341818444807320
103	1.56322464207428502014 0.30875014681049489651 0.98119289230991757478
104	1.56578847880959992622 0.22000608878922101042 0.98546723496675436849
105	1.56617943472995291287 0.13158435094530099296 0.99059644615495867637
106	1.56443005396517098582 0.04370750148368791888 0.99658052587453038740
107	1.56250000000000000000 0.00000000000000000000 1.00000000000000000000
108	1.49528882515367089745 1.49528882515367200767 1.00000000000000000000
109	1.50889084622105196232 1.45429633634808208598 0.99687787145065831496
110	1.53441518109262098335 1.37015511277195201068 0.99141414648931025511
111	1.55825741134045592240 1.28376208906147692979 0.98673095366529750549
112	1.58033668688903494726 1.19529090770626589268 0.98282829297862051021
113	1.60057916784939791022 1.10492818871040210382 0.97970616442927860312
114	1.61891875417109210034 1.01287229832728997714 0.97736456801727245036
115	1.63529773818747492520 0.91933195026794811699 0.97580350374260138580
116	1.64966736735605490338 0.82452465914283434856 0.97502297160526596453
117	1.66198830622390203438 0.72867506965240358419 0.97502297160526596453
118	1.67223098872967890216 0.63201318820059160242 0.97580350374260160784
119	1.68037585432086600257 0.53477254604297730367 0.97736456801727245036
120	1.68641346393577196139 0.43718832470145718716 0.97970616442927860312
121	1.69034449458389501864 0.33949547511869732075 0.98282829297862051021
122	1.69217961395909899380 0.24192686186553968852 0.98673095366529750549
123	1.69193923914208599335 0.14471146266920689727 0.99141414648931014408
124	1.68965318590084501160 0.04807265165377017785 0.99687787145065831496
125	1.68750000000000000000 0.00000000000000000000 1.00000000000000000000
126	1.63859465132951198640 1.63859465132951198640 1.00000000000000000000
127	1.65130352673413005604 1.59296935884104695624 0.99717521702678602047
128	1.67508745139862891271 1.49959825523768608413 0.99223184682366161180
129	1.69723469715825792115 1.40401412664188107726 0.98799467236384064250
130	1.71767646964848808011 1.30639409730556699252 0.98446369364732333462
131	1.73635024725680398028 1.20692688263007008587 0.98163891067410935509
132	1.75320034493922305430 1.10581163752116795607 0.97952032344419870391
133	1.76817841498765004893 1.00325666923380296680 0.97810793195759171414
134	1.78124387587440691227 0.89947803149498806174 0.97740173621428816375
135	1.79236426157579109564 0.79469801943488915796 0.97740173621428816375
136	1.80151548527441907055 0.68914358714338563860 0.97810793195759182517
137	1.80868201301573394701 0.58304471142007441298 0.97952032344419870391
138	1.81385694469516201011 0.47663272643737880641 0.98163891067410935509
139	1.81704200162126294771 0.37013865454970057423 0.98446369364732333462
140	1.81824742177640397145 0.26379155834226120092 0.98799467236384064250
141	1.81749176572002091312 0.15781693823281400801 0.99223184682366150078
142	1.81480163779298497850 0.05243519855399567803 0.99717521702678602047
143	1.81250000000000000000 0.00000000000000000000 1.00000000000000000000
144	1.78190047750535307536 1.78190047750535307536 1.00000000000000000000
145	1.79363130109114399247 1.73155970475460008196 0.99747256260291372598
146	1.81552805599814193194 1.62882822465243393140 0.99304954715801296850
147	1.83585691255897409668 1.52395893458480902183 0.98925839106238377951
148	1.85456070879399903539 1.41712876769292894785 0.98609909431602615904
149	1.87158773860880689455 1.30852471588795804536 0.98357165691894010706
150	1.88689217239486106692 1.19834278812992200969 0.98167607887112517950
151	1.90043442813958107784 1.08678686340952590506 0.98041236017258204249
152	1.91218148712632296515 0.97406745206543476900 0.97978050082331047399
153	1.92210714919833103309 0.86040038097093829439 0.97978050082331047399
154	1.93019222358660091921 0.74600541969798306319 0.98041236017258204249
155	1.93642465243195593949 0.63110486596239423474 0.98167607887112517950
156	1.94079956533493991344 0.51592210943359106956 0.98357165691894010706
157	1.94331926450887704227 0.40068019333135818094 0.98609909431602615904
158	1.94399314135576695151 0.28560039312293800107 0.98925839106238377951
159	1.94283752649607710516 0.17090083108329098827 0.99304954715801296850
160	1.93987547642772795164 0.05679514451246082951 0.99747256260291372598
161	1.93750000000000000000 0.00000000000000000000 1.00000000000000000000
162	1.92520630368119394227 1.92520630368119394227 1.00000000000000000000
163	1.93587424520078710266 1.87006744800412594287 0.99776990817904143150
164	1.95573756669728404667 1.75784554717804208934 0.99386724749236421417
165	1.97412541655050599587 1.64359768879082901449 0.99052210976092691652
166	1.99099166706824504125 1.52749674934982793140 0.98773449498472887242
167	2.00629478128350191568 1.40972404695735797908 0.98550440316377074801
168	2.01999811337574586290 1.29046843340101391462 0.98383183429805165510
169	2.03207017207069196019 1.16992530822564289039 0.98271678838757248187
170	2.04248484329029400541 1.04829556529988199287 0.98215926543233278423
171	2.05122156891304596726 0.92578448363013920996 0.98215926543233278423
172	2.05826547916625290924 0.80260057519395411330 0.98271678838757248187
173	2.06360747689084211842 0.67895440333344203587 0.98383183429805165510
174	2.06724427267760191285 0.55505738574655816286 0.98550440316377074801
175	2.06917837065251397632 0.43112059632561500200 0.98773449498472887242
176	2.06941800546804222094 0.30735358001441748232 0.99052210976092691652
177	2.06797703181748504520 0.18396319449191250728 0.99386724749236421417
178	2.06487476851160289826 0.06115249185448692198 0.99776990817904143150
179	2.06250000000000000000 0.00000000000000000000 1.00000000000000000000
180	2.06851212985703503122 2.06851212985703503122 1.00000000000000000000
181	2.07803243488129218974 2.00849266241692214763 0.99806725375516935905
182	2.09571655342191798255 1.88665074724618908597 0.99468494782671568188
183	2.11204156121424801995 1.76293155916725297061 0.99178582845947005353
184	2.12697159225289711415 1.63749986065480390707 0.98936989565343169684
185	2.14047449007970591595 1.51052721584626792328 0.98743714940860116691
186	2.15252201081447003261 1.38219123311538405474 0.98598758972497813069
187	2.16309000008587482000 1.25267475314052889601 0.98502121660256281022
188	2.17215854168052402429 1.12216499008681491745 0.98453803004135520549
189	2.17971207608652584042 0.99085263426991032620 0.98453803004135520549
190	2.18573948750377677896 0.85893092528074554970 0.98502121660256281022
191	2.19023415831730794423 0.72659470500834433260 0.98598758972497813069
192	2.19319399047396013103 0.59403946029194021339 0.98743714940860116691
193	2.19462139365625796827 0.46146036505632437308 0.98936989565343169684
194	2.19452324060097092584 0.32905133173382888900 0.99178582845947005353
195	2.19291079035330982450 0.19700408155478260630 0.99468494782671568188
196	2.18979958067164393043 0.06550724290262412153 0.99806725375516935905
197	2.18750000000000000000 0.00000000000000000000 1.00000000000000000000
198	2.21181795603287500995 2.21181795603287500995 1.00000000000000000000
199	2.22010594586056919653 2.14683542173233599115 0.99836459933129706457
200	2.23546558422537300359 2.01524434756549197800 0.99550264816106714960
201	2.24960669174915617319 1.88196170966626308285 0.99304954715801296850
202	2.26250271729207597105 1.74713990798331897381 0.99100529632213452125
203	2.27412995545704799127 1.61093654427774590765 0.98936989565343180786
204	2.28446767410831386158 1.47351382384342000087 0.98814334515190460628
205	2.29349822484738696815 1.33503792194350090483 0.98732564481755324959
206	2.30120713528760800770 1.19567832006550500701 0.98691679465037740471
207	2.30758318216618407703 1.05560711750680602528 0.98691679465037740471
208	2.31261844454686116279 0.91499832413400650211 0.98732564481755324959
209	2.31630833659325885421 0.77402714040679998497 0.98814334515190460628
210	2.31865161962848986832 0.63286923091434199584 0.98936989565343180786
211	2.31965039343638013136 0.49169999773679362587 0.99100529632213452125
212	2.31931006699915709390 0.35069385991551732529 0.99304954715801296850
213	2.31763930910134385854 0.21002354519355379003 0.99550264816106714960
214	2.31464997945551198555 0.06985939997665573109 0.99836459933129706457
215	2.31250000000000000000 0.00000000000000000000 1.00000000000000000000
216	2.35512378220871587686 2.35512378220871587686 1.00000000000000000000
217	2.36209485377633621184 2.28509579960189412873 0.99866194490742499212
218	2.37498522529612499099 2.14362686912858002586 0.99632034849541861732
219	2.38682214651548285644 2.00068929832276021230 0.99431326585655610550
220	2.39758726041457181921 1.85641868580664293198 0.99264069699083723464
221	2.40726424377323500181 1.71095433586816203508 0.99130264189826233778
222	2.41583887948426490055 1.56443881919759997245 0.99029910057883108188
223	2.42329911884805104805 1.41701751305367995570 0.98963007303254357794
224	2.42963513331141411911 1.26883812392956096815 0.98929555925939971495
225	2.43483935520826522136 1.12005019598390509472 0.98929555925939971495
226	2.43890650716087309391 0.97080460865903683843 0.98963007303254357794
227	2.44183361990635505734 0.82125306702429679007 0.99029910057883108188
228	2.44362003842205721682 0.67154758845624518138 0.99130264189826233778
229	2.44426741633409694288 0.52183998929705310843 0.99264069699083723464
230	2.44377969870374611716 0.37228137511792419589 0.99431326585655610550
231	2.44216309339496806530 0.22302163815614320375 0.99632034849541861732
232	2.43942603133160806905 0.07420896539360222199 0.99866194490742499212
233	2.43750000000000000000 0.00000000000000000000 1.00000000000000000000
234	2.49842960838455718786 2.49842960838455718786 1.00000000000000000000
235	2.50399923417625780431 2.42327386958942891937 0.99895929048355269764
236	2.51427604096544898837 2.27179883121912418176 0.99713804882977008504
237	2.52368925707818192450 2.11911547729191918066 0.99557698455509924251
238	2.53222742525487287679 1.96533797678974697654 0.99427609765953994803
239	2.53988039751855998460 1.81058287630337400032 0.99323538814309286771
240	2.54663937035926490893 1.65496881008181895290 0.99245485600575733542
241	2.55249691487785090871 1.49861619981469207374 0.99193450124753379527
242	2.55744700168629490733 1.34164694572612508416 0.99167432386842202519
243	2.56148502039826819754 1.18418411063435602415 0.99167432386842202519
244	2.56460779358283197382 1.02635159869139402922 0.99193450124753379527
245	2.56681358509423684922 0.86827383056161711039 0.99245485600575733542
246	2.56810210273202521591 0.71007541682613595224 0.99323538814309286771
247	2.56847449522721005266 0.55188083141085930716 0.99427609765953994803
248	2.56793334359179414861 0.39381408683041602137 0.99557698455509924251
249	2.56648264690997285342 0.23599841301744481359 0.99713804882977008504
250	2.56412780268919782145 0.07855594146772540420 0.99895929048355269764
251	2.56250000000000000000 0.00000000000000000000 1.00000000000000000000
252	2.64173543456039805477 2.64173543456039805477 1.00000000000000000000
253	2.64581916251807580664 2.56136970517121520530 0.99925663605968040315
254	2.65333859371501912250 2.39976075141884592767 0.99795574916412144173
255	2.66020934824998178669 2.23724139288645496038 0.99684070325364226850
256	2.66642540097297908730 2.07389955188823993382 0.99591149832824288346
257	2.67198143554765810137 1.90982443351283603938 0.99516813438792350865
258	2.67687285769577920647 1.74510636493749604625 0.99461061143268381102
259	2.68109580648404888237 1.57983663078525693457 0.99423892946252423464
260	2.68464716359875898988 1.41410730515076599190 0.99405308847744411338
261	2.68752456056390087724 1.24801108094113599734 0.99405308847744411338
262	2.68972638386906881536 1.08164109719471190907 0.99423892946252423464
263	2.69125177798426795661 0.91509076505265807278 0.99461061143268381102
264	2.69210064624981804116 0.74845359306583802983 0.99516813438792350865
265	2.69227364964064497244 0.58182301252243007195 0.99591149832824288346
266	2.69177220341533818271 0.41529220348006051777 0.99684070325364226850
267	2.69059847167135313128 0.24895392218003831175 0.99795574916412144173
268	2.68875535983852520516 0.08290033051053243007 0.99925663605968040315
269	2.68750000000000000000 0.00000000000000000000 1.00000000000000000000
270	2.78504126073623892168 2.78504126073623892168 1.00000000000000000000
271	2.78755471416974121013 2.69938337973609421283 0.99955398163580833071
272	2.79217344418448387700 2.52751314561447992801 0.99877344949847279842
273	2.79638373813412810520 2.35506818561361086495 0.99810442195218529449
274	2.80018336237306497694 2.18210517044435992062 0.99754689899694581889
275	2.80357035330859005740 2.00868125784169793135 0.99710088063275403858
276	2.80654302035275504679 1.83485402998647195716 0.99676636685961028661
277	2.80909994842491617106 1.66068143002576196210 0.99654335767751456299
278	2.81123999999772689051 1.48622169783814794819 0.99643185308646653464
279	2.81296231668066898379 1.31153330519308708446 0.99643185308646653464
280	2.81426632033667489807 1.13667489045577996265 0.99654335767751456299
281	2.81515171372887706980 0.96170519299059520346 0.99676636685961028661
282	2.81561848069593390065 0.78668298741706466082 0.99710088063275403858
283	2.81566688585591684557 0.61166701787291843928 0.99754689899694581889
284	2.81529747384017081657 0.43671593243835210574 0.99810442195218529449
285	2.81451106806005801886 0.26188821787489441340 0.99877344949847279842
286	2.81330876901092796771 0.08724213483078001319 0.99955398163580833071
287	2.81250000000000000000 0.00000000000000000000 1.00000000000000000000
288	2.92834708691207978859 2.92834708691207978859 1.00000000000000000000
289	2.92920596440955316453 2.83731496658561122004 0.99985132721193603622
290	2.93078115117900495079 2.65505652800470581809 0.99959114983282426614
291	2.93221373816680808133 2.47259699021186385437 0.99936814065072843150
292	2.93350347002095501736 2.28995658028200521628 0.99918229966564853228
293	2.93465012306925299157 2.10715558222089383023 0.99903362687758467953
294	2.93565350543202585598 1.92421432947077297726 0.99892212228653676220
295	2.93651345711717182141 1.74115319738085494450 0.99884778589250489134
296	2.93722985009749892882 1.55799259564855097082 0.99881061769548884488
297	2.93780258837026098107 1.37475296073729702506 0.99881061769548884488
298	2.93823160799884197658 1.19145474827691510988 0.99884778589250489134
299	2.93851687713654685652 1.00811842545241203695 0.99892212228653676220
300	2.93865839603247680500 0.82476446338719422435 0.99903362687758467953
301	2.93865619701949887244 0.64141332952662444278 0.99918229966564853228
302	2.93851034448432413271 0.45808548002788468390 0.99936814065072843150
303	2.93822093481972590467 0.27480135216207690618 0.99959114983282426614
304	2.93778809635896287489 0.09158135673447845293 0.99985132721193603622
305	2.93750000000000000000 0.00000000000000000000 1.00000000000000000000
306	3.00000000000000000000 3.00000000000000000000 1.00000000000000000000
307	3.00000000000000000000 2.90625000000000000000 1.00000000000000000000
308	3.00000000000000000000 2.71875000000000000000 1.00000000000000000000
309	3.00000000000000000000 2.53125000000000000000 1.00000000000000000000
310	3.00000000000000000000 2.34375000000000000000 1.00000000000000000000
311	3.00000000000000000000 2.15625000000000000000 1.00000000000000000000
312	3.00000000000000000000 1.96875000000000000000 1.00000000000000000000
313	3.00000000000000000000 1.78125000000000000000 1.00000000000000000000
314	3.00000000000000000000 1.59375000000000000000 1.00000000000000000000
315	3.00000000000000000000 1.40625000000000000000 1.00000000000000000000
316	3.00000000000000000000 1.21875000000000000000 1.00000000000000000000
317	3.00000000000000000000 1.03125000000000000000 1.00000000000000000000
318	3.00000000000000000000 0.84375000000000000000 1.00000000000000000000
319	3.00000000000000000000 0.65625000000000000000 1.00000000000000000000
320	3.00000000000000000000 0.46875000000000000000 1.00000000000000000000
321	3.00000000000000000000 0.28125000000000000000 1.00000000000000000000
322	3.00000000000000000000 0.09375000000000000000 1.00000000000000000000
323	3.00000000000000000000 0.00000000000000000000 1.00000000000000000000

Constraint

Load

DistributedForce
