0	0.0000000000e+00	0.0000000000e+00	
1	4.7619047619e-01	0.0000000000e+00	
2	1.4285714286e+00	0.0000000000e+00	
3	2.8571428571e+00	0.0000000000e+00	
4	4.2857142857e+00	0.0000000000e+00	
5	5.7142857143e+00	0.0000000000e+00	
6	7.1428571429e+00	0.0000000000e+00	
7	8.5714285714e+00	0.0000000000e+00	
8	9.5238095238e+00	0.0000000000e+00	
9	1.0000000000e+01	0.0000000000e+00	
10	0.0000000000e+00	4.7619047619e-01	
11	4.7619047619e-01	4.7619047619e-01	
12	1.4285714286e+00	4.7619047619e-01	
13	2.8571428571e+00	4.7619047619e-01	
14	4.2857142857e+00	4.7619047619e-01	
15	5.7142857143e+00	4.7619047619e-01	
16	7.1428571429e+00	4.7619047619e-01	
17	8.5714285714e+00	4.7619047619e-01	
18	9.5238095238e+00	4.7619047619e-01	
19	1.0000000000e+01	4.7619047619e-01	
20	0.0000000000e+00	1.4285714286e+00	
21	4.7619047619e-01	1.4285714286e+00	
22	1.4285714286e+00	1.4285714286e+00	
23	2.8571428571e+00	1.4285714286e+00	
24	4.2857142857e+00	1.4285714286e+00	
25	5.7142857143e+00	1.4285714286e+00	
26	7.1428571429e+00	1.4285714286e+00	
27	8.5714285714e+00	1.4285714286e+00	
28	9.5238095238e+00	1.4285714286e+00	
29	1.0000000000e+01	1.4285714286e+00	
30	0.0000000000e+00	2.8571428571e+00	
31	4.7619047619e-01	2.8571428571e+00	
32	1.4285714286e+00	2.8571428571e+00	
33	2.8571428571e+00	2.8571428571e+00	
34	4.2857142857e+00	2.8571428571e+00	
35	5.7142857143e+00	2.8571428571e+00	
36	7.1428571429e+00	2.8571428571e+00	
37	8.5714285714e+00	2.8571428571e+00	
38	9.5238095238e+00	2.8571428571e+00	
39	1.0000000000e+01	2.8571428571e+00	
40	0.0000000000e+00	4.2857142857e+00	
41	4.7619047619e-01	4.2857142857e+00	
42	1.4285714286e+00	4.2857142857e+00	
43	2.8571428571e+00	4.2857142857e+00	
44	4.2857142857e+00	4.2857142857e+00	
45	5.7142857143e+00	4.2857142857e+00	
46	7.1428571429e+00	4.2857142857e+00	
47	8.5714285714e+00	4.2857142857e+00	
48	9.5238095238e+00	4.2857142857e+00	
49	1.0000000000e+01	4.2857142857e+00	
50	0.0000000000e+00	5.7142857143e+00	
51	4.7619047619e-01	5.7142857143e+00	
52	1.4285714286e+00	5.7142857143e+00	
53	2.8571428571e+00	5.7142857143e+00	
54	4.2857142857e+00	5.7142857143e+00	
55	5.7142857143e+00	5.7142857143e+00	
56	7.1428571429e+00	5.7142857143e+00	
57	8.5714285714e+00	5.7142857143e+00	
58	9.5238095238e+00	5.7142857143e+00	
59	1.0000000000e+01	5.7142857143e+00	
60	0.0000000000e+00	7.1428571429e+00	
61	4.7619047619e-01	7.1428571429e+00	
62	1.4285714286e+00	7.1428571429e+00	
63	2.8571428571e+00	7.1428571429e+00	
64	4.2857142857e+00	7.1428571429e+00	
65	5.7142857143e+00	7.1428571429e+00	
66	7.1428571429e+00	7.1428571429e+00	
67	8.5714285714e+00	7.1428571429e+00	
68	9.5238095238e+00	7.1428571429e+00	
69	1.0000000000e+01	7.1428571429e+00	
70	0.0000000000e+00	8.5714285714e+00	
71	4.7619047619e-01	8.5714285714e+00	
72	1.4285714286e+00	8.5714285714e+00	
73	2.8571428571e+00	8.5714285714e+00	
74	4.2857142857e+00	8.5714285714e+00	
75	5.7142857143e+00	8.5714285714e+00	
76	7.1428571429e+00	8.5714285714e+00	
77	8.5714285714e+00	8.5714285714e+00	
78	9.5238095238e+00	8.5714285714e+00	
79	1.0000000000e+01	8.5714285714e+00	
80	0.0000000000e+00	9.5238095238e+00	
81	4.7619047619e-01	9.5238095238e+00	
82	1.4285714286e+00	9.5238095238e+00	
83	2.8571428571e+00	9.5238095238e+00	
84	4.2857142857e+00	9.5238095238e+00	
85	5.7142857143e+00	9.5238095238e+00	
86	7.1428571429e+00	9.5238095238e+00	
87	8.5714285714e+00	9.5238095238e+00	
88	9.5238095238e+00	9.5238095238e+00	
89	1.0000000000e+01	9.5238095238e+00	
90	0.0000000000e+00	1.0000000000e+01	
91	4.7619047619e-01	1.0000000000e+01	
92	1.4285714286e+00	1.0000000000e+01	
93	2.8571428571e+00	1.0000000000e+01	
94	4.2857142857e+00	1.0000000000e+01	
95	5.7142857143e+00	1.0000000000e+01	
96	7.1428571429e+00	1.0000000000e+01	
97	8.5714285714e+00	1.0000000000e+01	
98	9.5238095238e+00	1.0000000000e+01	
99	1.0000000000e+01	1.0000000000e+01	
100	1.0000000000e+00	0.0000000000e+00	
101	1.0476190476e+00	0.0000000000e+00	
102	1.1428571429e+00	0.0000000000e+00	
103	1.2857142857e+00	0.0000000000e+00	
104	1.4285714286e+00	0.0000000000e+00	
105	1.5714285714e+00	0.0000000000e+00	
106	1.7142857143e+00	0.0000000000e+00	
107	1.8571428571e+00	0.0000000000e+00	
108	1.9523809524e+00	0.0000000000e+00	
109	2.0000000000e+00	0.0000000000e+00	
110	1.0000000000e+00	7.8840936161e-02	
111	1.0476190476e+00	8.2595266454e-02	
112	1.1428571429e+00	9.0103927041e-02	
113	1.2857142857e+00	1.0136691792e-01	
114	1.4285714286e+00	1.1262990880e-01	
115	1.5714285714e+00	1.2389289968e-01	
116	1.7142857143e+00	1.3515589056e-01	
117	1.8571428571e+00	1.4641888144e-01	
118	1.9523809524e+00	1.5392754203e-01	
119	2.0000000000e+00	1.5768187232e-01	
120	9.8815430172e-01	2.3691396554e-01	
121	1.0352092685e+00	2.4819558295e-01	
122	1.1293192020e+00	2.7075881777e-01	
123	1.2704841022e+00	3.0460366999e-01	
124	1.4116490025e+00	3.3844852221e-01	
125	1.5528139027e+00	3.7229337443e-01	
126	1.6939788030e+00	4.0613822665e-01	
127	1.8351437032e+00	4.3998307887e-01	
128	1.9292536367e+00	4.6254631368e-01	
129	1.9763086034e+00	4.7382793109e-01	
130	9.2739697291e-01	4.5985470896e-01	
131	9.7155873352e-01	4.8175255225e-01	
132	1.0598822547e+00	5.2554823881e-01	
133	1.1923675366e+00	5.9124176866e-01	
134	1.3248528184e+00	6.5693529852e-01	
135	1.4573381003e+00	7.2262882837e-01	
136	1.5898233821e+00	7.8832235822e-01	
137	1.7223086640e+00	8.5401588807e-01	
138	1.8106321852e+00	8.9781157464e-01	
139	1.8547939458e+00	9.1970941792e-01	
140	8.1702429809e-01	6.5814165201e-01	
141	8.5593021705e-01	6.8948173068e-01	
142	9.3374205496e-01	7.5216188801e-01	
143	1.0504598118e+00	8.4618212402e-01	
144	1.1671775687e+00	9.4020236002e-01	
145	1.2838953256e+00	1.0342225960e+00	
146	1.4006130824e+00	1.1282428320e+00	
147	1.5173308393e+00	1.2222630680e+00	
148	1.5951426772e+00	1.2849432254e+00	
149	1.6340485962e+00	1.3162833040e+00	
150	6.5814165201e-01	8.1702429809e-01	
151	6.8948173068e-01	8.5593021705e-01	
152	7.5216188801e-01	9.3374205496e-01	
153	8.4618212402e-01	1.0504598118e+00	
154	9.4020236002e-01	1.1671775687e+00	
155	1.0342225960e+00	1.2838953256e+00	
156	1.1282428320e+00	1.4006130824e+00	
157	1.2222630680e+00	1.5173308393e+00	
158	1.2849432254e+00	1.5951426772e+00	
159	1.3162833040e+00	1.6340485962e+00	
160	4.5985470896e-01	9.2739697291e-01	
161	4.8175255225e-01	9.7155873352e-01	
162	5.2554823881e-01	1.0598822547e+00	
163	5.9124176866e-01	1.1923675366e+00	
164	6.5693529852e-01	1.3248528184e+00	
165	7.2262882837e-01	1.4573381003e+00	
166	7.8832235822e-01	1.5898233821e+00	
167	8.5401588807e-01	1.7223086640e+00	
168	8.9781157464e-01	1.8106321852e+00	
169	9.1970941792e-01	1.8547939458e+00	
170	2.3691396554e-01	9.8815430172e-01	
171	2.4819558295e-01	1.0352092685e+00	
172	2.7075881777e-01	1.1293192020e+00	
173	3.0460366999e-01	1.2704841022e+00	
174	3.3844852221e-01	1.4116490025e+00	
175	3.7229337443e-01	1.5528139027e+00	
176	4.0613822665e-01	1.6939788030e+00	
177	4.3998307887e-01	1.8351437032e+00	
178	4.6254631368e-01	1.9292536367e+00	
179	4.7382793109e-01	1.9763086034e+00	
180	7.8840936161e-02	1.0000000000e+00	
181	8.2595266454e-02	1.0476190476e+00	
182	9.0103927041e-02	1.1428571429e+00	
183	1.0136691792e-01	1.2857142857e+00	
184	1.1262990880e-01	1.4285714286e+00	
185	1.2389289968e-01	1.5714285714e+00	
186	1.3515589056e-01	1.7142857143e+00	
187	1.4641888144e-01	1.8571428571e+00	
188	1.5392754203e-01	1.9523809524e+00	
189	1.5768187232e-01	2.0000000000e+00	
190	0.0000000000e+00	1.0000000000e+00	
191	0.0000000000e+00	1.0476190476e+00	
192	0.0000000000e+00	1.1428571429e+00	
193	0.0000000000e+00	1.2857142857e+00	
194	0.0000000000e+00	1.4285714286e+00	
195	0.0000000000e+00	1.5714285714e+00	
196	0.0000000000e+00	1.7142857143e+00	
197	0.0000000000e+00	1.8571428571e+00	
198	0.0000000000e+00	1.9523809524e+00	
199	0.0000000000e+00	2.0000000000e+00	
