0:  0.000000e+00  0.000000e+00	 0.000000e+00 0.000000e+00 
1:  6.250000e-01  0.000000e+00	 -2.437500e-03 0.000000e+00 
2:  1.875000e+00  0.000000e+00	 -7.312500e-03 0.000000e+00 
3:  3.125000e+00  0.000000e+00	 -1.218750e-02 0.000000e+00 
4:  4.375000e+00  0.000000e+00	 -1.706250e-02 0.000000e+00 
5:  5.625000e+00  0.000000e+00	 -2.193750e-02 0.000000e+00 
6:  6.875000e+00  0.000000e+00	 -2.681250e-02 0.000000e+00 
7:  8.125000e+00  0.000000e+00	 -3.168750e-02 0.000000e+00 
8:  9.375000e+00  0.000000e+00	 -3.656250e-02 0.000000e+00 
9:  1.000000e+01  0.000000e+00	 -3.900000e-02 0.000000e+00 
10:  0.000000e+00  6.250000e-01	 0.000000e+00 5.687500e-03 
11:  6.250000e-01  6.250000e-01	 -2.437500e-03 5.687500e-03 
12:  1.875000e+00  6.250000e-01	 -7.312500e-03 5.687500e-03 
13:  3.125000e+00  6.250000e-01	 -1.218750e-02 5.687500e-03 
14:  4.375000e+00  6.250000e-01	 -1.706250e-02 5.687500e-03 
15:  5.625000e+00  6.250000e-01	 -2.193750e-02 5.687500e-03 
16:  6.875000e+00  6.250000e-01	 -2.681250e-02 5.687500e-03 
17:  8.125000e+00  6.250000e-01	 -3.168750e-02 5.687500e-03 
18:  9.375000e+00  6.250000e-01	 -3.656250e-02 5.687500e-03 
19:  1.000000e+01  6.250000e-01	 -3.900000e-02 5.687500e-03 
20:  0.000000e+00  1.875000e+00	 0.000000e+00 1.706250e-02 
21:  6.250000e-01  1.875000e+00	 -2.437500e-03 1.706250e-02 
22:  1.875000e+00  1.875000e+00	 -7.312500e-03 1.706250e-02 
23:  3.125000e+00  1.875000e+00	 -1.218750e-02 1.706250e-02 
24:  4.375000e+00  1.875000e+00	 -1.706250e-02 1.706250e-02 
25:  5.625000e+00  1.875000e+00	 -2.193750e-02 1.706250e-02 
26:  6.875000e+00  1.875000e+00	 -2.681250e-02 1.706250e-02 
27:  8.125000e+00  1.875000e+00	 -3.168750e-02 1.706250e-02 
28:  9.375000e+00  1.875000e+00	 -3.656250e-02 1.706250e-02 
29:  1.000000e+01  1.875000e+00	 -3.900000e-02 1.706250e-02 
30:  0.000000e+00  3.125000e+00	 0.000000e+00 2.843750e-02 
31:  6.250000e-01  3.125000e+00	 -2.437500e-03 2.843750e-02 
32:  1.875000e+00  3.125000e+00	 -7.312500e-03 2.843750e-02 
33:  3.125000e+00  3.125000e+00	 -1.218750e-02 2.843750e-02 
34:  4.375000e+00  3.125000e+00	 -1.706250e-02 2.843750e-02 
35:  5.625000e+00  3.125000e+00	 -2.193750e-02 2.843750e-02 
36:  6.875000e+00  3.125000e+00	 -2.681250e-02 2.843750e-02 
37:  8.125000e+00  3.125000e+00	 -3.168750e-02 2.843750e-02 
38:  9.375000e+00  3.125000e+00	 -3.656250e-02 2.843750e-02 
39:  1.000000e+01  3.125000e+00	 -3.900000e-02 2.843750e-02 
40:  0.000000e+00  4.375000e+00	 0.000000e+00 3.981250e-02 
41:  6.250000e-01  4.375000e+00	 -2.437500e-03 3.981250e-02 
42:  1.875000e+00  4.375000e+00	 -7.312500e-03 3.981250e-02 
43:  3.125000e+00  4.375000e+00	 -1.218750e-02 3.981250e-02 
44:  4.375000e+00  4.375000e+00	 -1.706250e-02 3.981250e-02 
45:  5.625000e+00  4.375000e+00	 -2.193750e-02 3.981250e-02 
46:  6.875000e+00  4.375000e+00	 -2.681250e-02 3.981250e-02 
47:  8.125000e+00  4.375000e+00	 -3.168750e-02 3.981250e-02 
48:  9.375000e+00  4.375000e+00	 -3.656250e-02 3.981250e-02 
49:  1.000000e+01  4.375000e+00	 -3.900000e-02 3.981250e-02 
50:  0.000000e+00  5.625000e+00	 0.000000e+00 5.118750e-02 
51:  6.250000e-01  5.625000e+00	 -2.437500e-03 5.118750e-02 
52:  1.875000e+00  5.625000e+00	 -7.312500e-03 5.118750e-02 
53:  3.125000e+00  5.625000e+00	 -1.218750e-02 5.118750e-02 
54:  4.375000e+00  5.625000e+00	 -1.706250e-02 5.118750e-02 
55:  5.625000e+00  5.625000e+00	 -2.193750e-02 5.118750e-02 
56:  6.875000e+00  5.625000e+00	 -2.681250e-02 5.118750e-02 
57:  8.125000e+00  5.625000e+00	 -3.168750e-02 5.118750e-02 
58:  9.375000e+00  5.625000e+00	 -3.656250e-02 5.118750e-02 
59:  1.000000e+01  5.625000e+00	 -3.900000e-02 5.118750e-02 
60:  0.000000e+00  6.875000e+00	 0.000000e+00 6.256250e-02 
61:  6.250000e-01  6.875000e+00	 -2.437500e-03 6.256250e-02 
62:  1.875000e+00  6.875000e+00	 -7.312500e-03 6.256250e-02 
63:  3.125000e+00  6.875000e+00	 -1.218750e-02 6.256250e-02 
64:  4.375000e+00  6.875000e+00	 -1.706250e-02 6.256250e-02 
65:  5.625000e+00  6.875000e+00	 -2.193750e-02 6.256250e-02 
66:  6.875000e+00  6.875000e+00	 -2.681250e-02 6.256250e-02 
67:  8.125000e+00  6.875000e+00	 -3.168750e-02 6.256250e-02 
68:  9.375000e+00  6.875000e+00	 -3.656250e-02 6.256250e-02 
69:  1.000000e+01  6.875000e+00	 -3.900000e-02 6.256250e-02 
70:  0.000000e+00  8.125000e+00	 0.000000e+00 7.393750e-02 
71:  6.250000e-01  8.125000e+00	 -2.437500e-03 7.393750e-02 
72:  1.875000e+00  8.125000e+00	 -7.312500e-03 7.393750e-02 
73:  3.125000e+00  8.125000e+00	 -1.218750e-02 7.393750e-02 
74:  4.375000e+00  8.125000e+00	 -1.706250e-02 7.393750e-02 
75:  5.625000e+00  8.125000e+00	 -2.193750e-02 7.393750e-02 
76:  6.875000e+00  8.125000e+00	 -2.681250e-02 7.393750e-02 
77:  8.125000e+00  8.125000e+00	 -3.168750e-02 7.393750e-02 
78:  9.375000e+00  8.125000e+00	 -3.656250e-02 7.393750e-02 
79:  1.000000e+01  8.125000e+00	 -3.900000e-02 7.393750e-02 
80:  0.000000e+00  9.375000e+00	 0.000000e+00 8.531250e-02 
81:  6.250000e-01  9.375000e+00	 -2.437500e-03 8.531250e-02 
82:  1.875000e+00  9.375000e+00	 -7.312500e-03 8.531250e-02 
83:  3.125000e+00  9.375000e+00	 -1.218750e-02 8.531250e-02 
84:  4.375000e+00  9.375000e+00	 -1.706250e-02 8.531250e-02 
85:  5.625000e+00  9.375000e+00	 -2.193750e-02 8.531250e-02 
86:  6.875000e+00  9.375000e+00	 -2.681250e-02 8.531250e-02 
87:  8.125000e+00  9.375000e+00	 -3.168750e-02 8.531250e-02 
88:  9.375000e+00  9.375000e+00	 -3.656250e-02 8.531250e-02 
89:  1.000000e+01  9.375000e+00	 -3.900000e-02 8.531250e-02 
90:  0.000000e+00  1.000000e+01	 0.000000e+00 9.100000e-02 
91:  6.250000e-01  1.000000e+01	 -2.437500e-03 9.100000e-02 
92:  1.875000e+00  1.000000e+01	 -7.312500e-03 9.100000e-02 
93:  3.125000e+00  1.000000e+01	 -1.218750e-02 9.100000e-02 
94:  4.375000e+00  1.000000e+01	 -1.706250e-02 9.100000e-02 
95:  5.625000e+00  1.000000e+01	 -2.193750e-02 9.100000e-02 
96:  6.875000e+00  1.000000e+01	 -2.681250e-02 9.100000e-02 
97:  8.125000e+00  1.000000e+01	 -3.168750e-02 9.100000e-02 
98:  9.375000e+00  1.000000e+01	 -3.656250e-02 9.100000e-02 
99:  1.000000e+01  1.000000e+01	 -3.900000e-02 9.100000e-02 
