E  nu

No_patch

Total_Control_Point

2	2

21	21

18	18

Patch_connectivity

Constraint	Load	DistributedForce

0.0000000000 0.0000000000 0.0000000000 0.0625000000 0.1250000000 0.1875000000 0.2500000000 0.3125000000 0.3750000000 0.4375000000 0.5000000000 0.5625000000 0.6250000000 0.6875000000 0.7500000000 0.8125000000 0.8750000000 0.9375000000 1.0000000000 1.0000000000 1.0000000000 
0.0000000000 0.0000000000 0.0000000000 0.0625000000 0.1250000000 0.1875000000 0.2500000000 0.3125000000 0.3750000000 0.4375000000 0.5000000000 0.5625000000 0.6250000000 0.6875000000 0.7500000000 0.8125000000 0.8750000000 0.9375000000 1.0000000000 1.0000000000 1.0000000000 

0	3.00000000000000000000 0.00000000000000000000 1.00000000000000000000
1	3.21875000000000000000 0.00000000000000000000 1.00000000000000000000
2	3.65625000000000000000 0.00000000000000000000 1.00000000000000000000
3	4.09375000000000000000 0.00000000000000000000 1.00000000000000000000
4	4.53125000000000000000 0.00000000000000000000 1.00000000000000000000
5	4.96875000000000000000 0.00000000000000000000 1.00000000000000000000
6	5.40625000000000000000 0.00000000000000000000 1.00000000000000000000
7	5.84375000000000000000 0.00000000000000000000 1.00000000000000000000
8	6.28125000000000000000 0.00000000000000000000 1.00000000000000000000
9	6.71875000000000000000 0.00000000000000000000 1.00000000000000000000
10	7.15625000000000000000 0.00000000000000000000 1.00000000000000000000
11	7.59375000000000000000 0.00000000000000000000 1.00000000000000000000
12	8.03125000000000000000 0.00000000000000000000 1.00000000000000000000
13	8.46875000000000000000 0.00000000000000000000 1.00000000000000000000
14	8.90625000000000000000 0.00000000000000000000 1.00000000000000000000
15	9.34375000000000000000 0.00000000000000000000 1.00000000000000000000
16	9.78125000000000000000 0.00000000000000000000 1.00000000000000000000
17	10.00000000000000000000 0.00000000000000000000 1.00000000000000000000
18	3.00000000000000000000 0.09375000000000000000 1.00000000000000000000
19	3.21875000000000000000 0.09375000000000000000 1.00000000000000000000
20	3.65625000000000000000 0.09375000000000000000 1.00000000000000000000
21	4.09375000000000000000 0.09375000000000000000 1.00000000000000000000
22	4.53125000000000000000 0.09375000000000000000 1.00000000000000000000
23	4.96875000000000000000 0.09375000000000000000 1.00000000000000000000
24	5.40625000000000000000 0.09375000000000000000 1.00000000000000000000
25	5.84375000000000000000 0.09375000000000000000 1.00000000000000000000
26	6.28125000000000000000 0.09375000000000000000 1.00000000000000000000
27	6.71875000000000000000 0.09375000000000000000 1.00000000000000000000
28	7.15625000000000000000 0.09375000000000000000 1.00000000000000000000
29	7.59375000000000000000 0.09375000000000000000 1.00000000000000000000
30	8.03125000000000000000 0.09375000000000000000 1.00000000000000000000
31	8.46875000000000000000 0.09375000000000000000 1.00000000000000000000
32	8.90625000000000000000 0.09375000000000000000 1.00000000000000000000
33	9.34375000000000000000 0.09375000000000000000 1.00000000000000000000
34	9.78125000000000000000 0.09375000000000000000 1.00000000000000000000
35	10.00000000000000000000 0.09375000000000000000 1.00000000000000000000
36	3.00000000000000000000 0.28125000000000000000 1.00000000000000000000
37	3.21875000000000000000 0.28125000000000000000 1.00000000000000000000
38	3.65625000000000000000 0.28125000000000000000 1.00000000000000000000
39	4.09375000000000000000 0.28125000000000000000 1.00000000000000000000
40	4.53125000000000000000 0.28125000000000000000 1.00000000000000000000
41	4.96875000000000000000 0.28125000000000000000 1.00000000000000000000
42	5.40625000000000000000 0.28125000000000000000 1.00000000000000000000
43	5.84375000000000000000 0.28125000000000000000 1.00000000000000000000
44	6.28125000000000000000 0.28125000000000000000 1.00000000000000000000
45	6.71875000000000000000 0.28125000000000000000 1.00000000000000000000
46	7.15625000000000000000 0.28125000000000000000 1.00000000000000000000
47	7.59375000000000000000 0.28125000000000000000 1.00000000000000000000
48	8.03125000000000000000 0.28125000000000000000 1.00000000000000000000
49	8.46875000000000000000 0.28125000000000000000 1.00000000000000000000
50	8.90625000000000000000 0.28125000000000000000 1.00000000000000000000
51	9.34375000000000000000 0.28125000000000000000 1.00000000000000000000
52	9.78125000000000000000 0.28125000000000000000 1.00000000000000000000
53	10.00000000000000000000 0.28125000000000000000 1.00000000000000000000
54	3.00000000000000000000 0.46875000000000000000 1.00000000000000000000
55	3.21875000000000000000 0.46875000000000000000 1.00000000000000000000
56	3.65625000000000000000 0.46875000000000000000 1.00000000000000000000
57	4.09375000000000000000 0.46875000000000000000 1.00000000000000000000
58	4.53125000000000000000 0.46875000000000000000 1.00000000000000000000
59	4.96875000000000000000 0.46875000000000000000 1.00000000000000000000
60	5.40625000000000000000 0.46875000000000000000 1.00000000000000000000
61	5.84375000000000000000 0.46875000000000000000 1.00000000000000000000
62	6.28125000000000000000 0.46875000000000000000 1.00000000000000000000
63	6.71875000000000000000 0.46875000000000000000 1.00000000000000000000
64	7.15625000000000000000 0.46875000000000000000 1.00000000000000000000
65	7.59375000000000000000 0.46875000000000000000 1.00000000000000000000
66	8.03125000000000000000 0.46875000000000000000 1.00000000000000000000
67	8.46875000000000000000 0.46875000000000000000 1.00000000000000000000
68	8.90625000000000000000 0.46875000000000000000 1.00000000000000000000
69	9.34375000000000000000 0.46875000000000000000 1.00000000000000000000
70	9.78125000000000000000 0.46875000000000000000 1.00000000000000000000
71	10.00000000000000000000 0.46875000000000000000 1.00000000000000000000
72	3.00000000000000000000 0.65625000000000000000 1.00000000000000000000
73	3.21875000000000000000 0.65625000000000000000 1.00000000000000000000
74	3.65625000000000000000 0.65625000000000000000 1.00000000000000000000
75	4.09375000000000000000 0.65625000000000000000 1.00000000000000000000
76	4.53125000000000000000 0.65625000000000000000 1.00000000000000000000
77	4.96875000000000000000 0.65625000000000000000 1.00000000000000000000
78	5.40625000000000000000 0.65625000000000000000 1.00000000000000000000
79	5.84375000000000000000 0.65625000000000000000 1.00000000000000000000
80	6.28125000000000000000 0.65625000000000000000 1.00000000000000000000
81	6.71875000000000000000 0.65625000000000000000 1.00000000000000000000
82	7.15625000000000000000 0.65625000000000000000 1.00000000000000000000
83	7.59375000000000000000 0.65625000000000000000 1.00000000000000000000
84	8.03125000000000000000 0.65625000000000000000 1.00000000000000000000
85	8.46875000000000000000 0.65625000000000000000 1.00000000000000000000
86	8.90625000000000000000 0.65625000000000000000 1.00000000000000000000
87	9.34375000000000000000 0.65625000000000000000 1.00000000000000000000
88	9.78125000000000000000 0.65625000000000000000 1.00000000000000000000
89	10.00000000000000000000 0.65625000000000000000 1.00000000000000000000
90	3.00000000000000000000 0.84375000000000000000 1.00000000000000000000
91	3.21875000000000000000 0.84375000000000000000 1.00000000000000000000
92	3.65625000000000000000 0.84375000000000000000 1.00000000000000000000
93	4.09375000000000000000 0.84375000000000000000 1.00000000000000000000
94	4.53125000000000000000 0.84375000000000000000 1.00000000000000000000
95	4.96875000000000000000 0.84375000000000000000 1.00000000000000000000
96	5.40625000000000000000 0.84375000000000000000 1.00000000000000000000
97	5.84375000000000000000 0.84375000000000000000 1.00000000000000000000
98	6.28125000000000000000 0.84375000000000000000 1.00000000000000000000
99	6.71875000000000000000 0.84375000000000000000 1.00000000000000000000
100	7.15625000000000000000 0.84375000000000000000 1.00000000000000000000
101	7.59375000000000000000 0.84375000000000000000 1.00000000000000000000
102	8.03125000000000000000 0.84375000000000000000 1.00000000000000000000
103	8.46875000000000000000 0.84375000000000000000 1.00000000000000000000
104	8.90625000000000000000 0.84375000000000000000 1.00000000000000000000
105	9.34375000000000000000 0.84375000000000000000 1.00000000000000000000
106	9.78125000000000000000 0.84375000000000000000 1.00000000000000000000
107	10.00000000000000000000 0.84375000000000000000 1.00000000000000000000
108	3.00000000000000000000 1.03125000000000000000 1.00000000000000000000
109	3.21875000000000000000 1.03125000000000000000 1.00000000000000000000
110	3.65625000000000000000 1.03125000000000000000 1.00000000000000000000
111	4.09375000000000000000 1.03125000000000000000 1.00000000000000000000
112	4.53125000000000000000 1.03125000000000000000 1.00000000000000000000
113	4.96875000000000000000 1.03125000000000000000 1.00000000000000000000
114	5.40625000000000000000 1.03125000000000000000 1.00000000000000000000
115	5.84375000000000000000 1.03125000000000000000 1.00000000000000000000
116	6.28125000000000000000 1.03125000000000000000 1.00000000000000000000
117	6.71875000000000000000 1.03125000000000000000 1.00000000000000000000
118	7.15625000000000000000 1.03125000000000000000 1.00000000000000000000
119	7.59375000000000000000 1.03125000000000000000 1.00000000000000000000
120	8.03125000000000000000 1.03125000000000000000 1.00000000000000000000
121	8.46875000000000000000 1.03125000000000000000 1.00000000000000000000
122	8.90625000000000000000 1.03125000000000000000 1.00000000000000000000
123	9.34375000000000000000 1.03125000000000000000 1.00000000000000000000
124	9.78125000000000000000 1.03125000000000000000 1.00000000000000000000
125	10.00000000000000000000 1.03125000000000000000 1.00000000000000000000
126	3.00000000000000000000 1.21875000000000000000 1.00000000000000000000
127	3.21875000000000000000 1.21875000000000000000 1.00000000000000000000
128	3.65625000000000000000 1.21875000000000000000 1.00000000000000000000
129	4.09375000000000000000 1.21875000000000000000 1.00000000000000000000
130	4.53125000000000000000 1.21875000000000000000 1.00000000000000000000
131	4.96875000000000000000 1.21875000000000000000 1.00000000000000000000
132	5.40625000000000000000 1.21875000000000000000 1.00000000000000000000
133	5.84375000000000000000 1.21875000000000000000 1.00000000000000000000
134	6.28125000000000000000 1.21875000000000000000 1.00000000000000000000
135	6.71875000000000000000 1.21875000000000000000 1.00000000000000000000
136	7.15625000000000000000 1.21875000000000000000 1.00000000000000000000
137	7.59375000000000000000 1.21875000000000000000 1.00000000000000000000
138	8.03125000000000000000 1.21875000000000000000 1.00000000000000000000
139	8.46875000000000000000 1.21875000000000000000 1.00000000000000000000
140	8.90625000000000000000 1.21875000000000000000 1.00000000000000000000
141	9.34375000000000000000 1.21875000000000000000 1.00000000000000000000
142	9.78125000000000000000 1.21875000000000000000 1.00000000000000000000
143	10.00000000000000000000 1.21875000000000000000 1.00000000000000000000
144	3.00000000000000000000 1.40625000000000000000 1.00000000000000000000
145	3.21875000000000000000 1.40625000000000000000 1.00000000000000000000
146	3.65625000000000000000 1.40625000000000000000 1.00000000000000000000
147	4.09375000000000000000 1.40625000000000000000 1.00000000000000000000
148	4.53125000000000000000 1.40625000000000000000 1.00000000000000000000
149	4.96875000000000000000 1.40625000000000000000 1.00000000000000000000
150	5.40625000000000000000 1.40625000000000000000 1.00000000000000000000
151	5.84375000000000000000 1.40625000000000000000 1.00000000000000000000
152	6.28125000000000000000 1.40625000000000000000 1.00000000000000000000
153	6.71875000000000000000 1.40625000000000000000 1.00000000000000000000
154	7.15625000000000000000 1.40625000000000000000 1.00000000000000000000
155	7.59375000000000000000 1.40625000000000000000 1.00000000000000000000
156	8.03125000000000000000 1.40625000000000000000 1.00000000000000000000
157	8.46875000000000000000 1.40625000000000000000 1.00000000000000000000
158	8.90625000000000000000 1.40625000000000000000 1.00000000000000000000
159	9.34375000000000000000 1.40625000000000000000 1.00000000000000000000
160	9.78125000000000000000 1.40625000000000000000 1.00000000000000000000
161	10.00000000000000000000 1.40625000000000000000 1.00000000000000000000
162	3.00000000000000000000 1.59375000000000000000 1.00000000000000000000
163	3.21875000000000000000 1.59375000000000000000 1.00000000000000000000
164	3.65625000000000000000 1.59375000000000000000 1.00000000000000000000
165	4.09375000000000000000 1.59375000000000000000 1.00000000000000000000
166	4.53125000000000000000 1.59375000000000000000 1.00000000000000000000
167	4.96875000000000000000 1.59375000000000000000 1.00000000000000000000
168	5.40625000000000000000 1.59375000000000000000 1.00000000000000000000
169	5.84375000000000000000 1.59375000000000000000 1.00000000000000000000
170	6.28125000000000000000 1.59375000000000000000 1.00000000000000000000
171	6.71875000000000000000 1.59375000000000000000 1.00000000000000000000
172	7.15625000000000000000 1.59375000000000000000 1.00000000000000000000
173	7.59375000000000000000 1.59375000000000000000 1.00000000000000000000
174	8.03125000000000000000 1.59375000000000000000 1.00000000000000000000
175	8.46875000000000000000 1.59375000000000000000 1.00000000000000000000
176	8.90625000000000000000 1.59375000000000000000 1.00000000000000000000
177	9.34375000000000000000 1.59375000000000000000 1.00000000000000000000
178	9.78125000000000000000 1.59375000000000000000 1.00000000000000000000
179	10.00000000000000000000 1.59375000000000000000 1.00000000000000000000
180	3.00000000000000000000 1.78125000000000000000 1.00000000000000000000
181	3.21875000000000000000 1.78125000000000000000 1.00000000000000000000
182	3.65625000000000000000 1.78125000000000000000 1.00000000000000000000
183	4.09375000000000000000 1.78125000000000000000 1.00000000000000000000
184	4.53125000000000000000 1.78125000000000000000 1.00000000000000000000
185	4.96875000000000000000 1.78125000000000000000 1.00000000000000000000
186	5.40625000000000000000 1.78125000000000000000 1.00000000000000000000
187	5.84375000000000000000 1.78125000000000000000 1.00000000000000000000
188	6.28125000000000000000 1.78125000000000000000 1.00000000000000000000
189	6.71875000000000000000 1.78125000000000000000 1.00000000000000000000
190	7.15625000000000000000 1.78125000000000000000 1.00000000000000000000
191	7.59375000000000000000 1.78125000000000000000 1.00000000000000000000
192	8.03125000000000000000 1.78125000000000000000 1.00000000000000000000
193	8.46875000000000000000 1.78125000000000000000 1.00000000000000000000
194	8.90625000000000000000 1.78125000000000000000 1.00000000000000000000
195	9.34375000000000000000 1.78125000000000000000 1.00000000000000000000
196	9.78125000000000000000 1.78125000000000000000 1.00000000000000000000
197	10.00000000000000000000 1.78125000000000000000 1.00000000000000000000
198	3.00000000000000000000 1.96875000000000000000 1.00000000000000000000
199	3.21875000000000000000 1.96875000000000000000 1.00000000000000000000
200	3.65625000000000000000 1.96875000000000000000 1.00000000000000000000
201	4.09375000000000000000 1.96875000000000000000 1.00000000000000000000
202	4.53125000000000000000 1.96875000000000000000 1.00000000000000000000
203	4.96875000000000000000 1.96875000000000000000 1.00000000000000000000
204	5.40625000000000000000 1.96875000000000000000 1.00000000000000000000
205	5.84375000000000000000 1.96875000000000000000 1.00000000000000000000
206	6.28125000000000000000 1.96875000000000000000 1.00000000000000000000
207	6.71875000000000000000 1.96875000000000000000 1.00000000000000000000
208	7.15625000000000000000 1.96875000000000000000 1.00000000000000000000
209	7.59375000000000000000 1.96875000000000000000 1.00000000000000000000
210	8.03125000000000000000 1.96875000000000000000 1.00000000000000000000
211	8.46875000000000000000 1.96875000000000000000 1.00000000000000000000
212	8.90625000000000000000 1.96875000000000000000 1.00000000000000000000
213	9.34375000000000000000 1.96875000000000000000 1.00000000000000000000
214	9.78125000000000000000 1.96875000000000000000 1.00000000000000000000
215	10.00000000000000000000 1.96875000000000000000 1.00000000000000000000
216	3.00000000000000000000 2.15625000000000000000 1.00000000000000000000
217	3.21875000000000000000 2.15625000000000000000 1.00000000000000000000
218	3.65625000000000000000 2.15625000000000000000 1.00000000000000000000
219	4.09375000000000000000 2.15625000000000000000 1.00000000000000000000
220	4.53125000000000000000 2.15625000000000000000 1.00000000000000000000
221	4.96875000000000000000 2.15625000000000000000 1.00000000000000000000
222	5.40625000000000000000 2.15625000000000000000 1.00000000000000000000
223	5.84375000000000000000 2.15625000000000000000 1.00000000000000000000
224	6.28125000000000000000 2.15625000000000000000 1.00000000000000000000
225	6.71875000000000000000 2.15625000000000000000 1.00000000000000000000
226	7.15625000000000000000 2.15625000000000000000 1.00000000000000000000
227	7.59375000000000000000 2.15625000000000000000 1.00000000000000000000
228	8.03125000000000000000 2.15625000000000000000 1.00000000000000000000
229	8.46875000000000000000 2.15625000000000000000 1.00000000000000000000
230	8.90625000000000000000 2.15625000000000000000 1.00000000000000000000
231	9.34375000000000000000 2.15625000000000000000 1.00000000000000000000
232	9.78125000000000000000 2.15625000000000000000 1.00000000000000000000
233	10.00000000000000000000 2.15625000000000000000 1.00000000000000000000
234	3.00000000000000000000 2.34375000000000000000 1.00000000000000000000
235	3.21875000000000000000 2.34375000000000000000 1.00000000000000000000
236	3.65625000000000000000 2.34375000000000000000 1.00000000000000000000
237	4.09375000000000000000 2.34375000000000000000 1.00000000000000000000
238	4.53125000000000000000 2.34375000000000000000 1.00000000000000000000
239	4.96875000000000000000 2.34375000000000000000 1.00000000000000000000
240	5.40625000000000000000 2.34375000000000000000 1.00000000000000000000
241	5.84375000000000000000 2.34375000000000000000 1.00000000000000000000
242	6.28125000000000000000 2.34375000000000000000 1.00000000000000000000
243	6.71875000000000000000 2.34375000000000000000 1.00000000000000000000
244	7.15625000000000000000 2.34375000000000000000 1.00000000000000000000
245	7.59375000000000000000 2.34375000000000000000 1.00000000000000000000
246	8.03125000000000000000 2.34375000000000000000 1.00000000000000000000
247	8.46875000000000000000 2.34375000000000000000 1.00000000000000000000
248	8.90625000000000000000 2.34375000000000000000 1.00000000000000000000
249	9.34375000000000000000 2.34375000000000000000 1.00000000000000000000
250	9.78125000000000000000 2.34375000000000000000 1.00000000000000000000
251	10.00000000000000000000 2.34375000000000000000 1.00000000000000000000
252	3.00000000000000000000 2.53125000000000000000 1.00000000000000000000
253	3.21875000000000000000 2.53125000000000000000 1.00000000000000000000
254	3.65625000000000000000 2.53125000000000000000 1.00000000000000000000
255	4.09375000000000000000 2.53125000000000000000 1.00000000000000000000
256	4.53125000000000000000 2.53125000000000000000 1.00000000000000000000
257	4.96875000000000000000 2.53125000000000000000 1.00000000000000000000
258	5.40625000000000000000 2.53125000000000000000 1.00000000000000000000
259	5.84375000000000000000 2.53125000000000000000 1.00000000000000000000
260	6.28125000000000000000 2.53125000000000000000 1.00000000000000000000
261	6.71875000000000000000 2.53125000000000000000 1.00000000000000000000
262	7.15625000000000000000 2.53125000000000000000 1.00000000000000000000
263	7.59375000000000000000 2.53125000000000000000 1.00000000000000000000
264	8.03125000000000000000 2.53125000000000000000 1.00000000000000000000
265	8.46875000000000000000 2.53125000000000000000 1.00000000000000000000
266	8.90625000000000000000 2.53125000000000000000 1.00000000000000000000
267	9.34375000000000000000 2.53125000000000000000 1.00000000000000000000
268	9.78125000000000000000 2.53125000000000000000 1.00000000000000000000
269	10.00000000000000000000 2.53125000000000000000 1.00000000000000000000
270	3.00000000000000000000 2.71875000000000000000 1.00000000000000000000
271	3.21875000000000000000 2.71875000000000000000 1.00000000000000000000
272	3.65625000000000000000 2.71875000000000000000 1.00000000000000000000
273	4.09375000000000000000 2.71875000000000000000 1.00000000000000000000
274	4.53125000000000000000 2.71875000000000000000 1.00000000000000000000
275	4.96875000000000000000 2.71875000000000000000 1.00000000000000000000
276	5.40625000000000000000 2.71875000000000000000 1.00000000000000000000
277	5.84375000000000000000 2.71875000000000000000 1.00000000000000000000
278	6.28125000000000000000 2.71875000000000000000 1.00000000000000000000
279	6.71875000000000000000 2.71875000000000000000 1.00000000000000000000
280	7.15625000000000000000 2.71875000000000000000 1.00000000000000000000
281	7.59375000000000000000 2.71875000000000000000 1.00000000000000000000
282	8.03125000000000000000 2.71875000000000000000 1.00000000000000000000
283	8.46875000000000000000 2.71875000000000000000 1.00000000000000000000
284	8.90625000000000000000 2.71875000000000000000 1.00000000000000000000
285	9.34375000000000000000 2.71875000000000000000 1.00000000000000000000
286	9.78125000000000000000 2.71875000000000000000 1.00000000000000000000
287	10.00000000000000000000 2.71875000000000000000 1.00000000000000000000
288	3.00000000000000000000 2.90625000000000000000 1.00000000000000000000
289	3.21875000000000000000 2.90625000000000000000 1.00000000000000000000
290	3.65625000000000000000 2.90625000000000000000 1.00000000000000000000
291	4.09375000000000000000 2.90625000000000000000 1.00000000000000000000
292	4.53125000000000000000 2.90625000000000000000 1.00000000000000000000
293	4.96875000000000000000 2.90625000000000000000 1.00000000000000000000
294	5.40625000000000000000 2.90625000000000000000 1.00000000000000000000
295	5.84375000000000000000 2.90625000000000000000 1.00000000000000000000
296	6.28125000000000000000 2.90625000000000000000 1.00000000000000000000
297	6.71875000000000000000 2.90625000000000000000 1.00000000000000000000
298	7.15625000000000000000 2.90625000000000000000 1.00000000000000000000
299	7.59375000000000000000 2.90625000000000000000 1.00000000000000000000
300	8.03125000000000000000 2.90625000000000000000 1.00000000000000000000
301	8.46875000000000000000 2.90625000000000000000 1.00000000000000000000
302	8.90625000000000000000 2.90625000000000000000 1.00000000000000000000
303	9.34375000000000000000 2.90625000000000000000 1.00000000000000000000
304	9.78125000000000000000 2.90625000000000000000 1.00000000000000000000
305	10.00000000000000000000 2.90625000000000000000 1.00000000000000000000
306	3.00000000000000000000 3.00000000000000000000 1.00000000000000000000
307	3.21875000000000000000 3.00000000000000000000 1.00000000000000000000
308	3.65625000000000000000 3.00000000000000000000 1.00000000000000000000
309	4.09375000000000000000 3.00000000000000000000 1.00000000000000000000
310	4.53125000000000000000 3.00000000000000000000 1.00000000000000000000
311	4.96875000000000000000 3.00000000000000000000 1.00000000000000000000
312	5.40625000000000000000 3.00000000000000000000 1.00000000000000000000
313	5.84375000000000000000 3.00000000000000000000 1.00000000000000000000
314	6.28125000000000000000 3.00000000000000000000 1.00000000000000000000
315	6.71875000000000000000 3.00000000000000000000 1.00000000000000000000
316	7.15625000000000000000 3.00000000000000000000 1.00000000000000000000
317	7.59375000000000000000 3.00000000000000000000 1.00000000000000000000
318	8.03125000000000000000 3.00000000000000000000 1.00000000000000000000
319	8.46875000000000000000 3.00000000000000000000 1.00000000000000000000
320	8.90625000000000000000 3.00000000000000000000 1.00000000000000000000
321	9.34375000000000000000 3.00000000000000000000 1.00000000000000000000
322	9.78125000000000000000 3.00000000000000000000 1.00000000000000000000
323	10.00000000000000000000 3.00000000000000000000 1.00000000000000000000

Constraint

Load

DistributedForce
