E  nu

No_patch

Total_Control_Point

2	2

21	21

18	18

Patch_connectivity

Constraint	Load	DistributedForce

0.0000000000 0.0000000000 0.0000000000 0.0625000000 0.1250000000 0.1875000000 0.2500000000 0.3125000000 0.3750000000 0.4375000000 0.5000000000 0.5625000000 0.6250000000 0.6875000000 0.7500000000 0.8125000000 0.8750000000 0.9375000000 1.0000000000 1.0000000000 1.0000000000 
-1.0000000000 -1.0000000000 -1.0000000000 -0.9375000000 -0.8750000000 -0.8125000000 -0.7500000000 -0.6875000000 -0.6250000000 -0.5625000000 -0.5000000000 -0.4375000000 -0.3750000000 -0.3125000000 -0.2500000000 -0.1875000000 -0.1250000000 -0.0625000000 0.0000000000 0.0000000000 0.0000000000 

0	0.70710678118654757274 0.70710678118654757274 1.00000000000000000000
1	0.77875969427446789517 0.77875969427446789517 1.00000000000000000000
2	0.92206552045030842901 0.92206552045030876208 1.00000000000000000000
3	1.06537134662614896286 1.06537134662614896286 1.00000000000000000000
4	1.20867717280199005181 1.20867717280199005181 1.00000000000000000000
5	1.35198299897783091872 1.35198299897783091872 1.00000000000000000000
6	1.49528882515367089745 1.49528882515367200767 1.00000000000000000000
7	1.63859465132951198640 1.63859465132951198640 1.00000000000000000000
8	1.78190047750535307536 1.78190047750535307536 1.00000000000000000000
9	1.92520630368119394227 1.92520630368119394227 1.00000000000000000000
10	2.06851212985703503122 2.06851212985703503122 1.00000000000000000000
11	2.21181795603287500995 2.21181795603287500995 1.00000000000000000000
12	2.35512378220871587686 2.35512378220871587686 1.00000000000000000000
13	2.49842960838455718786 2.49842960838455718786 1.00000000000000000000
14	2.64173543456039805477 2.64173543456039805477 1.00000000000000000000
15	2.78504126073623892168 2.78504126073623892168 1.00000000000000000000
16	2.92834708691207978859 2.92834708691207978859 1.00000000000000000000
17	3.00000000000000000000 3.00000000000000000000 1.00000000000000000000
18	0.69011355729781953539 0.72410000507527549907 0.99524247078195537952
19	0.75968848197120908416 0.79555118816126890735 0.99539114357001934330
20	0.89877599918413286773 0.93838954126059870298 0.99568848914614704881
21	1.03778046891486197545 1.08114260729877798006 0.99598583472227486535
22	1.17670196552117500843 1.22381046263882597991 0.99628318029840268188
23	1.31554056327210600053 1.36639318355262306959 0.99658052587453038740
24	1.45429633634808208598 1.50889084622105196232 0.99687787145065831496
25	1.59296935884104606806 1.65130352673413005604 0.99717521702678602047
26	1.73155970475460008196 1.79363130109114510269 0.99747256260291383700
27	1.87006744800412505469 1.93587424520078710266 0.99776990817904165354
28	2.00849266241692081536 2.07803243488129218974 0.99806725375516935905
29	2.14683542173233510297 2.22010594586056919653 0.99836459933129717559
30	2.28509579960189279646 2.36209485377633621184 0.99866194490742499212
31	2.42327386958942803119 2.50399923417625913658 0.99895929048355269764
32	2.56136970517121520530 2.64581916251807580664 0.99925663605968051417
33	2.69938337973609421283 2.78755471416974121013 0.99955398163580833071
34	2.83731496658561122004 2.92920596440955316453 0.99985132721193603622
35	2.90625000000000000000 3.00000000000000000000 1.00000000000000000000
36	0.65438368247510358966 0.75655093736344247723 0.98691679465037751573
37	0.71972326699949229489 0.82755869815177662829 0.98732564481755313857
38	0.85024022820552835888 0.96939794043650873157 0.98814334515190460628
39	0.98054135934767316929 1.11100262950730011013 0.98896104548625585196
40	1.11062719534643106201 1.25237334668874189525 0.98977874582060731967
41	1.24049826935607998557 1.39351067138597795037 0.99059644615495878739
42	1.37015511277195201068 1.53441518109262098335 0.99141414648931014408
43	1.49959825523768608413 1.67508745139862891271 0.99223184682366150078
44	1.62882822465243393140 1.81552805599814193194 0.99304954715801307952
45	1.75784554717804208934 1.95573756669728404667 0.99386724749236432519
46	1.88665074724618797575 2.09571655342191709437 0.99468494782671590393
47	2.01524434756549197800 2.23546558422537211541 0.99550264816106726062
48	2.14362686912857913768 2.37498522529612499099 0.99632034849541861732
49	2.27179883121912418176 2.51427604096544898837 0.99713804882977008504
50	2.39976075141884592767 2.65333859371501912250 0.99795574916412155275
51	2.52751314561447992801 2.79217344418448387700 0.99877344949847290945
52	2.65505652800470581809 2.93078115117900495079 0.99959114983282426614
53	2.71875000000000000000 3.00000000000000000000 1.00000000000000000000
54	0.61683102844355919281 0.78747405916405344151 0.97978050082331069603
55	0.67785187568237581512 0.85799687023811277431 0.98041236017258204249
56	0.79965791242936934413 0.99877013881580267718 0.98167607887112517950
57	0.92115074878176461670 1.13918143647279790365 0.98293979756966820549
58	1.04233159118880203131 1.27923215752261310030 0.98420351626821134250
59	1.16320163991134006842 1.41892368912674093906 0.98546723496675447951
60	1.28376208906147692979 1.55825741134045592240 0.98673095366529750549
61	1.40401412664187996704 1.69723469715825792115 0.98799467236384064250
62	1.52395893458480902183 1.83585691255897409668 0.98925839106238377951
63	1.64359768879082990267 1.97412541655050599587 0.99052210976092669448
64	1.76293155916725297061 2.11204156121424890813 0.99178582845947005353
65	1.88196170966626197263 2.24960669174915617319 0.99304954715801296850
66	2.00068929832275888003 2.38682214651548285644 0.99431326585655610550
67	2.11911547729191918066 2.52368925707818192450 0.99557698455509924251
68	2.23724139288645496038 2.66020934824998178669 0.99684070325364237952
69	2.35506818561361086495 2.79638373813412899338 0.99810442195218551653
70	2.47259699021186385437 2.93221373816680808133 0.99936814065072843150
71	2.53125000000000000000 3.00000000000000000000 1.00000000000000000000
72	0.57755311671360931580 0.81672247992328594890 0.97383358930075492044
73	0.63418224467932871047 0.88672435980377195541 0.97465128963510616611
74	0.74715591828060834434 1.02637633420608609391 0.97628669030380910154
75	0.85975173515268854540 1.16556122245822191275 0.97792209097251192595
76	0.97197158782506243302 1.30428136400327310263 0.97955749164121463934
77	1.08381735620974795076 1.44253908268728592290 0.98119289230991746376
78	1.19529090770626589268 1.58033668688903494726 0.98282829297862039919
79	1.30639409730556699252 1.71767646964848896829 0.98446369364732311258
80	1.41712876769292894785 1.85456070879399992357 0.98609909431602615904
81	1.52749674934982904162 1.99099166706824504125 0.98773449498472876140
82	1.63749986065480390707 2.12697159225289711415 0.98936989565343180786
83	1.74713990798331897381 2.26250271729207597105 0.99100529632213452125
84	1.85641868580664293198 2.39758726041457181921 0.99264069699083723464
85	1.96533797678974608836 2.53222742525487198861 0.99427609765954017007
86	2.07389955188824082200 2.66642540097297908730 0.99591149832824288346
87	2.18210517044435992062 2.80018336237306497694 0.99754689899694581889
88	2.28995658028200388401 2.93350347002095412918 0.99918229966564853228
89	2.34375000000000000000 3.00000000000000000000 1.00000000000000000000
90	0.53666280684226552733 0.84415767536575336827 0.96907606008271041098
91	0.58883794687088419906 0.91360832034653260969 0.97004243320512550941
92	0.69287698038161671388 1.05209530814443796842 0.97197517944995626138
93	0.79650307742057746552 1.19003263370310596869 0.97390792569478668028
94	0.89971869156888251151 1.32742356299922392715 0.97584067193961743225
95	1.00252625700785902296 1.46427133618630489487 0.97777341818444796218
96	1.10492818871040210382 1.60057916784939791022 0.97970616442927860312
97	1.20692688263007008587 1.73635024725680398028 0.98163891067410924407
98	1.30852471588795804536 1.87158773860880800477 0.98357165691893988502
99	1.40972404695735908930 2.00629478128350280386 0.98550440316377030392
100	1.51052721584626792328 2.14047449007970591595 0.98743714940860116691
101	1.61093654427774590765 2.27412995545704799127 0.98936989565343158581
102	1.71095433586816203508 2.40726424377323677817 0.99130264189826222676
103	1.81058287630337400032 2.53988039751855998460 0.99323538814309286771
104	1.90982443351283692756 2.67198143554765810137 0.99516813438792350865
105	2.00868125784169793135 2.80357035330859094557 0.99710088063275414960
106	2.10715558222089383023 2.93465012306925299157 0.99903362687758467953
107	2.15625000000000000000 3.00000000000000000000 1.00000000000000000000
108	0.49428737851048981655 0.86965145159110335271 0.96550791316917694562
109	0.54195718429096995106 0.93852624032246512176 0.96658579088264007240
110	0.63697855480124943028 1.07581601341274790684 0.96874154630956654799
111	0.73157795929146685054 1.21249611713249794143 0.97089730173649280154
112	0.82575820230202434669 1.34857060356719293814 0.97305305716341949918
113	0.91952206357493215805 1.48404348897283600017 0.97520881259034575272
114	1.01287229832728997714 1.61891875417109298851 0.97736456801727222832
115	1.10581163752116706789 1.75320034493922305430 0.97952032344419870391
116	1.19834278812992089946 1.88689217239486106692 0.98167607887112517950
117	1.29046843340101391462 2.01999811337574586290 0.98383183429805154407
118	1.38219123311538294452 2.15252201081447003261 0.98598758972497824171
119	1.47351382384342088905 2.28446767410831386158 0.98814334515190438424
120	1.56443881919759908428 2.41583887948426490055 0.99029910057883108188
121	1.65496881008181895290 2.54663937035926490893 0.99245485600575744645
122	1.74510636493749604625 2.67687285769577920647 0.99461061143268381102
123	1.83485402998647195716 2.80654302035275504679 0.99676636685961039763
124	1.92421432947077297726 2.93565350543202718825 0.99892212228653665118
125	1.96875000000000000000 3.00000000000000000000 1.00000000000000000000
126	0.45056731588020498824 0.89308778330191618267 0.96312914856015452436
127	0.49369148636474441405 0.96136765401275137144 0.96428136266764963302
128	0.57963139152972753543 1.09743903921586505312 0.96658579088264007240
129	0.66516249425589557553 1.23286315451546690802 0.96889021909763028972
130	0.75028770453418602848 1.36764460739276105805 0.97119464731262072910
131	0.83500990480188008735 1.50178796170237305319 0.97349907552761094642
132	0.91933195026794800597 1.63529773818747492520 0.97580350374260138580
133	1.00325666923380296680 1.76817841498765093711 0.97810793195759182517
134	1.08678686340952590506 1.90043442813958107784 0.98041236017258204249
135	1.16992530822564289039 2.03207017207069196019 0.98271678838757248187
136	1.25267475314052889601 2.16309000008587482000 0.98502121660256292124
137	1.33503792194350001665 2.29349822484738785633 0.98732564481755302754
138	1.41701751305367995570 2.42329911884805104805 0.98963007303254357794
139	1.49861619981469207374 2.55249691487785090871 0.99193450124753379527
140	1.57983663078525693457 2.68109580648404888237 0.99423892946252412361
141	1.66068143002576196210 2.80909994842491617106 0.99654335767751445196
142	1.74115319738085605472 2.93651345711717315368 0.99884778589250466929
143	1.78125000000000000000 3.00000000000000000000 1.00000000000000000000
144	0.40565481548826892721 0.91436447407519783059 0.96193976625564336924
145	0.44420413628444310739 0.98203567921169077071 0.96312914856015452436
146	0.52101785086968654959 1.11687791584870899086 0.96550791316917683460
147	0.59745399698552570378 1.25105735187553590571 0.96788667777819914484
148	0.67351535164474418682 1.38457886218485204388 0.97026544238722145508
149	0.74920466469352364758 1.51744727397986589601 0.97264420699624365430
150	0.82452465914283390447 1.64966736735605401520 0.97502297160526585351
151	0.89947803149498717357 1.78124387587440691227 0.97740173621428838580
152	0.97406745206543432491 1.91218148712632296515 0.97978050082331058501
153	1.04829556529988110469 2.04248484329029400541 0.98215926543233289525
154	1.12216499008681491745 2.17215854168052402429 0.98453803004135520549
155	1.19567832006550500701 2.30120713528760800770 0.98691679465037740471
156	1.26883812392956096815 2.42963513331141411911 0.98929555925939971495
157	1.34164694572612508416 2.55744700168629401915 0.99167432386842202519
158	1.41410730515076599190 2.68464716359875810170 0.99405308847744433542
159	1.48622169783814905841 2.81123999999772689051 0.99643185308646653464
160	1.55799259564855097082 2.93722985009749892882 0.99881061769548884488
161	1.59375000000000000000 3.00000000000000000000 1.00000000000000000000
162	0.35971204924191091390 0.93339459094737597944 0.96193976625564348026
163	0.39366835822714107973 1.00044833875413896607 0.96312914856015452436
164	0.46132999721038009389 1.13406022450260901557 0.96550791316917683460
165	0.52865905363845655529 1.26701535728100500577 0.96788667777819914484
166	0.59565797365314887557 1.39931856750166594416 0.97026544238722145508
167	0.66232917946643621310 1.53097463832259794714 0.97264420699624365430
168	0.72867506965240347316 1.66198830622390203438 0.97502297160526585351
169	0.79469801943488871387 1.79236426157579109564 0.97740173621428838580
170	0.86040038097093785030 1.92210714919833103309 0.97978050082331058501
171	0.92578448363013920996 2.05122156891304596726 0.98215926543233278423
172	0.99085263426991032620 2.17971207608652584042 0.98453803004135531651
173	1.05560711750680602528 2.30758318216618407703 0.98691679465037740471
174	1.12005019598390509472 2.43483935520826522136 0.98929555925939971495
175	1.18418411063435602415 2.56148502039826819754 0.99167432386842202519
176	1.24801108094113599734 2.68752456056389998906 0.99405308847744433542
177	1.31153330519308708446 2.81296231668066898379 0.99643185308646653464
178	1.37475296073729791324 2.93780258837026186924 0.99881061769548873386
179	1.40625000000000000000 3.00000000000000000000 1.00000000000000000000
180	0.31290922332773268844 0.95010763220756078162 0.96312914856015463538
181	0.34226530690140721802 1.01653962910553707921 0.96428136266764963302
182	0.40076751134940702403 1.14892848317936491220 0.96658579088264007240
183	0.45899143013013149472 1.28068758456364295562 0.96889021909763051177
184	0.51693904417298108811 1.41182141604625499554 0.97119464731262072910
185	0.57461231565064796456 1.54233441796917891686 0.97349907552761105745
186	0.63201318820059149139 1.67223098872967890216 0.97580350374260138580
187	0.68914358714338530554 1.80151548527441907055 0.97810793195759193619
188	0.74600541969798295217 1.93019222358660202943 0.98041236017258204249
189	0.80260057519395433534 2.05826547916625290924 0.98271678838757237084
190	0.85893092528074510561 2.18573948750377589079 0.98502121660256292124
191	0.91499832413400650211 2.31261844454686205097 0.98732564481755313857
192	0.97080460865903683843 2.43890650716087398209 0.98963007303254335589
193	1.02635159869139291899 2.56460779358283286200 0.99193450124753379527
194	1.08164109719471190907 2.68972638386906881536 0.99423892946252423464
195	1.13667489045578107287 2.81426632033667489807 0.99654335767751445196
196	1.19145474827691510988 2.93823160799884197658 0.99884778589250466929
197	1.21875000000000000000 3.00000000000000000000 1.00000000000000000000
198	0.26542248148910457806 0.96445039588848269219 0.96550791316917694562
199	0.29018190810100608079 1.03026030715398797533 0.96658579088264007240
200	0.33953546872899892373 1.16144078626911095853 0.96874154630956654799
201	0.38866986260068991932 1.29203872585249590621 0.97089730173649302358
202	0.43758654637844918156 1.42205799767479801332 0.97305305716341949918
203	0.48628696384450281753 1.55150243927157793777 0.97520881259034575272
204	0.53477254604297719265 1.68037585432086600257 0.97736456801727233934
205	0.58304471142007396889 1.80868201301573305884 0.97952032344419892596
206	0.63110486596239412371 1.93642465243195593949 0.98167607887112517950
207	0.67895440333344214690 2.06360747689084211842 0.98383183429805154407
208	0.72659470500834399953 2.19023415831730794423 0.98598758972497835273
209	0.77402714040679987395 2.31630833659325885421 0.98814334515190460628
210	0.82125306702429679007 2.44183361990635505734 0.99029910057883097085
211	0.86827383056161699937 2.56681358509423684922 0.99245485600575744645
212	0.91509076505265773971 2.69125177798426795661 0.99461061143268392204
213	0.96170519299059531448 2.81515171372887795798 0.99676636685961028661
214	1.00811842545241203695 2.93851687713654596834 0.99892212228653676220
215	1.03125000000000000000 3.00000000000000000000 1.00000000000000000000
216	0.21743170671302408659 0.97638752657056848694 0.96907606008271041098
217	0.23760860413033460525 1.04157837557881793877 0.97004243320512550941
218	0.27784203532746698517 1.17157118289743999995 0.97197517944995626138
219	0.31791577789077418714 1.30104804183208999646 0.97390792569478679130
220	0.35783078065631990228 1.43001201803886290875 0.97584067193961754327
221	0.39758798495798292061 1.55846615293456003393 0.97777341818444796218
222	0.43718832470145707614 1.68641346393577307161 0.97970616442927860312
223	0.47663272643737858436 1.81385694469516201011 0.98163891067410924407
224	0.51592210943359118058 1.94079956533494102366 0.98357165691893977399
225	0.55505738574655827389 2.06724427267760280102 0.98550440316377030392
226	0.59403946029193999134 2.19319399047396013103 0.98743714940860116691
227	0.63286923091434188482 2.31865161962849120059 0.98936989565343158581
228	0.67154758845624518138 2.44362003842205810500 0.99130264189826222676
229	0.71007541682613584122 2.56810210273202610409 0.99323538814309286771
230	0.74845359306583802983 2.69210064624981804116 0.99516813438792350865
231	0.78668298741706466082 2.81561848069593390065 0.99710088063275403858
232	0.82476446338719422435 2.93865839603247591683 0.99903362687758456850
233	0.84375000000000000000 3.00000000000000000000 1.00000000000000000000
234	0.16911827857763070404 0.98590172922486807305 0.97383358930075503146
235	0.18473706086041860597 1.05047925724033608397 0.97465128963510627713
236	0.21589613526349368811 1.17930978728864199745 0.97628669030380899052
237	0.24695099365266490188 1.30770942506662191107 0.97792209097251192595
238	0.27790215800323292417 1.43568032873705897501 0.97955749164121475037
239	0.30875014681049489651 1.56322464207428502014 0.98119289230991757478
240	0.33949547511869720973 1.69034449458389590681 0.98282829297862039919
241	0.37013865454970040769 1.81704200162126294771 0.98446369364732322360
242	0.40068019333135818094 1.94331926450887793045 0.98609909431602593699
243	0.43112059632561500200 2.06917837065251397632 0.98773449498472865038
244	0.46146036505632431757 2.19462139365625708010 0.98936989565343180786
245	0.49169999773679351485 2.31965039343638013136 0.99100529632213452125
246	0.52183998929705310843 2.44426741633409694288 0.99264069699083723464
247	0.55188083141085908512 2.56847449522720783222 0.99427609765954017007
248	0.58182301252243007195 2.69227364964064497244 0.99591149832824299448
249	0.61166701787291855030 2.81566688585591684557 0.99754689899694581889
250	0.64141332952662433176 2.93865619701949887244 0.99918229966564842126
251	0.65625000000000000000 3.00000000000000000000 1.00000000000000000000
252	0.12066284418468599393 0.99299365030211161898 0.97978050082331058501
253	0.13175789363644299645 1.05696565940348508050 0.98041236017258215352
254	0.15390514432834651037 1.18466262271972100351 0.98167607887112517950
255	0.17599544769775909980 1.31203123827612810892 0.98293979756966831651
256	0.19802902310600720148 1.43907277086966089996 0.98420351626821134250
257	0.22000608878922101042 1.56578847880960103645 0.98546723496675436849
258	0.24192686186553949423 1.69217961395909899380 0.98673095366529772754
259	0.26379155834226120092 1.81824742177640397145 0.98799467236384053148
260	0.28560039312293800107 1.94399314135576695151 0.98925839106238377951
261	0.30735358001441748232 2.06941800546804310912 0.99052210976092680550
262	0.32905133173382877798 2.19452324060097092584 0.99178582845947005353
263	0.35069385991551721427 2.31931006699915709390 0.99304954715801296850
264	0.37228137511792408487 2.44377969870374700534 0.99431326585655610550
265	0.39381408683041602137 2.56793334359179503679 0.99557698455509913149
266	0.41529220348006051777 2.69177220341533818271 0.99684070325364215748
267	0.43671593243835188369 2.81529747384016992839 0.99810442195218540551
268	0.45808548002788479492 2.93851034448432502089 0.99936814065072832047
269	0.46875000000000000000 3.00000000000000000000 1.00000000000000000000
270	0.07224315874675903137 0.99768143749869941939 0.98691679465037740471
271	0.07885846730624725132 1.06105713872413298660 0.98732564481755313857
272	0.09207266168641516091 1.18765120874240492910 0.98814334515190460628
273	0.10526500434408669893 1.31403593580656696815 0.98896104548625596298
274	0.11843554943730739970 1.44021183875925196105 0.98977874582060731967
275	0.13158435094530099296 1.56617943472995291287 0.99059644615495867637
276	0.14471146266920678625 1.69193923914208510517 0.99141414648931025511
277	0.15781693823281400801 1.81749176572002091312 0.99223184682366150078
278	0.17090083108329098827 1.94283752649607710516 0.99304954715801307952
279	0.18396319449191250728 2.06797703181748504520 0.99386724749236443621
280	0.19700408155478249528 2.19291079035330893632 0.99468494782671590393
281	0.21002354519355379003 2.31763930910134385854 0.99550264816106714960
282	0.22302163815614320375 2.44216309339496806530 0.99632034849541861732
283	0.23599841301744481359 2.56648264690997285342 0.99713804882977008504
284	0.24895392218003839502 2.69059847167135313128 0.99795574916412133071
285	0.26188821787489441340 2.81451106806005801886 0.99877344949847302047
286	0.27480135216207690618 2.93822093481972590467 0.99959114983282426614
287	0.28125000000000000000 3.00000000000000000000 1.00000000000000000000
288	0.02403204769188177839 0.99999999999999988898 0.99524247078195537952
289	0.02622082144549860855 1.06278938727125993324 0.99539114357001934330
290	0.03059640803162124931 1.18831190883886894660 0.99568848914614704881
291	0.03496938200766654126 1.31375948241988704801 0.99598583472227486535
292	0.03933974571287315175 1.43913217512009206089 0.99628318029840268188
293	0.04370750148368796745 1.56443005396517098582 0.99658052587453038740
294	0.04807265165377021948 1.68965318590084589978 0.99687787145065831496
295	0.05243519855399571272 1.81480163779298409032 0.99717521702678602047
296	0.05679514451246087114 1.93987547642772795164 0.99747256260291383700
297	0.06115249185448692892 2.06487476851160289826 0.99776990817904165354
298	0.06550724290262413541 2.18979958067164393043 0.99806725375516935905
299	0.06985939997665573109 2.31464997945551198555 0.99836459933129717559
300	0.07420896539360223587 2.43942603133160806905 0.99866194490742499212
301	0.07855594146772540420 2.56412780268919782145 0.99895929048355269764
302	0.08290033051053243007 2.68875535983852520516 0.99925663605968051417
303	0.08724213483077999931 2.81330876901092796771 0.99955398163580833071
304	0.09158135673447843905 2.93778809635896287489 0.99985132721193603622
305	0.09375000000000000000 3.00000000000000000000 1.00000000000000000000
306	0.00000000000000011102 1.00000000000000000000 1.00000000000000000000
307	0.00000000000000010755 1.06250000000000000000 1.00000000000000000000
308	0.00000000000000010061 1.18750000000000000000 1.00000000000000000000
309	0.00000000000000009368 1.31250000000000000000 1.00000000000000000000
310	0.00000000000000008674 1.43750000000000000000 1.00000000000000000000
311	0.00000000000000007980 1.56250000000000000000 1.00000000000000000000
312	0.00000000000000007286 1.68750000000000000000 1.00000000000000000000
313	0.00000000000000006592 1.81250000000000000000 1.00000000000000000000
314	0.00000000000000005898 1.93750000000000000000 1.00000000000000000000
315	0.00000000000000005204 2.06250000000000000000 1.00000000000000000000
316	0.00000000000000004510 2.18750000000000000000 1.00000000000000000000
317	0.00000000000000003816 2.31250000000000000000 1.00000000000000000000
318	0.00000000000000003123 2.43750000000000000000 1.00000000000000000000
319	0.00000000000000002429 2.56250000000000000000 1.00000000000000000000
320	0.00000000000000001735 2.68750000000000000000 1.00000000000000000000
321	0.00000000000000001041 2.81250000000000000000 1.00000000000000000000
322	0.00000000000000000347 2.93750000000000000000 1.00000000000000000000
323	0.00000000000000000000 3.00000000000000000000 1.00000000000000000000

Constraint

Load

DistributedForce
