0:  0.000000e+00  0.000000e+00	 0.000000e+00 0.000000e+00 
1:  3.125000e-01  0.000000e+00	 -8.859442e-04 0.000000e+00 
2:  9.375000e-01  0.000000e+00	 -3.110665e-03 0.000000e+00 
3:  1.562500e+00  0.000000e+00	 -9.447412e-03 0.000000e+00 
4:  2.187500e+00  0.000000e+00	 -1.202236e-02 0.000000e+00 
5:  2.812500e+00  0.000000e+00	 -1.352096e-02 0.000000e+00 
6:  3.437500e+00  0.000000e+00	 -1.497915e-02 0.000000e+00 
7:  4.062500e+00  0.000000e+00	 -1.630277e-02 0.000000e+00 
8:  4.687500e+00  0.000000e+00	 -1.733880e-02 0.000000e+00 
9:  5.312500e+00  0.000000e+00	 -1.807913e-02 0.000000e+00 
10:  5.937500e+00  0.000000e+00	 -1.844234e-02 0.000000e+00 
11:  6.562500e+00  0.000000e+00	 -1.838520e-02 0.000000e+00 
12:  7.187500e+00  0.000000e+00	 -1.786045e-02 0.000000e+00 
13:  7.812500e+00  0.000000e+00	 -1.683381e-02 0.000000e+00 
14:  8.437500e+00  0.000000e+00	 -1.528456e-02 0.000000e+00 
15:  9.062500e+00  0.000000e+00	 -1.321200e-02 0.000000e+00 
16:  9.687500e+00  0.000000e+00	 -1.064094e-02 0.000000e+00 
17:  1.000000e+01  0.000000e+00	 -9.135870e-03 0.000000e+00 
18:  0.000000e+00  3.125000e-01	 0.000000e+00 1.208157e-03 
19:  3.125000e-01  3.125000e-01	 -8.319587e-04 1.795367e-03 
20:  9.375000e-01  3.125000e-01	 3.364089e-04 -1.143975e-04 
21:  1.562500e+00  3.125000e-01	 -9.318103e-03 1.783212e-03 
22:  2.187500e+00  3.125000e-01	 -1.212774e-02 2.258937e-03 
23:  2.812500e+00  3.125000e-01	 -1.344481e-02 1.608997e-03 
24:  3.437500e+00  3.125000e-01	 -1.501367e-02 1.441935e-03 
25:  4.062500e+00  3.125000e-01	 -1.628718e-02 1.077728e-03 
26:  4.687500e+00  3.125000e-01	 -1.734415e-02 7.220080e-04 
27:  5.312500e+00  3.125000e-01	 -1.807728e-02 3.134005e-04 
28:  5.937500e+00  3.125000e-01	 -1.844296e-02 -1.347807e-04 
29:  6.562500e+00  3.125000e-01	 -1.838524e-02 -6.189554e-04 
30:  7.187500e+00  3.125000e-01	 -1.786068e-02 -1.134225e-03 
31:  7.812500e+00  3.125000e-01	 -1.683407e-02 -1.670887e-03 
32:  8.437500e+00  3.125000e-01	 -1.528484e-02 -2.217074e-03 
33:  9.062500e+00  3.125000e-01	 -1.321230e-02 -2.756731e-03 
34:  9.687500e+00  3.125000e-01	 -1.064125e-02 -3.270133e-03 
35:  1.000000e+01  3.125000e-01	 -9.135729e-03 -3.502115e-03 
36:  0.000000e+00  9.375000e-01	 0.000000e+00 1.584911e-04 
37:  3.125000e-01  9.375000e-01	 -7.717439e-04 -1.192191e-03 
38:  9.375000e-01  9.375000e-01	 -2.477783e-03 2.547033e-03 
39:  1.562500e+00  9.375000e-01	 -8.553573e-03 8.179735e-03 
40:  2.187500e+00  9.375000e-01	 -1.059262e-02 6.060437e-03 
41:  2.812500e+00  9.375000e-01	 -1.247991e-02 5.206103e-03 
42:  3.437500e+00  9.375000e-01	 -1.410916e-02 4.274148e-03 
43:  4.062500e+00  9.375000e-01	 -1.544630e-02 3.278040e-03 
44:  4.687500e+00  9.375000e-01	 -1.650927e-02 2.175439e-03 
45:  5.312500e+00  9.375000e-01	 -1.723534e-02 9.471195e-04 
46:  5.937500e+00  9.375000e-01	 -1.758677e-02 -3.976459e-04 
47:  6.562500e+00  9.375000e-01	 -1.751594e-02 -1.852649e-03 
48:  7.187500e+00  9.375000e-01	 -1.698080e-02 -3.399251e-03 
49:  7.812500e+00  9.375000e-01	 -1.594648e-02 -5.012294e-03 
50:  8.437500e+00  9.375000e-01	 -1.439047e-02 -6.655465e-03 
51:  9.062500e+00  9.375000e-01	 -1.230934e-02 -8.281312e-03 
52:  9.687500e+00  9.375000e-01	 -9.724613e-03 -9.830712e-03 
53:  1.000000e+01  9.375000e-01	 -8.208543e-03 -1.053208e-02 
54:  0.000000e+00  1.562500e+00	 0.000000e+00 1.602375e-02 
55:  3.125000e-01  1.562500e+00	 -6.678436e-04 1.858765e-02 
56:  9.375000e-01  1.562500e+00	 -3.117783e-03 1.646196e-02 
57:  1.562500e+00  1.562500e+00	 -6.265044e-03 1.269116e-02 
58:  2.187500e+00  1.562500e+00	 -8.596940e-03 1.040840e-02 
59:  2.812500e+00  1.562500e+00	 -1.077865e-02 8.824449e-03 
60:  3.437500e+00  1.562500e+00	 -1.245424e-02 7.208795e-03 
61:  4.062500e+00  1.562500e+00	 -1.383214e-02 5.517527e-03 
62:  4.687500e+00  1.562500e+00	 -1.486587e-02 3.652201e-03 
63:  5.312500e+00  1.562500e+00	 -1.555535e-02 1.598162e-03 
64:  5.937500e+00  1.562500e+00	 -1.586635e-02 -6.476783e-04 
65:  6.562500e+00  1.562500e+00	 -1.576156e-02 -3.073870e-03 
66:  7.187500e+00  1.562500e+00	 -1.520153e-02 -5.655472e-03 
67:  7.812500e+00  1.562500e+00	 -1.414973e-02 -8.352281e-03 
68:  8.437500e+00  1.562500e+00	 -1.257959e-02 -1.110608e-02 
69:  9.062500e+00  1.562500e+00	 -1.048146e-02 -1.383857e-02 
70:  9.687500e+00  1.562500e+00	 -7.870015e-03 -1.645101e-02 
71:  1.000000e+01  1.562500e+00	 -6.332451e-03 -1.763802e-02 
72:  0.000000e+00  2.187500e+00	 0.000000e+00 2.341843e-02 
73:  3.125000e-01  2.187500e+00	 -7.604865e-04 2.269701e-02 
74:  9.375000e-01  2.187500e+00	 -2.303249e-03 1.975758e-02 
75:  1.562500e+00  2.187500e+00	 -4.353408e-03 1.713885e-02 
76:  2.187500e+00  2.187500e+00	 -6.700216e-03 1.469378e-02 
77:  2.812500e+00  2.187500e+00	 -8.641324e-03 1.243610e-02 
78:  3.437500e+00  2.187500e+00	 -1.025287e-02 1.017099e-02 
79:  4.062500e+00  2.187500e+00	 -1.151555e-02 7.766269e-03 
80:  4.687500e+00  2.187500e+00	 -1.244498e-02 5.136781e-03 
81:  5.312500e+00  2.187500e+00	 -1.303294e-02 2.256943e-03 
82:  5.937500e+00  2.187500e+00	 -1.325772e-02 -8.856945e-04 
83:  6.562500e+00  2.187500e+00	 -1.308674e-02 -4.280205e-03 
84:  7.187500e+00  2.187500e+00	 -1.248040e-02 -7.898488e-03 
85:  7.812500e+00  2.187500e+00	 -1.139830e-02 -1.168932e-02 
86:  8.437500e+00  2.187500e+00	 -9.805784e-03 -1.557491e-02 
87:  9.062500e+00  2.187500e+00	 -7.682913e-03 -1.944749e-02 
88:  9.687500e+00  2.187500e+00	 -5.032950e-03 -2.316850e-02 
89:  1.000000e+01  2.187500e+00	 -3.464033e-03 -2.486889e-02 
90:  0.000000e+00  2.812500e+00	 0.000000e+00 2.484998e-02 
91:  3.125000e-01  2.812500e+00	 -2.505938e-04 2.504316e-02 
92:  9.375000e-01  2.812500e+00	 -1.519069e-03 2.355587e-02 
93:  1.562500e+00  2.812500e+00	 -3.165348e-03 2.118552e-02 
94:  2.187500e+00  2.812500e+00	 -4.754960e-03 1.859728e-02 
95:  2.812500e+00  2.812500e+00	 -6.278591e-03 1.588834e-02 
96:  3.437500e+00  2.812500e+00	 -7.548943e-03 1.303647e-02 
97:  4.062500e+00  2.812500e+00	 -8.542116e-03 9.951377e-03 
98:  4.687500e+00  2.812500e+00	 -9.241746e-03 6.584068e-03 
99:  5.312500e+00  2.812500e+00	 -9.638949e-03 2.896567e-03 
100:  5.937500e+00  2.812500e+00	 -9.712519e-03 -1.124207e-03 
101:  6.562500e+00  2.812500e+00	 -9.430277e-03 -5.474212e-03 
102:  7.187500e+00  2.812500e+00	 -8.749205e-03 -1.012527e-02 
103:  7.812500e+00  2.812500e+00	 -7.620570e-03 -1.501988e-02 
104:  8.437500e+00  2.812500e+00	 -5.997162e-03 -2.006413e-02 
105:  9.062500e+00  2.812500e+00	 -3.843259e-03 -2.512250e-02 
106:  9.687500e+00  2.812500e+00	 -1.145259e-03 -3.001618e-02 
107:  1.000000e+01  2.812500e+00	 4.640527e-04 -3.226993e-02 
108:  0.000000e+00  3.437500e+00	 0.000000e+00 2.815454e-02 
109:  3.125000e-01  3.437500e+00	 -3.603868e-04 2.810780e-02 
110:  9.375000e-01  3.437500e+00	 -9.247108e-04 2.689420e-02 
111:  1.562500e+00  3.437500e+00	 -1.718294e-03 2.476067e-02 
112:  2.187500e+00  3.437500e+00	 -2.677718e-03 2.208431e-02 
113:  2.812500e+00  3.437500e+00	 -3.568212e-03 1.905016e-02 
114:  3.437500e+00  3.437500e+00	 -4.320285e-03 1.568437e-02 
115:  4.062500e+00  3.437500e+00	 -4.872905e-03 1.198939e-02 
116:  4.687500e+00  3.437500e+00	 -5.207286e-03 7.929098e-03 
117:  5.312500e+00  3.437500e+00	 -5.306431e-03 3.477865e-03 
118:  5.937500e+00  3.437500e+00	 -5.149116e-03 -1.385034e-03 
119:  6.562500e+00  3.437500e+00	 -4.699899e-03 -6.662353e-03 
120:  7.187500e+00  3.437500e+00	 -3.909071e-03 -1.233223e-02 
121:  7.812500e+00  3.437500e+00	 -2.715363e-03 -1.833637e-02 
122:  8.437500e+00  3.437500e+00	 -1.053265e-03 -2.456951e-02 
123:  9.062500e+00  3.437500e+00	 1.135124e-03 -3.087074e-02 
124:  9.687500e+00  3.437500e+00	 3.887207e-03 -3.702052e-02 
125:  1.000000e+01  3.437500e+00	 5.544338e-03 -3.988080e-02 
126:  0.000000e+00  4.062500e+00	 0.000000e+00 3.112562e-02 
127:  3.125000e-01  4.062500e+00	 5.734532e-05 3.112894e-02 
128:  9.375000e-01  4.062500e+00	 2.060823e-05 3.000090e-02 
129:  1.562500e+00  4.062500e+00	 -8.681165e-05 2.795436e-02 
130:  2.187500e+00  4.062500e+00	 -2.389439e-04 2.517298e-02 
131:  2.812500e+00  4.062500e+00	 -3.874831e-04 2.183306e-02 
132:  3.437500e+00  4.062500e+00	 -4.565796e-04 1.803115e-02 
133:  4.062500e+00  4.062500e+00	 -4.152219e-04 1.378931e-02 
134:  4.687500e+00  4.062500e+00	 -2.428592e-04 9.104575e-03 
135:  5.312500e+00  4.062500e+00	 7.202856e-05 3.951710e-03 
136:  5.937500e+00  4.062500e+00	 5.510643e-04 -1.695171e-03 
137:  6.562500e+00  4.062500e+00	 1.231799e-03 -7.852913e-03 
138:  7.187500e+00  4.062500e+00	 2.172663e-03 -1.451280e-02 
139:  7.812500e+00  4.062500e+00	 3.451397e-03 -2.162405e-02 
140:  8.437500e+00  4.062500e+00	 5.157553e-03 -2.907699e-02 
141:  9.062500e+00  4.062500e+00	 7.379466e-03 -3.668881e-02 
142:  9.687500e+00  4.062500e+00	 1.018664e-02 -4.419836e-02 
143:  1.000000e+01  4.062500e+00	 1.189692e-02 -4.773271e-02 
144:  0.000000e+00  4.687500e+00	 0.000000e+00 3.398713e-02 
145:  3.125000e-01  4.687500e+00	 3.909075e-04 3.398871e-02 
146:  9.375000e-01  4.687500e+00	 1.191714e-03 3.288197e-02 
147:  1.562500e+00  4.687500e+00	 1.948567e-03 3.076121e-02 
148:  2.187500e+00  4.687500e+00	 2.680781e-03 2.781386e-02 
149:  2.812500e+00  4.687500e+00	 3.417332e-03 2.418765e-02 
150:  3.437500e+00  4.687500e+00	 4.175910e-03 1.998807e-02 
151:  4.062500e+00  4.687500e+00	 4.966987e-03 1.526935e-02 
152:  4.687500e+00  4.687500e+00	 5.788346e-03 1.003619e-02 
153:  5.312500e+00  4.687500e+00	 6.642197e-03 4.264694e-03 
154:  5.937500e+00  4.687500e+00	 7.542962e-03 -2.086007e-03 
155:  6.562500e+00  4.687500e+00	 8.528388e-03 -9.054033e-03 
156:  7.187500e+00  4.687500e+00	 9.665084e-03 -1.665498e-02 
157:  7.812500e+00  4.687500e+00	 1.104926e-02 -2.485782e-02 
158:  8.437500e+00  4.687500e+00	 1.280153e-02 -3.355846e-02 
159:  9.062500e+00  4.687500e+00	 1.504917e-02 -4.255846e-02 
160:  9.687500e+00  4.687500e+00	 1.790558e-02 -5.155366e-02 
161:  1.000000e+01  4.687500e+00	 1.967134e-02 -5.584503e-02 
162:  0.000000e+00  5.312500e+00	 0.000000e+00 3.656090e-02 
163:  3.125000e-01  5.312500e+00	 8.859196e-04 3.655795e-02 
164:  9.375000e-01  5.312500e+00	 2.651040e-03 3.537848e-02 
165:  1.562500e+00  5.312500e+00	 4.425550e-03 3.312764e-02 
166:  2.187500e+00  5.312500e+00	 6.204816e-03 2.995640e-02 
167:  2.812500e+00  5.312500e+00	 7.980337e-03 2.602990e-02 
168:  3.437500e+00  5.312500e+00	 9.732041e-03 2.146908e-02 
169:  4.062500e+00  5.312500e+00	 1.143208e-02 1.633768e-02 
170:  4.687500e+00  5.312500e+00	 1.305392e-02 1.064532e-02 
171:  5.312500e+00  5.312500e+00	 1.458023e-02 4.356051e-03 
172:  5.937500e+00  5.312500e+00	 1.601408e-02 -2.593109e-03 
173:  6.562500e+00  5.312500e+00	 1.738827e-02 -1.027372e-02 
174:  7.187500e+00  5.312500e+00	 1.877402e-02 -1.874047e-02 
175:  7.812500e+00  5.312500e+00	 2.028704e-02 -2.799837e-02 
176:  8.437500e+00  5.312500e+00	 2.208219e-02 -3.796729e-02 
177:  9.062500e+00  5.312500e+00	 2.434011e-02 -4.844146e-02 
178:  9.687500e+00  5.312500e+00	 2.723033e-02 -5.907306e-02 
179:  1.000000e+01  5.312500e+00	 2.905085e-02 -6.422324e-02 
