206000 0.3

10

108

2	2
2	2
2	2
2	2
2	2
2	2
2	2
2	2
2	2
2	2

6   6
6   6
6   6
6   6
9   6
9	9
6	9
6	9
6	9
6	6

3   3
3   3
3   3
3   3
6   3
6   6
3   6
3   6
3   6
3   3

0   1   2   3   4   5   6   7   8
6   7   8   9   10   11   12   13   14
12   13   14   15   16   17   18   19   20
18   19   20   21   22   23   24   25   26
2   27   28   29   30   31   5   32   33   34   35   36   8   37   38   39   40   41
8   37   38   39   40   41   42   43   44   45   46   47   48   49   50   51   52   53   54   55   56   57   58   59   60   61   62   63   64   65   66   67   68   69   70   71
14   11   8   72   73   42   74   75   48   76   77   54   78   79   60   80   81   66
20   17   14   82   83   72   84   85   74   86   87   76   88   89   78   90   91   80
92   93   20   94   95   82   96   97   84   98   99   86   100   101   88   102   103   90
104   105   26   106   107   23   92   93   20

22  0	4

0.000000000000000000000e+00   0.000000000000000000000e+00   0.000000000000000000000e+00   1.000000000000000000000e+00   1.000000000000000000000e+00   1.000000000000000000000e+00
0.000000000000000000000e+00   0.000000000000000000000e+00   0.000000000000000000000e+00   1.000000000000000000000e+00   1.000000000000000000000e+00   1.000000000000000000000e+00
0.000000000000000000000e+00   0.000000000000000000000e+00   0.000000000000000000000e+00   1.000000000000000000000e+00   1.000000000000000000000e+00   1.000000000000000000000e+00
0.000000000000000000000e+00   0.000000000000000000000e+00   0.000000000000000000000e+00   1.000000000000000000000e+00   1.000000000000000000000e+00   1.000000000000000000000e+00
0.000000000000000000000e+00   0.000000000000000000000e+00   0.000000000000000000000e+00   1.000000000000000000000e+00   1.000000000000000000000e+00   1.000000000000000000000e+00
0.000000000000000000000e+00   0.000000000000000000000e+00   0.000000000000000000000e+00   1.000000000000000000000e+00   1.000000000000000000000e+00   1.000000000000000000000e+00
0.000000000000000000000e+00   0.000000000000000000000e+00   0.000000000000000000000e+00   1.000000000000000000000e+00   1.000000000000000000000e+00   1.000000000000000000000e+00
0.000000000000000000000e+00   0.000000000000000000000e+00   0.000000000000000000000e+00   1.000000000000000000000e+00   1.000000000000000000000e+00   1.000000000000000000000e+00
0.000000000000000000000e+00   0.000000000000000000000e+00   0.000000000000000000000e+00   2.500000000000000000000e-01   5.000000000000000000000e-01   7.500000000000000000000e-01   1.000000000000000000000e+00   1.000000000000000000000e+00   1.000000000000000000000e+00
0.000000000000000000000e+00   0.000000000000000000000e+00   0.000000000000000000000e+00   1.000000000000000000000e+00   1.000000000000000000000e+00   1.000000000000000000000e+00
0.000000000000000000000e+00   0.000000000000000000000e+00   0.000000000000000000000e+00   2.500000000000000000000e-01   5.000000000000000000000e-01   7.500000000000000000000e-01   1.000000000000000000000e+00   1.000000000000000000000e+00   1.000000000000000000000e+00
0.000000000000000000000e+00   0.000000000000000000000e+00   0.000000000000000000000e+00   2.500000000000000000000e-01   5.000000000000000000000e-01   7.500000000000000000000e-01   1.000000000000000000000e+00   1.000000000000000000000e+00   1.000000000000000000000e+00
0.000000000000000000000e+00   0.000000000000000000000e+00   0.000000000000000000000e+00   1.000000000000000000000e+00   1.000000000000000000000e+00   1.000000000000000000000e+00
0.000000000000000000000e+00   0.000000000000000000000e+00   0.000000000000000000000e+00   2.500000000000000000000e-01   5.000000000000000000000e-01   7.500000000000000000000e-01   1.000000000000000000000e+00   1.000000000000000000000e+00   1.000000000000000000000e+00
0.000000000000000000000e+00   0.000000000000000000000e+00   0.000000000000000000000e+00   1.000000000000000000000e+00   1.000000000000000000000e+00   1.000000000000000000000e+00
0.000000000000000000000e+00   0.000000000000000000000e+00   0.000000000000000000000e+00   2.500000000000000000000e-01   5.000000000000000000000e-01   7.500000000000000000000e-01   1.000000000000000000000e+00   1.000000000000000000000e+00   1.000000000000000000000e+00
0.000000000000000000000e+00   0.000000000000000000000e+00   0.000000000000000000000e+00   1.000000000000000000000e+00   1.000000000000000000000e+00   1.000000000000000000000e+00
0.000000000000000000000e+00   0.000000000000000000000e+00   0.000000000000000000000e+00   2.500000000000000000000e-01   5.000000000000000000000e-01   7.500000000000000000000e-01   1.000000000000000000000e+00   1.000000000000000000000e+00   1.000000000000000000000e+00
0.000000000000000000000e+00   0.000000000000000000000e+00   0.000000000000000000000e+00   1.000000000000000000000e+00   1.000000000000000000000e+00   1.000000000000000000000e+00
0.000000000000000000000e+00   0.000000000000000000000e+00   0.000000000000000000000e+00   1.000000000000000000000e+00   1.000000000000000000000e+00   1.000000000000000000000e+00

0      1.000000000000000000000e+00      0.000000000000000000000e+00      1.000000000000000000000e+00
1      1.000000000000000000000e+00      0.000000000000000000000e+00      1.000000000000000000000e+00
2      1.500000000000000000000e+00      0.000000000000000000000e+00      1.000000000000000000000e+00
3      1.000000000000000000000e+00      0.000000000000000000000e+00      1.000000000000000000000e+00
4      1.000000000000000000000e+00      0.000000000000000000000e+00      1.000000000000000000000e+00
5      1.500000000000000000000e+00      2.500000000000000000000e-01      1.000000000000000000000e+00
6      1.000000000000000000000e+00      0.000000000000000000000e+00      1.000000000000000000000e+00
7      1.000000000000000000000e+00      0.000000000000000000000e+00      1.000000000000000000000e+00
8      1.500000000000000000000e+00      5.000000000000000000000e-01      1.000000000000000000000e+00
9      1.000000000000000000000e+00      0.000000000000000000000e+00      1.000000000000000000000e+00
10      1.000000000000000000000e+00      0.000000000000000000000e+00      1.000000000000000000000e+00
11      1.250000000000000000000e+00      5.000000000000000000000e-01      1.000000000000000000000e+00
12      1.000000000000000000000e+00      0.000000000000000000000e+00      1.000000000000000000000e+00
13      1.000000000000000000000e+00      0.000000000000000000000e+00      1.000000000000000000000e+00
14      1.000000000000000000000e+00      5.000000000000000000000e-01      1.000000000000000000000e+00
15      1.000000000000000000000e+00      0.000000000000000000000e+00      1.000000000000000000000e+00
16      1.000000000000000000000e+00      0.000000000000000000000e+00      1.000000000000000000000e+00
17      7.500000000000000000000e-01      5.000000000000000000000e-01      1.000000000000000000000e+00
18      1.000000000000000000000e+00      0.000000000000000000000e+00      1.000000000000000000000e+00
19      1.000000000000000000000e+00      0.000000000000000000000e+00      1.000000000000000000000e+00
20      5.000000000000000000000e-01      5.000000000000000000000e-01      1.000000000000000000000e+00
21      1.000000000000000000000e+00      0.000000000000000000000e+00      1.000000000000000000000e+00
22      1.000000000000000000000e+00      0.000000000000000000000e+00      1.000000000000000000000e+00
23      5.000000000000000000000e-01      2.500000000000000000000e-01      1.000000000000000000000e+00
24      1.000000000000000000000e+00      0.000000000000000000000e+00      1.000000000000000000000e+00
25      1.000000000000000000000e+00      0.000000000000000000000e+00      1.000000000000000000000e+00
26      5.000000000000000000000e-01      0.000000000000000000000e+00      1.000000000000000000000e+00
27      2.562500000000000000000e+00      0.000000000000000000000e+00      1.000000000000000000000e+00
28      4.687500000000000000000e+00      0.000000000000000000000e+00      1.000000000000000000000e+00
29      6.812500000000000000000e+00      0.000000000000000000000e+00      1.000000000000000000000e+00
30      8.937500000000000000000e+00      0.000000000000000000000e+00      1.000000000000000000000e+00
31      1.000000000000000000000e+01      0.000000000000000000000e+00      1.000000000000000000000e+00
32      2.562500000000000000000e+00      2.500000000000000000000e-01      1.000000000000000000000e+00
33      4.687500000000000000000e+00      2.500000000000000000000e-01      1.000000000000000000000e+00
34      6.812500000000000000000e+00      2.500000000000000000000e-01      1.000000000000000000000e+00
35      8.937500000000000000000e+00      2.500000000000000000000e-01      1.000000000000000000000e+00
36      1.000000000000000000000e+01      2.500000000000000000000e-01      1.000000000000000000000e+00
37      2.562500000000000000000e+00      5.000000000000000000000e-01      1.000000000000000000000e+00
38      4.687500000000000000000e+00      5.000000000000000000000e-01      1.000000000000000000000e+00
39      6.812500000000000000000e+00      5.000000000000000000000e-01      1.000000000000000000000e+00
40      8.937500000000000000000e+00      5.000000000000000000000e-01      1.000000000000000000000e+00
41      1.000000000000000000000e+01      5.000000000000000000000e-01      1.000000000000000000000e+00
42      1.500000000000000000000e+00      1.687500000000000000000e+00      1.000000000000000000000e+00
43      2.562500000000000000000e+00      1.687500000000000000000e+00      1.000000000000000000000e+00
44      4.687500000000000000000e+00      1.687500000000000000000e+00      1.000000000000000000000e+00
45      6.812500000000000000000e+00      1.687500000000000000000e+00      1.000000000000000000000e+00
46      8.937500000000000000000e+00      1.687500000000000000000e+00      1.000000000000000000000e+00
47      1.000000000000000000000e+01      1.687500000000000000000e+00      1.000000000000000000000e+00
48      1.500000000000000000000e+00      4.062500000000000000000e+00      1.000000000000000000000e+00
49      2.562500000000000000000e+00      4.062500000000000000000e+00      1.000000000000000000000e+00
50      4.687500000000000000000e+00      4.062500000000000000000e+00      1.000000000000000000000e+00
51      6.812500000000000000000e+00      4.062500000000000000000e+00      1.000000000000000000000e+00
52      8.937500000000000000000e+00      4.062500000000000000000e+00      1.000000000000000000000e+00
53      1.000000000000000000000e+01      4.062500000000000000000e+00      1.000000000000000000000e+00
54      1.500000000000000000000e+00      6.437500000000000000000e+00      1.000000000000000000000e+00
55      2.562500000000000000000e+00      6.437500000000000000000e+00      1.000000000000000000000e+00
56      4.687500000000000000000e+00      6.437500000000000000000e+00      1.000000000000000000000e+00
57      6.812500000000000000000e+00      6.437500000000000000000e+00      1.000000000000000000000e+00
58      8.937500000000000000000e+00      6.437500000000000000000e+00      1.000000000000000000000e+00
59      1.000000000000000000000e+01      6.437500000000000000000e+00      1.000000000000000000000e+00
60      1.500000000000000000000e+00      8.812500000000000000000e+00      1.000000000000000000000e+00
61      2.562500000000000000000e+00      8.812500000000000000000e+00      1.000000000000000000000e+00
62      4.687500000000000000000e+00      8.812500000000000000000e+00      1.000000000000000000000e+00
63      6.812500000000000000000e+00      8.812500000000000000000e+00      1.000000000000000000000e+00
64      8.937500000000000000000e+00      8.812500000000000000000e+00      1.000000000000000000000e+00
65      1.000000000000000000000e+01      8.812500000000000000000e+00      1.000000000000000000000e+00
66      1.500000000000000000000e+00      1.000000000000000000000e+01      1.000000000000000000000e+00
67      2.562500000000000000000e+00      1.000000000000000000000e+01      1.000000000000000000000e+00
68      4.687500000000000000000e+00      1.000000000000000000000e+01      1.000000000000000000000e+00
69      6.812500000000000000000e+00      1.000000000000000000000e+01      1.000000000000000000000e+00
70      8.937500000000000000000e+00      1.000000000000000000000e+01      1.000000000000000000000e+00
71      1.000000000000000000000e+01      1.000000000000000000000e+01      1.000000000000000000000e+00
72      1.000000000000000000000e+00      1.687500000000000000000e+00      1.000000000000000000000e+00
73      1.250000000000000000000e+00      1.687500000000000000000e+00      1.000000000000000000000e+00
74      1.000000000000000000000e+00      4.062500000000000000000e+00      1.000000000000000000000e+00
75      1.250000000000000000000e+00      4.062500000000000000000e+00      1.000000000000000000000e+00
76      1.000000000000000000000e+00      6.437500000000000000000e+00      1.000000000000000000000e+00
77      1.250000000000000000000e+00      6.437500000000000000000e+00      1.000000000000000000000e+00
78      1.000000000000000000000e+00      8.812500000000000000000e+00      1.000000000000000000000e+00
79      1.250000000000000000000e+00      8.812500000000000000000e+00      1.000000000000000000000e+00
80      1.000000000000000000000e+00      1.000000000000000000000e+01      1.000000000000000000000e+00
81      1.250000000000000000000e+00      1.000000000000000000000e+01      1.000000000000000000000e+00
82      5.000000000000000000000e-01      1.687500000000000000000e+00      1.000000000000000000000e+00
83      7.500000000000000000000e-01      1.687500000000000000000e+00      1.000000000000000000000e+00
84      5.000000000000000000000e-01      4.062500000000000000000e+00      1.000000000000000000000e+00
85      7.500000000000000000000e-01      4.062500000000000000000e+00      1.000000000000000000000e+00
86      5.000000000000000000000e-01      6.437500000000000000000e+00      1.000000000000000000000e+00
87      7.500000000000000000000e-01      6.437500000000000000000e+00      1.000000000000000000000e+00
88      5.000000000000000000000e-01      8.812500000000000000000e+00      1.000000000000000000000e+00
89      7.500000000000000000000e-01      8.812500000000000000000e+00      1.000000000000000000000e+00
90      5.000000000000000000000e-01      1.000000000000000000000e+01      1.000000000000000000000e+00
91      7.500000000000000000000e-01      1.000000000000000000000e+01      1.000000000000000000000e+00
92      0.000000000000000000000e+00      5.000000000000000000000e-01      1.000000000000000000000e+00
93      2.500000000000000000000e-01      5.000000000000000000000e-01      1.000000000000000000000e+00
94      0.000000000000000000000e+00      1.687500000000000000000e+00      1.000000000000000000000e+00
95      2.500000000000000000000e-01      1.687500000000000000000e+00      1.000000000000000000000e+00
96      0.000000000000000000000e+00      4.062500000000000000000e+00      1.000000000000000000000e+00
97      2.500000000000000000000e-01      4.062500000000000000000e+00      1.000000000000000000000e+00
98      0.000000000000000000000e+00      6.437500000000000000000e+00      1.000000000000000000000e+00
99      2.500000000000000000000e-01      6.437500000000000000000e+00      1.000000000000000000000e+00
100      0.000000000000000000000e+00      8.812500000000000000000e+00      1.000000000000000000000e+00
101      2.500000000000000000000e-01      8.812500000000000000000e+00      1.000000000000000000000e+00
102      0.000000000000000000000e+00      1.000000000000000000000e+01      1.000000000000000000000e+00
103      2.500000000000000000000e-01      1.000000000000000000000e+01      1.000000000000000000000e+00
104      0.000000000000000000000e+00      0.000000000000000000000e+00      1.000000000000000000000e+00
105      2.500000000000000000000e-01      0.000000000000000000000e+00      1.000000000000000000000e+00
106      0.000000000000000000000e+00      2.500000000000000000000e-01      1.000000000000000000000e+00
107      2.500000000000000000000e-01      2.500000000000000000000e-01      1.000000000000000000000e+00

0   1   0.0
1   1   0.0
2   1   0.0
27  1   0.0
28  1   0.0
29  1   0.0
30  1   0.0
31  1   0.0
92  0   0.0
94  0   0.0
96  0   0.0
98  0   0.0
100 0   0.0
102 0   0.0
104 0   0.0
106 0   0.0

1   5   0   1.0000000000    0.0000000000   1.0000000000 10.0  0.0  0.0
1   6   0   1.0000000000    0.0000000000   1.0000000000 10.0  0.0  0.0
1   7   0   1.0000000000    0.0000000000   1.0000000000 10.0  0.0  0.0
1   8   0   1.0000000000    0.0000000000   1.0000000000 10.0  0.0  0.0
