1.451691e-03 
-1.016106e-02 
-1.428996e-02 
-1.866259e-02 
-2.354488e-02 
-2.827845e-02 
-3.313843e-02 
-3.796528e-02 
-4.036780e-02 
-2.887870e-03 
-2.681493e-03 
-1.275406e-03 
-9.355371e-03 
7.707009e-03 
-1.415923e-02 
5.247496e-03 
-1.875589e-02 
5.932996e-03 
-2.348756e-02 
5.685845e-03 
-2.830239e-02 
5.718364e-03 
-3.312805e-02 
5.677040e-03 
-3.796903e-02 
5.631857e-03 
-4.036747e-02 
5.591952e-03 
2.482327e-02 
-6.152085e-04 
2.577223e-02 
-7.285808e-03 
1.898123e-02 
-1.284975e-02 
1.785897e-02 
-1.821761e-02 
1.738934e-02 
-2.312844e-02 
1.727815e-02 
-2.806606e-02 
1.714969e-02 
-3.293822e-02 
1.704948e-02 
-3.779456e-02 
1.691136e-02 
-4.020269e-02 
1.679806e-02 
3.305108e-02 
-2.267966e-03 
3.260030e-02 
-6.410818e-03 
3.155250e-02 
-1.222877e-02 
2.993933e-02 
-1.750429e-02 
2.928202e-02 
-2.269147e-02 
2.888024e-02 
-2.768297e-02 
2.865892e-02 
-3.261721e-02 
2.844707e-02 
-3.749281e-02 
2.822470e-02 
-3.991325e-02 
2.806272e-02 
4.374190e-02 
-2.123760e-03 
4.381086e-02 
-7.059944e-03 
4.272538e-02 
-1.191812e-02 
4.184273e-02 
-1.715694e-02 
4.102215e-02 
-2.225414e-02 
4.054699e-02 
-2.729120e-02 
4.017169e-02 
-3.223504e-02 
3.987691e-02 
-3.712796e-02 
3.957038e-02 
-3.955817e-02 
3.938882e-02 
5.449840e-02 
-2.319186e-03 
5.449560e-02 
-6.929409e-03 
5.404585e-02 
-1.191643e-02 
5.330716e-02 
-1.689172e-02 
5.267841e-02 
-2.193446e-02 
5.211453e-02 
-2.691268e-02 
5.168467e-02 
-3.185142e-02 
5.130329e-02 
-3.674288e-02 
5.094534e-02 
-3.917978e-02 
5.075396e-02 
6.561917e-02 
-2.318694e-03 
6.561051e-02 
-7.049392e-03 
6.527124e-02 
-1.181914e-02 
6.475270e-02 
-1.672537e-02 
6.415465e-02 
-2.164009e-02 
6.362285e-02 
-2.656873e-02 
6.314207e-02 
-3.147168e-02 
6.272298e-02 
-3.635873e-02 
6.232613e-02 
-3.879595e-02 
6.213344e-02 
7.679979e-02 
-2.321288e-03 
7.680452e-02 
-6.977199e-03 
7.654077e-02 
-1.171798e-02 
7.608950e-02 
-1.650417e-02 
7.556930e-02 
-2.135146e-02 
7.504034e-02 
-2.621486e-02 
7.455928e-02 
-3.109156e-02 
7.411795e-02 
-3.596705e-02 
7.370803e-02 
-3.840456e-02 
7.350828e-02 
8.804421e-02 
-2.274861e-03 
8.804020e-02 
-6.854431e-03 
8.780835e-02 
-1.148780e-02 
8.740401e-02 
-1.620907e-02 
8.691086e-02 
-2.099164e-02 
8.641046e-02 
-2.582863e-02 
8.593435e-02 
-3.068866e-02 
8.549689e-02 
-3.556190e-02 
8.508377e-02 
-3.799888e-02 
8.488056e-02 
9.364210e-02 
-2.220610e-03 
9.364275e-02 
-6.700523e-03 
9.342220e-02 
-1.127806e-02 
9.303874e-02 
-1.596820e-02 
9.256985e-02 
-2.075625e-02 
9.208364e-02 
-2.560265e-02 
9.161875e-02 
-3.047778e-02 
9.118380e-02 
-3.535617e-02 
9.077187e-02 
-3.779375e-02 
9.056779e-02 
-4.303070e-03 
-4.417818e-03 
-4.339738e-03 
-3.575654e-03 
-2.694814e-03 
-1.860382e-03 
-1.089762e-03 
-4.483643e-04 
-1.265879e-04 
-4.037708e-03 
1.368261e-03 
-4.151472e-03 
1.206932e-03 
-4.072319e-03 
9.611103e-04 
-3.358113e-03 
6.548301e-04 
-2.537547e-03 
4.336235e-04 
-1.743427e-03 
2.443512e-04 
-1.057694e-03 
1.031504e-04 
-4.657924e-04 
2.444588e-05 
-1.462723e-04 
9.054527e-06 
-3.601068e-03 
4.019542e-03 
-3.663431e-03 
3.529414e-03 
-3.544559e-03 
2.740778e-03 
-2.901345e-03 
1.858151e-03 
-2.166652e-03 
1.125766e-03 
-1.513429e-03 
6.368913e-04 
-8.805884e-04 
2.839811e-04 
-3.717084e-04 
4.605624e-05 
-1.055801e-04 
-7.717000e-06 
-3.177595e-03 
7.625356e-03 
-3.026123e-03 
6.726275e-03 
-2.636081e-03 
5.307205e-03 
-2.025552e-03 
3.715762e-03 
-1.366139e-03 
2.454288e-03 
-8.480577e-04 
1.408210e-03 
-4.783564e-04 
6.277557e-04 
-1.895242e-04 
1.595981e-04 
-5.541953e-05 
1.972929e-05 
-2.833759e-03 
1.074218e-02 
-2.381138e-03 
9.650593e-03 
-1.665205e-03 
7.851598e-03 
-9.411435e-04 
5.854549e-03 
-4.718488e-04 
4.141295e-03 
-1.311510e-04 
2.801767e-03 
6.318578e-05 
1.696940e-03 
9.494145e-05 
7.167343e-04 
3.990986e-05 
2.178539e-04 
-2.387185e-03 
1.311934e-02 
-1.720649e-03 
1.205582e-02 
-8.022487e-04 
1.024493e-02 
-5.005034e-05 
7.852670e-03 
2.929497e-04 
5.892414e-03 
3.548058e-04 
3.884045e-03 
2.478996e-04 
2.107420e-03 
1.141035e-04 
8.306159e-04 
3.084079e-05 
2.480548e-04 
-1.746151e-03 
1.465919e-02 
-1.124799e-03 
1.380198e-02 
-2.809185e-04 
1.200910e-02 
2.883449e-04 
9.473254e-03 
4.711395e-04 
6.623283e-03 
4.219980e-04 
4.275041e-03 
3.386240e-04 
2.525819e-03 
2.006458e-04 
1.074643e-03 
7.860020e-05 
3.195743e-04 
-9.301269e-04 
1.555864e-02 
-5.820250e-04 
1.484051e-02 
-9.400945e-05 
1.326968e-02 
1.792374e-04 
1.025311e-02 
2.484569e-04 
7.406016e-03 
2.740669e-04 
5.094605e-03 
2.179484e-04 
2.948887e-03 
1.041568e-04 
1.270747e-03 
2.406966e-05 
3.888760e-04 
-3.138205e-04 
1.592986e-02 
-1.944784e-04 
1.526333e-02 
-5.182363e-05 
1.370760e-02 
4.218416e-05 
1.068410e-02 
7.130745e-05 
7.862335e-03 
5.536418e-05 
5.341481e-03 
2.589869e-05 
3.223859e-03 
2.923297e-05 
1.396151e-03 
2.513415e-05 
4.185934e-04 
1.607935e-02 
1.541997e-02 
1.387767e-02 
1.086808e-02 
8.032046e-03 
5.572727e-03 
3.401489e-03 
1.561542e-03 
4.974577e-04 



Displacement
0	0.0000000000000e+00	 0.0000000000000e+00	 
1	1.4516914285940e-03	 0.0000000000000e+00	 
2	-1.0161055286619e-02	 0.0000000000000e+00	 
3	-1.4289962264010e-02	 0.0000000000000e+00	 
4	-1.8662590466033e-02	 0.0000000000000e+00	 
5	-2.3544875208267e-02	 0.0000000000000e+00	 
6	-2.8278449974499e-02	 0.0000000000000e+00	 
7	-3.3138429617968e-02	 0.0000000000000e+00	 
8	-3.7965278505663e-02	 0.0000000000000e+00	 
9	-4.0367798395989e-02	 0.0000000000000e+00	 
10	0.0000000000000e+00	 -2.8878702609410e-03	 
11	-2.6814927225173e-03	 -1.2754056652797e-03	 
12	-9.3553705550097e-03	 7.7070086516866e-03	 
13	-1.4159230940698e-02	 5.2474960045193e-03	 
14	-1.8755893865778e-02	 5.9329963283515e-03	 
15	-2.3487563415413e-02	 5.6858451807219e-03	 
16	-2.8302386835878e-02	 5.7183638479004e-03	 
17	-3.3128045050965e-02	 5.6770397156331e-03	 
18	-3.7969027355743e-02	 5.6318572861845e-03	 
19	-4.0367466531653e-02	 5.5919524907185e-03	 
20	0.0000000000000e+00	 2.4823272780266e-02	 
21	-6.1520845344149e-04	 2.5772232356917e-02	 
22	-7.2858082037449e-03	 1.8981227113870e-02	 
23	-1.2849750851943e-02	 1.7858966989110e-02	 
24	-1.8217605408234e-02	 1.7389344084271e-02	 
25	-2.3128437809479e-02	 1.7278151367342e-02	 
26	-2.8066059756726e-02	 1.7149690278091e-02	 
27	-3.2938222980901e-02	 1.7049484750463e-02	 
28	-3.7794558880832e-02	 1.6911357568172e-02	 
29	-4.0202692082958e-02	 1.6798061029495e-02	 
30	0.0000000000000e+00	 3.3051082789406e-02	 
31	-2.2679664175555e-03	 3.2600302013536e-02	 
32	-6.4108175297669e-03	 3.1552497379638e-02	 
33	-1.2228768523093e-02	 2.9939331450894e-02	 
34	-1.7504291725949e-02	 2.9282023238377e-02	 
35	-2.2691470768565e-02	 2.8880238409780e-02	 
36	-2.7682973887254e-02	 2.8658915890927e-02	 
37	-3.2617207112569e-02	 2.8447067701365e-02	 
38	-3.7492813223634e-02	 2.8224703741130e-02	 
39	-3.9913247436334e-02	 2.8062724907391e-02	 
40	0.0000000000000e+00	 4.3741895514759e-02	 
41	-2.1237598954901e-03	 4.3810855268969e-02	 
42	-7.0599435154546e-03	 4.2725383595174e-02	 
43	-1.1918119933757e-02	 4.1842726147593e-02	 
44	-1.7156939487861e-02	 4.1022147381281e-02	 
45	-2.2254137203903e-02	 4.0546986827874e-02	 
46	-2.7291197303903e-02	 4.0171685576230e-02	 
47	-3.2235040206545e-02	 3.9876911545104e-02	 
48	-3.7127960008532e-02	 3.9570379125741e-02	 
49	-3.9558166405153e-02	 3.9388822334379e-02	 
50	0.0000000000000e+00	 5.4498399318183e-02	 
51	-2.3191862874877e-03	 5.4495597450366e-02	 
52	-6.9294090845457e-03	 5.4045853342052e-02	 
53	-1.1916432457583e-02	 5.3307158945711e-02	 
54	-1.6891716597681e-02	 5.2678412421363e-02	 
55	-2.1934462646286e-02	 5.2114528323207e-02	 
56	-2.6912676988047e-02	 5.1684668589820e-02	 
57	-3.1851423628287e-02	 5.1303288131627e-02	 
58	-3.6742876588654e-02	 5.0945340080055e-02	 
59	-3.9179777953592e-02	 5.0753962723043e-02	 
60	0.0000000000000e+00	 6.5619165312454e-02	 
61	-2.3186943303903e-03	 6.5610514616105e-02	 
62	-7.0493918297424e-03	 6.5271241491073e-02	 
63	-1.1819142079009e-02	 6.4752700909005e-02	 
64	-1.6725365775529e-02	 6.4154650287112e-02	 
65	-2.1640091222880e-02	 6.3622849085721e-02	 
66	-2.6568734118454e-02	 6.3142069974075e-02	 
67	-3.1471678211762e-02	 6.2722983276176e-02	 
68	-3.6358725942449e-02	 6.2326133200534e-02	 
69	-3.8795945428842e-02	 6.2133441170590e-02	 
70	0.0000000000000e+00	 7.6799793204568e-02	 
71	-2.3212881612876e-03	 7.6804522093834e-02	 
72	-6.9771994050872e-03	 7.6540769532420e-02	 
73	-1.1717975391128e-02	 7.6089502656367e-02	 
74	-1.6504172242572e-02	 7.5569299790397e-02	 
75	-2.1351461920738e-02	 7.5040343760759e-02	 
76	-2.6214863705115e-02	 7.4559283632056e-02	 
77	-3.1091556760341e-02	 7.4117951321325e-02	 
78	-3.5967045509123e-02	 7.3708032172129e-02	 
79	-3.8404561314106e-02	 7.3508278050245e-02	 
80	0.0000000000000e+00	 8.8044209351888e-02	 
81	-2.2748613185187e-03	 8.8040203085952e-02	 
82	-6.8544310841715e-03	 8.7808351860750e-02	 
83	-1.1487802481524e-02	 8.7404008513410e-02	 
84	-1.6209067876390e-02	 8.6910858507815e-02	 
85	-2.0991637409974e-02	 8.6410455069346e-02	 
86	-2.5828634434300e-02	 8.5934348221665e-02	 
87	-3.0688662293151e-02	 8.5496886196537e-02	 
88	-3.5561897703934e-02	 8.5083772788560e-02	 
89	-3.7998875553242e-02	 8.4880562111269e-02	 
90	0.0000000000000e+00	 9.3642102701825e-02	 
91	-2.2206099332208e-03	 9.3642750770977e-02	 
92	-6.7005234643992e-03	 9.3422198943222e-02	 
93	-1.1278060060562e-02	 9.3038736926171e-02	 
94	-1.5968197521001e-02	 9.2569849186566e-02	 
95	-2.0756251561884e-02	 9.2083643499839e-02	 
96	-2.5602648119564e-02	 9.1618752241634e-02	 
97	-3.0477777886121e-02	 9.1183800530063e-02	 
98	-3.5356173878417e-02	 9.0771866620429e-02	 
99	-3.7793754265345e-02	 9.0567794748364e-02	 



Strain
0	0	-1.2082878773376e-04	-1.0552276545555e-03	-5.1977266021874e-04	0.0000000000000e+00	
0	1	-3.7563449824743e-03	1.4868945148414e-03	-2.3894615876406e-03	0.0000000000000e+00	
0	2	-7.3918611772149e-03	5.0597062260737e-03	-1.5029194734158e-03	0.0000000000000e+00	
0	3	-2.6862378815440e-03	8.9976555915606e-03	1.5263637586815e-03	0.0000000000000e+00	
0	4	-4.2752030380436e-03	9.6521587131197e-03	1.4412071550225e-03	0.0000000000000e+00	
0	5	-5.8641681945431e-03	1.0130775478436e-02	2.6929215861989e-03	0.0000000000000e+00	
0	6	-3.1848362409824e-03	1.9050538837677e-02	2.2881690787829e-03	0.0000000000000e+00	
0	7	-4.1466103660521e-03	1.7817422911398e-02	2.7809689008089e-03	0.0000000000000e+00	
0	8	-5.1083844911219e-03	1.5201844730799e-02	3.1912797508591e-03	0.0000000000000e+00	
1	0	-7.8831192299445e-03	7.4765182714983e-03	-1.9765026099256e-04	0.0000000000000e+00	
1	1	-5.9358072427544e-03	1.0120323639628e-02	8.4387676635886e-04	0.0000000000000e+00	
1	2	-3.9884952555643e-03	1.0558960498861e-02	6.7960751513195e-04	0.0000000000000e+00	
1	3	-6.0400107438297e-03	1.0321136867506e-02	3.1423834102257e-03	0.0000000000000e+00	
1	4	-5.0553270437308e-03	1.0386635213930e-02	2.1078846285160e-03	0.0000000000000e+00	
1	5	-4.0706433436318e-03	1.0105742649604e-02	3.5392555120233e-04	0.0000000000000e+00	
1	6	-5.2403163484391e-03	1.3165755463514e-02	2.9747212606654e-03	0.0000000000000e+00	
1	7	-4.7319249524571e-03	1.0652946788233e-02	1.7229742680409e-03	0.0000000000000e+00	
1	8	-4.2235335564750e-03	9.6525248003471e-03	2.3810296278663e-04	0.0000000000000e+00	
2	0	-3.4351713913333e-03	9.9193860840485e-03	3.5254342635633e-04	0.0000000000000e+00	
2	1	-3.4809905265641e-03	9.1168416359748e-03	2.3308396025444e-04	0.0000000000000e+00	
2	2	-3.5268096617948e-03	8.9503253453201e-03	2.0949810446128e-04	0.0000000000000e+00	
2	3	-3.7757137158348e-03	9.8071183456651e-03	-1.9988496364856e-04	0.0000000000000e+00	
2	4	-3.7468742058579e-03	9.4324677069977e-03	1.4981626192701e-04	0.0000000000000e+00	
2	5	-3.7180346958809e-03	9.2856760797855e-03	5.5296116760929e-04	0.0000000000000e+00	
2	6	-4.0578239679951e-03	9.6948506072817e-03	-1.2033497126522e-04	0.0000000000000e+00	
2	7	-3.9967557430124e-03	9.7480937780206e-03	2.9035780002395e-04	0.0000000000000e+00	
2	8	-3.9356875180297e-03	9.6210268142508e-03	7.1206432121782e-04	0.0000000000000e+00	
3	0	-3.5785702572260e-03	9.1116119070685e-03	1.6353165741617e-04	0.0000000000000e+00	
3	1	-3.7106259771892e-03	9.3049026811697e-03	2.3935616622095e-05	0.0000000000000e+00	
3	2	-3.8426816971525e-03	9.3170446782708e-03	-2.7871409547800e-05	0.0000000000000e+00	
3	3	-3.7235874066575e-03	9.2940338657862e-03	5.8023895086010e-04	0.0000000000000e+00	
3	4	-3.7715087609812e-03	9.3002251008715e-03	2.8828560672967e-04	0.0000000000000e+00	
3	5	-3.8194301153049e-03	9.2719630589436e-03	7.6811979254061e-05	0.0000000000000e+00	
3	6	-3.9095061834340e-03	9.4764558245039e-03	7.3649895529459e-04	0.0000000000000e+00	
3	7	-3.8806024700876e-03	9.2955475205732e-03	4.3888380781476e-04	0.0000000000000e+00	
3	8	-3.8516987567412e-03	9.2268814396163e-03	2.1443907902037e-04	0.0000000000000e+00	
4	0	-3.8721155757672e-03	9.2507404994238e-03	-1.0440316896825e-06	0.0000000000000e+00	
4	1	-3.8412091345707e-03	9.1635268752443e-03	5.4907613842483e-05	0.0000000000000e+00	
4	2	-3.8103026933742e-03	9.1318535343018e-03	6.2245764530882e-05	0.0000000000000e+00	
4	3	-3.8350107035058e-03	9.2417795990752e-03	5.0424381032307e-05	0.0000000000000e+00	
4	4	-3.8406319107963e-03	9.1987186913500e-03	1.0349069779344e-04	0.0000000000000e+00	
4	5	-3.8462531180868e-03	9.1714018701739e-03	1.3211521242431e-04	0.0000000000000e+00	
4	6	-3.8485191912652e-03	9.2328186987266e-03	1.6594360855252e-04	0.0000000000000e+00	
4	7	-3.8664963543292e-03	9.2339105074557e-03	1.7632839985479e-04	0.0000000000000e+00	
4	8	-3.8844735173932e-03	9.2109502060461e-03	1.8644308174032e-04	0.0000000000000e+00	
5	0	-3.8104458957883e-03	9.1360291415143e-03	4.0730199244244e-05	0.0000000000000e+00	
5	1	-3.8418444508882e-03	9.1369417182753e-03	7.3861183610734e-06	0.0000000000000e+00	
5	2	-3.8732430059882e-03	9.1235101513619e-03	-3.1531970109950e-07	0.0000000000000e+00	
5	3	-3.8506108852275e-03	9.1619691797439e-03	1.1993073356964e-04	0.0000000000000e+00	
5	4	-3.8599651084292e-03	9.1449422885056e-03	7.7118329587506e-05	0.0000000000000e+00	
5	5	-3.8693193316309e-03	9.1251801629979e-03	5.2751946580854e-05	0.0000000000000e+00	
5	6	-3.8881061978710e-03	9.1879092179735e-03	1.7538734519337e-04	0.0000000000000e+00	
5	7	-3.8826127110200e-03	9.1529428587359e-03	1.3471552751718e-04	0.0000000000000e+00	
5	8	-3.8771192241690e-03	9.1268501746339e-03	1.0529310897095e-04	0.0000000000000e+00	
6	0	-3.8803041019835e-03	9.1096428256464e-03	6.7665594354407e-06	0.0000000000000e+00	
6	1	-3.8731709444743e-03	9.0838508204546e-03	1.5863921151213e-05	0.0000000000000e+00	
6	2	-3.8660377869652e-03	9.0567765050495e-03	1.5064043930063e-05	0.0000000000000e+00	
6	3	-3.8719797290188e-03	9.1124293320758e-03	4.9312432568008e-05	0.0000000000000e+00	
6	4	-3.8717679392880e-03	9.0885207888464e-03	4.7405291852940e-05	0.0000000000000e+00	
6	5	-3.8715561495572e-03	9.0621054485063e-03	4.1552654518175e-05	0.0000000000000e+00	
6	6	-3.8757411759817e-03	9.1152158385052e-03	9.4354011111718e-05	0.0000000000000e+00	
6	7	-3.8764990117119e-03	9.0931907572382e-03	8.0217881068386e-05	0.0000000000000e+00	
6	8	-3.8772568474422e-03	9.0674343919632e-03	6.8087996722575e-05	0.0000000000000e+00	
7	0	-3.8615704910700e-03	9.0401405030359e-03	1.0058679474921e-05	0.0000000000000e+00	
7	1	-3.8533518234339e-03	9.0056432224688e-03	3.0757256413976e-06	0.0000000000000e+00	
7	2	-3.8451331557977e-03	8.9630439066573e-03	7.8593211781495e-07	0.0000000000000e+00	
7	3	-3.8680660510208e-03	9.0453714473185e-03	3.4296753848950e-05	0.0000000000000e+00	
7	4	-3.8562841461931e-03	9.0111312889154e-03	1.9332053550083e-05	0.0000000000000e+00	
7	5	-3.8445022413654e-03	8.9695055471194e-03	6.8006673244188e-06	0.0000000000000e+00	
7	6	-3.8736696250000e-03	9.0506023916011e-03	5.8433724461144e-05	0.0000000000000e+00	
7	7	-3.8605843292175e-03	9.0166193553619e-03	3.6203729548492e-05	0.0000000000000e+00	
7	8	-3.8474990334350e-03	8.9759671875815e-03	1.4147202472272e-05	0.0000000000000e+00	
8	0	-2.6431509862741e-03	2.0217430071207e-02	1.9379727982816e-03	0.0000000000000e+00	
8	1	-3.8136114821352e-03	1.8629537125397e-02	1.7599357631786e-03	0.0000000000000e+00	
8	2	-4.9840719779963e-03	1.5618984095683e-02	1.2211194584532e-03	0.0000000000000e+00	
8	3	-2.1063564510369e-03	1.4174558832536e-02	8.8838688275131e-04	0.0000000000000e+00	
8	4	-3.4060873583984e-03	1.3255096661136e-02	-7.0441773328821e-04	0.0000000000000e+00	
8	5	-4.7058182657599e-03	1.1981410797269e-02	-2.1949839027063e-03	0.0000000000000e+00	
8	6	-2.3273964666720e-03	8.1316875938641e-03	-2.6986454086547e-05	0.0000000000000e+00	
8	7	-3.2933800692902e-03	7.8806561968751e-03	-1.9661222596266e-03	0.0000000000000e+00	
8	8	-4.2593636719084e-03	8.3438374988541e-03	-3.3400019023015e-03	0.0000000000000e+00	
9	0	-5.1993915042842e-03	1.3345754350080e-02	9.1771409130154e-04	0.0000000000000e+00	
9	1	-4.7688747675684e-03	1.0584286355231e-02	5.7001249082776e-04	0.0000000000000e+00	
9	2	-4.3383580308525e-03	9.5603795605493e-03	1.0341044948333e-04	0.0000000000000e+00	
9	3	-5.0070027321793e-03	1.1119700428922e-02	-2.2564296487709e-03	0.0000000000000e+00	
9	4	-4.7422897357363e-03	1.0082023774645e-02	-1.1803177112832e-03	0.0000000000000e+00	
9	5	-4.4775767392933e-03	9.6969410605248e-03	-3.1691281347060e-04	0.0000000000000e+00	
9	6	-4.5389746928729e-03	8.8936465077653e-03	-3.1642984182669e-03	0.0000000000000e+00	
9	7	-4.5338720355072e-03	9.5797611940593e-03	-1.7493402028278e-03	0.0000000000000e+00	
9	8	-4.5287693781416e-03	9.8335025605004e-03	-6.4089562586833e-04	0.0000000000000e+00	
10	0	-4.1948078798403e-03	9.6797348749912e-03	2.9534136791012e-05	0.0000000000000e+00	
10	1	-4.1320157179303e-03	9.8235607761541e-03	3.2127069211577e-04	0.0000000000000e+00	
10	2	-4.0692235560202e-03	9.7061097895247e-03	6.1650833581651e-04	0.0000000000000e+00	
10	3	-4.3788386526881e-03	9.7400575252252e-03	-6.0135650773694e-05	0.0000000000000e+00	
10	4	-4.3042390366942e-03	9.7672764158113e-03	1.0915725142560e-04	0.0000000000000e+00	
10	5	-4.2296394207002e-03	9.6631459911110e-03	2.9856397341660e-04	0.0000000000000e+00	
10	6	-4.4973063428299e-03	9.8003801754593e-03	-3.3137623516829e-04	0.0000000000000e+00	
10	7	-4.3942865413364e-03	9.7109920554684e-03	-1.5459941358847e-04	0.0000000000000e+00	
10	8	-4.2912667398429e-03	9.6201821926972e-03	5.8903959198770e-05	0.0000000000000e+00	
11	0	-4.0309690099456e-03	9.5342993371159e-03	6.3121379604652e-04	0.0000000000000e+00	
11	1	-3.9622997428120e-03	9.3178161087252e-03	4.2172294307736e-04	0.0000000000000e+00	
11	2	-3.8936304756785e-03	9.2374101008981e-03	2.7028275325036e-04	0.0000000000000e+00	
11	3	-4.1775529455188e-03	9.5506561278323e-03	3.4402835270104e-04	0.0000000000000e+00	
11	4	-4.0731578232703e-03	9.3990195067793e-03	3.0652651539564e-04	0.0000000000000e+00	
11	5	-3.9687627010218e-03	9.3186733770492e-03	2.8242572517792e-04	0.0000000000000e+00	
11	6	-4.2335069133443e-03	9.5670129185486e-03	1.5408288131380e-04	0.0000000000000e+00	
11	7	-4.1380355520353e-03	9.4802229048334e-03	2.2378333043129e-04	0.0000000000000e+00	
11	8	-4.0425641907264e-03	9.3999366532003e-03	2.6223521058199e-04	0.0000000000000e+00	
12	0	-3.8779365765403e-03	9.2462710894183e-03	2.2945410035468e-04	0.0000000000000e+00	
12	1	-3.8926738899668e-03	9.2506079861118e-03	2.0893141971287e-04	0.0000000000000e+00	
12	2	-3.9074112033933e-03	9.2260023009941e-03	1.9741884313139e-04	0.0000000000000e+00	
12	3	-3.9389276935643e-03	9.3014610183626e-03	2.6212143980529e-04	0.0000000000000e+00	
12	4	-3.9407950611180e-03	9.2727969163699e-03	2.1859541522810e-04	0.0000000000000e+00	
12	5	-3.9426624286716e-03	9.2381803640733e-03	1.9179917833631e-04	0.0000000000000e+00	
12	6	-4.0093344802787e-03	9.3566509473070e-03	2.5029271481594e-04	0.0000000000000e+00	
12	7	-3.9906122183344e-03	9.2949858466280e-03	2.0675347781083e-04	0.0000000000000e+00	
12	8	-3.9718899563902e-03	9.2503584271526e-03	1.8766371211616e-04	0.0000000000000e+00	
13	0	-3.9085103274745e-03	9.2000332569960e-03	1.8464216757935e-04	0.0000000000000e+00	
13	1	-3.8975501448004e-03	9.1609321412036e-03	1.5160396149991e-04	0.0000000000000e+00	
13	2	-3.8865899621264e-03	9.1324480289610e-03	1.2657842139419e-04	0.0000000000000e+00	
13	3	-3.9382561067051e-03	9.2157573779117e-03	1.8053747640878e-04	0.0000000000000e+00	
13	4	-3.9212464504043e-03	9.1803866736474e-03	1.6047162011051e-04	0.0000000000000e+00	
13	5	-3.9042367941035e-03	9.1500149971073e-03	1.4449204509205e-04	0.0000000000000e+00	
13	6	-3.9608743594446e-03	9.2314814988274e-03	1.8297218467911e-04	0.0000000000000e+00	
13	7	-3.9417416142109e-03	9.1998412060912e-03	1.7026070233638e-04	0.0000000000000e+00	
13	8	-3.9226088689772e-03	9.1675819652535e-03	1.5770911657955e-04	0.0000000000000e+00	
14	0	-3.8830547139389e-03	9.1201707499527e-03	1.1442062140370e-04	0.0000000000000e+00	
14	1	-3.8818660456539e-03	9.0975089287087e-03	9.5008495963754e-05	0.0000000000000e+00	
14	2	-3.8806773773690e-03	9.0715908268729e-03	7.9492075161808e-05	0.0000000000000e+00	
14	3	-3.8977287867662e-03	9.1344117554538e-03	1.3317655722593e-04	0.0000000000000e+00	
14	4	-3.8923737300441e-03	9.1076783206181e-03	1.1049698700416e-04	0.0000000000000e+00	
14	5	-3.8870186733220e-03	9.0805454373730e-03	9.2254489018810e-05	0.0000000000000e+00	
14	6	-3.9141131236740e-03	9.1486527609548e-03	1.4643246336542e-04	0.0000000000000e+00	
14	7	-3.9040503109162e-03	9.1178477125276e-03	1.2334228054409e-04	0.0000000000000e+00	
14	8	-3.8939874981584e-03	9.0895000478731e-03	1.0523053755761e-04	0.0000000000000e+00	
15	0	-3.8765786246844e-03	9.0548953923439e-03	6.8190418424043e-05	0.0000000000000e+00	
15	1	-3.8636819634986e-03	9.0217267617191e-03	4.2030290033193e-05	0.0000000000000e+00	
15	2	-3.8507853023128e-03	8.9826480657016e-03	1.5368481111218e-05	0.0000000000000e+00	
15	3	-3.8818622838093e-03	9.0644173093667e-03	7.8677423969094e-05	0.0000000000000e+00	
15	4	-3.8694974509078e-03	9.0337902546902e-03	4.7035579180548e-05	0.0000000000000e+00	
15	5	-3.8571326180063e-03	8.9991452072682e-03	1.4831758354449e-05	0.0000000000000e+00	
15	6	-3.8876334825095e-03	9.0739392263894e-03	9.0759969138899e-05	0.0000000000000e+00	
15	7	-3.8758607733988e-03	9.0458537476613e-03	5.5528480599872e-05	0.0000000000000e+00	
15	8	-3.8640880642881e-03	9.0156423488349e-03	1.9674720516843e-05	0.0000000000000e+00	
16	0	-2.7585225361201e-03	6.6288138716783e-03	-3.8718918339187e-04	0.0000000000000e+00	
16	1	-3.3503292640937e-03	6.6034373372160e-03	-1.8955152067092e-03	0.0000000000000e+00	
16	2	-3.9421359920674e-03	7.4730820649787e-03	-2.7973694608404e-03	0.0000000000000e+00	
16	3	-3.3118459146557e-03	7.5070720783320e-03	-5.8289818251512e-04	0.0000000000000e+00	
16	4	-3.4578711876033e-03	7.5887258255274e-03	-1.2426863945451e-03	0.0000000000000e+00	
16	5	-3.6038964605508e-03	8.1183115655709e-03	-1.6173834657088e-03	0.0000000000000e+00	
16	6	-3.5274177952807e-03	8.3853302849857e-03	-4.4803226529219e-04	0.0000000000000e+00	
16	7	-3.5490422415220e-03	8.5740143138388e-03	-7.0637193541163e-04	0.0000000000000e+00	
16	8	-3.5706666877633e-03	8.7635410661632e-03	-1.0010010929848e-03	0.0000000000000e+00	
17	0	-4.1656439398105e-03	8.3256705558413e-03	-2.5925380678156e-03	0.0000000000000e+00	
17	1	-4.3419204131285e-03	9.3864422858042e-03	-1.5541436421462e-03	0.0000000000000e+00	
17	2	-4.5181968864465e-03	9.7938215064438e-03	-7.8822964656257e-04	0.0000000000000e+00	
17	3	-3.7463095681256e-03	8.5998798476883e-03	-1.5693491456322e-03	0.0000000000000e+00	
17	4	-4.0896857534998e-03	9.2243660479178e-03	-1.2534475129577e-03	0.0000000000000e+00	
17	5	-4.4330619388739e-03	9.5208963946229e-03	-9.9926487430992e-04	0.0000000000000e+00	
17	6	-3.6641745260414e-03	8.8740891395354e-03	-1.1451640810817e-03	0.0000000000000e+00	
17	7	-3.9638889874126e-03	9.0622898100314e-03	-1.2263185856032e-03	0.0000000000000e+00	
17	8	-4.2636034487839e-03	9.2479712828021e-03	-1.1584306480922e-03	0.0000000000000e+00	
18	0	-4.5334071648520e-03	9.7586415274459e-03	-5.5116215009365e-04	0.0000000000000e+00	
18	1	-4.4094006866202e-03	9.6651674051973e-03	-3.1076469243987e-04	0.0000000000000e+00	
18	2	-4.2853942083884e-03	9.5918912816296e-03	-4.5974233934649e-05	0.0000000000000e+00	
18	3	-4.4983829595255e-03	9.5548843608674e-03	-8.3384984968378e-04	0.0000000000000e+00	
18	4	-4.3794819176993e-03	9.5639757364607e-03	-5.0208239866415e-04	0.0000000000000e+00	
18	5	-4.2605808758730e-03	9.5376335997348e-03	-2.0491882130702e-04	0.0000000000000e+00	
18	6	-4.3348725667571e-03	9.3511271942889e-03	-9.8615629593201e-04	0.0000000000000e+00	
18	7	-4.2800738358503e-03	9.4627840677241e-03	-6.1865036254658e-04	0.0000000000000e+00	
18	8	-4.2252751049435e-03	9.4833759178400e-03	-3.4474517733757e-04	0.0000000000000e+00	
19	0	-4.2282281828216e-03	9.5572759419707e-03	6.8530317892896e-05	0.0000000000000e+00	
19	1	-4.1557840902084e-03	9.4922709863386e-03	1.5661411200235e-04	0.0000000000000e+00	
19	2	-4.0833399975952e-03	9.4175247020426e-03	2.0616315957760e-04	0.0000000000000e+00	
19	3	-4.2132605948622e-03	9.5074581123231e-03	-9.4718729674142e-05	0.0000000000000e+00	
19	4	-4.1695458850256e-03	9.4524707200538e-03	-3.0593071087716e-06	0.0000000000000e+00	
19	5	-4.1258311751890e-03	9.3967026092842e-03	6.9676096437605e-05	0.0000000000000e+00	
19	6	-4.1992617186223e-03	9.4576402826756e-03	-2.5243051896026e-04	0.0000000000000e+00	
19	7	-4.1646656640472e-03	9.4126704537690e-03	-1.4823485777532e-04	0.0000000000000e+00	
19	8	-4.1300696094720e-03	9.3758805165258e-03	-4.3352488094163e-05	0.0000000000000e+00	
20	0	-4.0525901056115e-03	9.3707964407617e-03	2.0228204418575e-04	0.0000000000000e+00	
20	1	-4.0193624504740e-03	9.3041357908944e-03	1.7837643565726e-04	0.0000000000000e+00	
20	2	-3.9861347953364e-03	9.2574385824270e-03	1.7632496888353e-04	0.0000000000000e+00	
20	3	-4.0995027974947e-03	9.3642173822868e-03	9.2240287641153e-05	0.0000000000000e+00	
20	4	-4.0527402566185e-03	9.3133905679171e-03	1.1262861553599e-04	0.0000000000000e+00	
20	5	-4.0059777157422e-03	9.2695914139925e-03	1.3823257315342e-04	0.0000000000000e+00	
20	6	-4.1072978478610e-03	9.3576383238118e-03	4.5002570717288e-06	0.0000000000000e+00	
20	7	-4.0636389332783e-03	9.3226453449398e-03	5.6246740434931e-05	0.0000000000000e+00	
20	8	-4.0199800186955e-03	9.2817442455579e-03	9.6570341488544e-05	0.0000000000000e+00	
21	0	-3.9709909814516e-03	9.2385622835121e-03	1.7660473992212e-04	0.0000000000000e+00	
21	1	-3.9521770462750e-03	9.2068343508639e-03	1.6526184677253e-04	0.0000000000000e+00	
21	2	-3.9333631110984e-03	9.1740676049758e-03	1.5353319995162e-04	0.0000000000000e+00	
21	3	-3.9867091244739e-03	9.2471712202045e-03	1.4411730756686e-04	0.0000000000000e+00	
21	4	-3.9672553119044e-03	9.2114117022003e-03	1.3644459733664e-04	0.0000000000000e+00	
21	5	-3.9478014993349e-03	9.1787884837298e-03	1.3043739556355e-04	0.0000000000000e+00	
21	6	-4.0008314587881e-03	9.2557801568970e-03	1.0551073346883e-04	0.0000000000000e+00	
21	7	-3.9786865066973e-03	9.2159890535368e-03	1.0568331893154e-04	0.0000000000000e+00	
21	8	-3.9565415546064e-03	9.1835093624838e-03	1.0957267497986e-04	0.0000000000000e+00	
22	0	-3.9241259202836e-03	9.1546863232233e-03	1.4325154091565e-04	0.0000000000000e+00	
22	1	-3.9111963261426e-03	9.1233927608162e-03	1.2277072268160e-04	0.0000000000000e+00	
22	2	-3.8982667320016e-03	9.0950004564276e-03	1.0674285571542e-04	0.0000000000000e+00	
22	3	-3.9374238354180e-03	9.1611796042172e-03	1.2458897385231e-04	0.0000000000000e+00	
22	4	-3.9212148923507e-03	9.1322788811776e-03	1.1078229560331e-04	0.0000000000000e+00	
22	5	-3.9050059492834e-03	9.1049479541236e-03	9.9081363939066e-05	0.0000000000000e+00	
22	6	-3.9451095352278e-03	9.1676728852110e-03	1.0898497717299e-04	0.0000000000000e+00	
22	7	-3.9279684479172e-03	9.1411650015390e-03	1.0052097687612e-04	0.0000000000000e+00	
22	8	-3.9108273606067e-03	9.1148954518197e-03	9.1815518480894e-05	0.0000000000000e+00	
23	0	-3.8911843369001e-03	9.0796558016727e-03	9.2504281544388e-05	0.0000000000000e+00	
23	1	-3.8797753392491e-03	9.0529342534386e-03	5.6341111398913e-05	0.0000000000000e+00	
23	2	-3.8683663415981e-03	9.0254236695375e-03	1.9580064395480e-05	0.0000000000000e+00	
23	3	-3.8971222905237e-03	9.0897788480098e-03	8.5898982610659e-05	0.0000000000000e+00	
23	4	-3.8862391059097e-03	9.0652028596126e-03	5.0646623172896e-05	0.0000000000000e+00	
23	5	-3.8753559212957e-03	9.0425399551175e-03	1.4940514519011e-05	0.0000000000000e+00	
23	6	-3.9027835213780e-03	9.0999018943469e-03	8.0088183729268e-05	0.0000000000000e+00	
23	7	-3.8922820221592e-03	9.0774714657866e-03	4.8448754568327e-05	0.0000000000000e+00	
23	8	-3.8817805229405e-03	9.0596562406975e-03	1.6499703833114e-05	0.0000000000000e+00	
24	0	-3.5141156291494e-03	8.6358634161016e-03	-2.7473725697685e-04	0.0000000000000e+00	
24	1	-3.5941417610075e-03	8.8342418922377e-03	-5.3867683749737e-04	0.0000000000000e+00	
24	2	-3.6741678928655e-03	8.9284689062133e-03	-9.0810181074655e-04	0.0000000000000e+00	
24	3	-3.5077632026793e-03	8.6185602283643e-03	-1.0289057813490e-04	0.0000000000000e+00	
24	4	-3.6514799892512e-03	8.7432233102060e-03	-4.4323589631420e-04	0.0000000000000e+00	
24	5	-3.7951967758230e-03	8.8500125546162e-03	-8.0547713119244e-04	0.0000000000000e+00	
24	6	-3.5585986020870e-03	8.6012570406271e-03	-4.7898105951960e-05	0.0000000000000e+00	
24	7	-3.6824165673429e-03	8.6522047281743e-03	-3.7837153706096e-04	0.0000000000000e+00	
24	8	-3.8062345325988e-03	8.7715562030191e-03	-6.4715140883917e-04	0.0000000000000e+00	
25	0	-3.7529034022800e-03	8.9429529169495e-03	-1.0971877142088e-03	0.0000000000000e+00	
25	1	-3.9434511929024e-03	9.0142331183207e-03	-1.1929439838070e-03	0.0000000000000e+00	
25	2	-4.1339989835248e-03	9.1606547013886e-03	-1.1081876852861e-03	0.0000000000000e+00	
25	3	-3.8548678978530e-03	8.9053934227644e-03	-9.2868521084643e-04	0.0000000000000e+00	
25	4	-3.9162104252618e-03	9.0111629353066e-03	-9.2543084643224e-04	0.0000000000000e+00	
25	5	-3.9775529526705e-03	9.1335171082580e-03	-8.4427852370991e-04	0.0000000000000e+00	
25	6	-3.8523774755610e-03	8.8678339285793e-03	-6.9641503566938e-04	0.0000000000000e+00	
25	7	-3.8871293495671e-03	9.0080927522925e-03	-6.5270675853017e-04	0.0000000000000e+00	
25	8	-3.9218812235732e-03	9.1063795151275e-03	-6.3371513289375e-04	0.0000000000000e+00	
26	0	-4.1907803752836e-03	9.2732785633403e-03	-9.4073472003467e-04	0.0000000000000e+00	
26	1	-4.1953613646275e-03	9.4043729965805e-03	-6.2657773782054e-04	0.0000000000000e+00	
26	2	-4.1999423539714e-03	9.4409489844140e-03	-4.0539881350995e-04	0.0000000000000e+00	
26	3	-4.0148972021663e-03	9.2095095579013e-03	-7.5371132502551e-04	0.0000000000000e+00	
26	4	-4.0818878771879e-03	9.3048355057152e-03	-5.9446661893782e-04	0.0000000000000e+00	
26	5	-4.1488785522095e-03	9.3494068628751e-03	-4.6706322630204e-04	0.0000000000000e+00	
26	6	-3.9518581593708e-03	9.1457405524622e-03	-6.2433834281892e-04	0.0000000000000e+00	
26	7	-4.0201217756185e-03	9.2052980148500e-03	-5.7624205810506e-04	0.0000000000000e+00	
26	8	-4.0883853918662e-03	9.2578647413362e-03	-4.9885034239147e-04	0.0000000000000e+00	
27	0	-4.1905172318858e-03	9.4229706494374e-03	-3.2497481121219e-04	0.0000000000000e+00	
27	1	-4.1535468889768e-03	9.3893529086526e-03	-2.0792374336809e-04	0.0000000000000e+00	
27	2	-4.1165765460678e-03	9.3615124991866e-03	-8.8027582520430e-05	0.0000000000000e+00	
27	3	-4.1585605101009e-03	9.3536465731525e-03	-3.9586299092967e-04	0.0000000000000e+00	
27	4	-4.1248418027526e-03	9.3490226253079e-03	-2.6406823122680e-04	0.0000000000000e+00	
27	5	-4.0911230954042e-03	9.3329590199998e-03	-1.4162183564872e-04	0.0000000000000e+00	
27	6	-4.1029322048207e-03	9.2843224968675e-03	-4.2914888331579e-04	0.0000000000000e+00	
27	7	-4.0846585901613e-03	9.3086923419632e-03	-2.9982742053639e-04	0.0000000000000e+00	
27	8	-4.0663849755019e-03	9.3044055408131e-03	-1.9204777901018e-04	0.0000000000000e+00	
28	0	-4.0955832612806e-03	9.3473808777803e-03	-3.3576978963855e-05	0.0000000000000e+00	
28	1	-4.0604103558274e-03	9.3176872606210e-03	2.2532240621515e-05	0.0000000000000e+00	
28	2	-4.0252374503743e-03	9.2798734288318e-03	6.4269336985421e-05	0.0000000000000e+00	
28	3	-4.0743119897261e-03	9.3187103083806e-03	-9.1271686055171e-05	0.0000000000000e+00	
28	4	-4.0502594723961e-03	9.2913940681222e-03	-3.9735062407632e-05	0.0000000000000e+00	
28	5	-4.0262069550661e-03	9.2612915511652e-03	3.9329082150248e-06	0.0000000000000e+00	
28	6	-4.0554118035434e-03	9.2900397389810e-03	-1.4925598521130e-04	0.0000000000000e+00	
28	7	-4.0359762041400e-03	9.2651008756234e-03	-9.6958019570244e-05	0.0000000000000e+00	
28	8	-4.0165406047366e-03	9.2427096734986e-03	-4.6025236757489e-05	0.0000000000000e+00	
29	0	-4.0079043596889e-03	9.2547738192176e-03	7.5519951701781e-05	0.0000000000000e+00	
29	1	-3.9835122433325e-03	9.2161783077300e-03	8.3724092844461e-05	0.0000000000000e+00	
29	2	-3.9591201269761e-03	9.1847147868718e-03	9.5028833018761e-05	0.0000000000000e+00	
29	3	-4.0118141172095e-03	9.2427066114698e-03	2.1814349396768e-05	0.0000000000000e+00	
29	4	-3.9864057670929e-03	9.2122513268525e-03	4.3985520259526e-05	0.0000000000000e+00	
29	5	-3.9609974169764e-03	9.1841363389894e-03	6.5088559610954e-05	0.0000000000000e+00	
29	6	-4.0044086234304e-03	9.2306394037219e-03	-2.1355179100182e-05	0.0000000000000e+00	
29	7	-3.9821527700966e-03	9.2083243459751e-03	9.9913276073618e-06	0.0000000000000e+00	
29	8	-3.9598969167629e-03	9.1835578911071e-03	3.6100972260642e-05	0.0000000000000e+00	
30	0	-3.9471595097907e-03	9.1693991667532e-03	9.7151157513282e-05	0.0000000000000e+00	
30	1	-3.9304490647843e-03	9.1438488113305e-03	9.0577159912973e-05	0.0000000000000e+00	
30	2	-3.9137386197780e-03	9.1186420745507e-03	8.3133786288915e-05	0.0000000000000e+00	
30	3	-3.9489665122012e-03	9.1688382379047e-03	7.0146993473378e-05	0.0000000000000e+00	
30	4	-3.9330307582380e-03	9.1441855809696e-03	6.6677753868993e-05	0.0000000000000e+00	
30	5	-3.9170950042747e-03	9.1215698146721e-03	6.2528508202084e-05	0.0000000000000e+00	
30	6	-3.9489536962367e-03	9.1682773090561e-03	4.3193891923850e-05	0.0000000000000e+00	
30	7	-3.9336032633554e-03	9.1445223506087e-03	4.4522682310014e-05	0.0000000000000e+00	
30	8	-3.9182528304741e-03	9.1244975547936e-03	4.5360836594879e-05	0.0000000000000e+00	
31	0	-3.9058744337752e-03	9.1043367836220e-03	7.2734931225504e-05	0.0000000000000e+00	
31	1	-3.8955596690674e-03	9.0835327931097e-03	4.4720894571270e-05	0.0000000000000e+00	
31	2	-3.8852449043595e-03	9.0679512739243e-03	1.6268418768764e-05	0.0000000000000e+00	
31	3	-3.9096692113821e-03	9.1094541973501e-03	5.5184948682382e-05	0.0000000000000e+00	
31	4	-3.9000862899037e-03	9.0920938878095e-03	3.3875260941521e-05	0.0000000000000e+00	
31	5	-3.8905033684253e-03	9.0793408009565e-03	1.1540325890092e-05	0.0000000000000e+00	
31	6	-3.9113810830018e-03	9.1145716110781e-03	4.1386271430846e-05	0.0000000000000e+00	
31	7	-3.9031168129151e-03	9.1006549825094e-03	2.6165683963856e-05	0.0000000000000e+00	
31	8	-3.8948525428284e-03	9.0907303279887e-03	9.3330410240272e-06	0.0000000000000e+00	
32	0	-3.6105785891242e-03	8.6300275521347e-03	-5.5071956331820e-05	0.0000000000000e+00	
32	1	-3.6895238286356e-03	8.6570985503072e-03	-3.3583351003470e-04	0.0000000000000e+00	
32	2	-3.7684690681469e-03	8.7687931350527e-03	-5.4191439198347e-04	0.0000000000000e+00	
32	3	-3.6784238362420e-03	8.7462003630986e-03	-5.4813291402969e-05	0.0000000000000e+00	
32	4	-3.7021680901639e-03	8.7649347113485e-03	-2.5001671177896e-04	0.0000000000000e+00	
32	5	-3.7259123440858e-03	8.8377542265911e-03	-4.0949883273018e-04	0.0000000000000e+00	
32	6	-3.7105856406510e-03	8.8623731740625e-03	-4.7622066606656e-05	0.0000000000000e+00	
32	7	-3.7180882813129e-03	8.8727708723898e-03	-1.8780577323598e-04	0.0000000000000e+00	
32	8	-3.7255909219747e-03	8.9067153181295e-03	-3.3122755276989e-04	0.0000000000000e+00	
33	0	-3.8090791349462e-03	8.8670176391546e-03	-5.7339495020495e-04	0.0000000000000e+00	
33	1	-3.8696900518348e-03	9.0054050742829e-03	-5.5201329132095e-04	0.0000000000000e+00	
33	2	-3.9303009687234e-03	9.0929148617956e-03	-5.7448988538070e-04	0.0000000000000e+00	
33	3	-3.7578623984651e-03	8.9017719615290e-03	-4.5950514596661e-04	0.0000000000000e+00	
33	4	-3.8439142403729e-03	8.9992390741970e-03	-4.9946101611411e-04	0.0000000000000e+00	
33	5	-3.9299660822807e-03	9.0737812858700e-03	-5.4644048335621e-04	0.0000000000000e+00	
33	6	-3.7494992446349e-03	8.9365262839034e-03	-4.0051203749879e-04	0.0000000000000e+00	
33	7	-3.8241573557127e-03	8.9930730741112e-03	-4.7385269005728e-04	0.0000000000000e+00	
33	8	-3.8988154667905e-03	9.0546477099445e-03	-5.1738228386120e-04	0.0000000000000e+00	
34	0	-3.9608912595935e-03	9.1226844789625e-03	-5.8757897269827e-04	0.0000000000000e+00	
34	1	-4.0054036225576e-03	9.1719552187613e-03	-5.5609803483109e-04	0.0000000000000e+00	
34	2	-4.0499159855218e-03	9.2237606022834e-03	-4.8484232819225e-04	0.0000000000000e+00	
34	3	-3.9600408619283e-03	9.1072214798051e-03	-5.4958561908295e-04	0.0000000000000e+00	
34	4	-3.9773407498502e-03	9.1569104685100e-03	-4.9942402077298e-04	0.0000000000000e+00	
34	5	-3.9946406377721e-03	9.1981041339492e-03	-4.3461224115008e-04	0.0000000000000e+00	
34	6	-3.9249671703198e-03	9.0917584806478e-03	-5.0565903306714e-04	0.0000000000000e+00	
34	7	-3.9401791706581e-03	9.1418657182586e-03	-4.4784674130331e-04	0.0000000000000e+00	
34	8	-3.9553911709965e-03	9.1724476656149e-03	-4.0050885568529e-04	0.0000000000000e+00	
35	0	-4.0614967446312e-03	9.2537062995563e-03	-4.1995405473351e-04	0.0000000000000e+00	
35	1	-4.0567815639147e-03	9.2839025056016e-03	-3.0775183151528e-04	0.0000000000000e+00	
35	2	-4.0520663831982e-03	9.2842450677570e-03	-2.1701457855709e-04	0.0000000000000e+00	
35	3	-4.0027363652315e-03	9.2178180687192e-03	-3.8936263625451e-04	0.0000000000000e+00	
35	4	-4.0132573773118e-03	9.2390427227120e-03	-3.1394543841310e-04	0.0000000000000e+00	
35	5	-4.0237783893921e-03	9.2435172491606e-03	-2.4753565590531e-04	0.0000000000000e+00	
35	6	-3.9636879029549e-03	9.1819298378821e-03	-3.7429452800087e-04	0.0000000000000e+00	
35	7	-3.9769875529056e-03	9.1941829398224e-03	-3.2255883919054e-04	0.0000000000000e+00	
35	8	-3.9902872028563e-03	9.2027894305642e-03	-2.6737301078744e-04	0.0000000000000e+00	
36	0	-4.0450769018478e-03	9.2720717718470e-03	-1.7818685189111e-04	0.0000000000000e+00	
36	1	-4.0257727881045e-03	9.2507897869834e-03	-1.2202020968202e-04	0.0000000000000e+00	
36	2	-4.0064686743612e-03	9.2320230151856e-03	-6.6446665189549e-05	0.0000000000000e+00	
36	3	-4.0219553380151e-03	9.2389955718079e-03	-2.1110152892802e-04	0.0000000000000e+00	
36	4	-4.0051694250581e-03	9.2279030425376e-03	-1.4935961617101e-04	0.0000000000000e+00	
36	5	-3.9883835121011e-03	9.2138802805463e-03	-9.2061007269919e-05	0.0000000000000e+00	
36	6	-3.9911258907373e-03	9.2059193717688e-03	-2.3110402747819e-04	0.0000000000000e+00	
36	7	-3.9807083847058e-03	9.2050162980919e-03	-1.6923228996011e-04	0.0000000000000e+00	
36	8	-3.9702908786744e-03	9.1957375459070e-03	-1.1565406243729e-04	0.0000000000000e+00	
37	0	-3.9953930344117e-03	9.2220154409093e-03	-3.9909329771279e-05	0.0000000000000e+00	
37	1	-3.9766358036945e-03	9.2026804025400e-03	-7.7190932377524e-06	0.0000000000000e+00	
37	2	-3.9578785729772e-03	9.1801117306754e-03	1.8561909373396e-05	0.0000000000000e+00	
37	3	-3.9794898560798e-03	9.2044464722625e-03	-6.6624986487571e-05	0.0000000000000e+00	
37	4	-3.9657127941765e-03	9.1872120187994e-03	-3.6259757664689e-05	0.0000000000000e+00	
37	5	-3.9519357322731e-03	9.1688474769299e-03	-9.9456325472405e-06	0.0000000000000e+00	
37	6	-3.9641588896163e-03	9.1868775036157e-03	-9.2291830842169e-05	0.0000000000000e+00	
37	7	-3.9535038663098e-03	9.1717436350587e-03	-6.1648064640987e-05	0.0000000000000e+00	
37	8	-3.9428488430034e-03	9.1575832231844e-03	-3.3197271928272e-05	0.0000000000000e+00	
38	0	-3.9480454247065e-03	9.1657832772589e-03	2.6699753489935e-05	0.0000000000000e+00	
38	1	-3.9330111232713e-03	9.1436078581865e-03	3.1675235680618e-05	0.0000000000000e+00	
38	2	-3.9179768218360e-03	9.1251632351280e-03	3.5839648796285e-05	0.0000000000000e+00	
38	3	-3.9439755713700e-03	9.1577734866036e-03	4.0806840909645e-07	0.0000000000000e+00	
38	4	-3.9303976066133e-03	9.1401284429533e-03	1.0932746880575e-05	0.0000000000000e+00	
38	5	-3.9168196418566e-03	9.1245230999328e-03	1.9355821069938e-05	0.0000000000000e+00	
38	6	-3.9365965024709e-03	9.1497636959483e-03	-2.0507693557635e-05	0.0000000000000e+00	
38	7	-3.9257654095999e-03	9.1366490277201e-03	-6.1249141894545e-06	0.0000000000000e+00	
38	8	-3.9149343167288e-03	9.1238829647375e-03	4.8657256894947e-06	0.0000000000000e+00	
39	0	-3.9114861462420e-03	9.1161521947305e-03	3.3647799589887e-05	0.0000000000000e+00	
39	1	-3.9042152950456e-03	9.1037227446211e-03	2.1409542653022e-05	0.0000000000000e+00	
39	2	-3.8969444438492e-03	9.0951670688697e-03	7.5212164810053e-06	0.0000000000000e+00	
39	3	-3.9111665410613e-03	9.1164664435625e-03	1.9440393901179e-05	0.0000000000000e+00	
39	4	-3.9053176720078e-03	9.1057039888730e-03	1.1893877331568e-05	0.0000000000000e+00	
39	5	-3.8994688029544e-03	9.0990243649305e-03	3.1534657113217e-06	0.0000000000000e+00	
39	6	-3.9103615851581e-03	9.1167806923944e-03	6.7954554379664e-06	0.0000000000000e+00	
39	7	-3.9054785240630e-03	9.1076852331250e-03	4.1497356245396e-06	0.0000000000000e+00	
39	8	-3.9005954629679e-03	9.1028816609913e-03	7.6629494501216e-07	0.0000000000000e+00	
40	0	-3.7143033940528e-03	8.9019247852663e-03	-4.3834573144115e-05	0.0000000000000e+00	
40	1	-3.7282426807487e-03	8.9104541726175e-03	-1.6768313407120e-04	0.0000000000000e+00	
40	2	-3.7421819674446e-03	8.9326510225187e-03	-3.0338251513397e-04	0.0000000000000e+00	
40	3	-3.7166707572222e-03	8.9216707568617e-03	-4.0147036285439e-05	0.0000000000000e+00	
40	4	-3.7377799949602e-03	8.9321163590240e-03	-1.4536947113774e-04	0.0000000000000e+00	
40	5	-3.7588892326982e-03	8.9528177631501e-03	-2.5308098793852e-04	0.0000000000000e+00	
40	6	-3.7170544956674e-03	8.9414167284571e-03	-3.2837454322709e-05	0.0000000000000e+00	
40	7	-3.7359719462603e-03	8.9537785454304e-03	-1.2284542368629e-04	0.0000000000000e+00	
40	8	-3.7548893968532e-03	8.9729845037816e-03	-2.0598073681119e-04	0.0000000000000e+00	
41	0	-3.7617728257240e-03	8.9517722291712e-03	-3.7253855472095e-04	0.0000000000000e+00	
41	1	-3.8151573603742e-03	8.9939294265850e-03	-4.4403023556557e-04	0.0000000000000e+00	
41	2	-3.8685418950244e-03	9.0476536590415e-03	-4.8017951691906e-04	0.0000000000000e+00	
41	3	-3.7728757346900e-03	8.9694104707582e-03	-3.0370211221583e-04	0.0000000000000e+00	
41	4	-3.7998309945824e-03	9.0030382748164e-03	-3.5703634576582e-04	0.0000000000000e+00	
41	5	-3.8267862544749e-03	9.0427522372779e-03	-3.9285442929152e-04	0.0000000000000e+00	
41	6	-3.7657346683510e-03	8.9870487123452e-03	-2.4065462474660e-04	0.0000000000000e+00	
41	7	-3.7840869029525e-03	9.0121471230477e-03	-2.8131228764139e-04	0.0000000000000e+00	
41	8	-3.8024391375541e-03	9.0378508155142e-03	-3.2228004997872e-04	0.0000000000000e+00	
42	0	-3.8910686348459e-03	9.0829076807365e-03	-4.6743837610825e-04	0.0000000000000e+00	
42	1	-3.9150970540147e-03	9.1299380102311e-03	-4.1970945017733e-04	0.0000000000000e+00	
42	2	-3.9391254731835e-03	9.1569386625336e-03	-3.8653017464957e-04	0.0000000000000e+00	
42	3	-3.8442381539462e-03	9.0679549796983e-03	-3.9394567434235e-04	0.0000000000000e+00	
42	4	-3.8772562012669e-03	9.1039932911667e-03	-3.7539807265895e-04	0.0000000000000e+00	
42	5	-3.9102742485876e-03	9.1292985709206e-03	-3.6028007687615e-04	0.0000000000000e+00	
42	6	-3.8167676650919e-03	9.0530022786601e-03	-3.3609331334158e-04	0.0000000000000e+00	
42	7	-3.8476552960620e-03	9.0780485721023e-03	-3.3743039042797e-04	0.0000000000000e+00	
42	8	-3.8785429270320e-03	9.1016584793076e-03	-3.3107702891242e-04	0.0000000000000e+00	
43	0	-3.9490068625697e-03	9.1642434211695e-03	-3.6674702607703e-04	0.0000000000000e+00	
43	1	-3.9589357557452e-03	9.1747151799447e-03	-3.1895670683283e-04	0.0000000000000e+00	
43	2	-3.9688646489206e-03	9.1843202701116e-03	-2.6559980984323e-04	0.0000000000000e+00	
43	3	-3.9219060472277e-03	9.1393524282465e-03	-3.4287245458698e-04	0.0000000000000e+00	
43	4	-3.9288605790769e-03	9.1526741681208e-03	-2.9570882675810e-04	0.0000000000000e+00	
43	5	-3.9358151109260e-03	9.1615789726033e-03	-2.4816305402205e-04	0.0000000000000e+00	
43	6	-3.8901979048818e-03	9.1144614353235e-03	-3.1437276860623e-04	0.0000000000000e+00	
43	7	-3.8993625082429e-03	9.1306331562968e-03	-2.7138609897603e-04	0.0000000000000e+00	
43	8	-3.9085271116040e-03	9.1388376750950e-03	-2.3320171727689e-04	0.0000000000000e+00	
44	0	-3.9702256618652e-03	9.1891720790081e-03	-2.3091132928044e-04	0.0000000000000e+00	
44	1	-3.9649738783409e-03	9.1910675982479e-03	-1.7406571850914e-04	0.0000000000000e+00	
44	2	-3.9597220948165e-03	9.1840831046377e-03	-1.2560272528845e-04	0.0000000000000e+00	
44	3	-3.9382342558804e-03	9.1646963469280e-03	-2.2014883986285e-04	0.0000000000000e+00	
44	4	-3.9395930955230e-03	9.1660197518290e-03	-1.7479399383859e-04	0.0000000000000e+00	
44	5	-3.9409519351657e-03	9.1621754489001e-03	-1.3427777659765e-04	0.0000000000000e+00	
44	6	-3.9124817486863e-03	9.1402206148478e-03	-2.1181461729395e-04	0.0000000000000e+00	
44	7	-3.9169072227286e-03	9.1409719054102e-03	-1.7423823099671e-04	0.0000000000000e+00	
44	8	-3.9213326967710e-03	9.1402677931626e-03	-1.3795648471553e-04	0.0000000000000e+00	
45	0	-3.9554104575567e-03	9.1763532517316e-03	-1.0344983259734e-04	0.0000000000000e+00	
45	1	-3.9458453355403e-03	9.1632225833919e-03	-7.1660349185574e-05	0.0000000000000e+00	
45	2	-3.9362802135239e-03	9.1512017409692e-03	-4.1864229879801e-05	0.0000000000000e+00	
45	3	-3.9393145585371e-03	9.1577557164132e-03	-1.1318903900120e-04	0.0000000000000e+00	
45	4	-3.9323288877448e-03	9.1494084440333e-03	-8.0154009859868e-05	0.0000000000000e+00	
45	5	-3.9253432169525e-03	9.1405360842200e-03	-5.0284519060739e-05	0.0000000000000e+00	
45	6	-3.9216793959117e-03	9.1391581810948e-03	-1.1732739277006e-04	0.0000000000000e+00	
45	7	-3.9184453505797e-03	9.1355943046747e-03	-8.4681731249543e-05	0.0000000000000e+00	
45	8	-3.9152113052478e-03	9.1298704274708e-03	-5.6373782307434e-05	0.0000000000000e+00	
46	0	-3.9309576400551e-03	9.1446695275027e-03	-2.8534576241983e-05	0.0000000000000e+00	
46	1	-3.9222317826666e-03	9.1335240067914e-03	-1.3522932407996e-05	0.0000000000000e+00	
46	2	-3.9135059252780e-03	9.1223752693345e-03	-2.0530413551306e-06	0.0000000000000e+00	
46	3	-3.9216889172242e-03	9.1351732507130e-03	-3.7385149563326e-05	0.0000000000000e+00	
46	4	-3.9161166174291e-03	9.1262643136249e-03	-2.2667752040103e-05	0.0000000000000e+00	
46	5	-3.9105443176340e-03	9.1178342218316e-03	-1.0715716922611e-05	0.0000000000000e+00	
46	6	-3.9133404501663e-03	9.1256769739234e-03	-4.4240170281860e-05	0.0000000000000e+00	
46	7	-3.9101453175892e-03	9.1190046204584e-03	-2.9334957028843e-05	0.0000000000000e+00	
46	8	-3.9069501850122e-03	9.1132931743287e-03	-1.6418715806187e-05	0.0000000000000e+00	
47	0	-3.9096579532086e-03	9.1160483987723e-03	8.0535155476576e-07	0.0000000000000e+00	
47	1	-3.9051602866223e-03	9.1079407788205e-03	9.9191434246165e-07	0.0000000000000e+00	
47	2	-3.9006626200360e-03	9.1036810517814e-03	4.7734137729755e-07	0.0000000000000e+00	
47	3	-3.9078661194510e-03	9.1132176290054e-03	-6.4680739897882e-06	0.0000000000000e+00	
47	4	-3.9042348134913e-03	9.1068377152235e-03	-2.7039713582696e-06	0.0000000000000e+00	
47	5	-3.9006035075315e-03	9.1025708555144e-03	2.8545772847387e-08	0.0000000000000e+00	
47	6	-3.9053119944684e-03	9.1103868592385e-03	-1.1146373944557e-05	0.0000000000000e+00	
47	7	-3.9028774988829e-03	9.1057346516265e-03	-5.5395703090729e-06	0.0000000000000e+00	
47	8	-3.9004430032973e-03	9.1014606592474e-03	-1.2948019215194e-06	0.0000000000000e+00	
48	0	-3.7160057825794e-03	8.9524648496218e-03	-2.6405315448487e-05	0.0000000000000e+00	
48	1	-3.7299241858708e-03	8.9638463386680e-03	-1.0853150495227e-04	0.0000000000000e+00	
48	2	-3.7438425891623e-03	8.9810874480007e-03	-1.8236572200766e-04	0.0000000000000e+00	
48	3	-3.7065466322850e-03	8.9706856544123e-03	-1.7369599288960e-05	0.0000000000000e+00	
48	4	-3.7144151980536e-03	8.9767820398891e-03	-8.5404058358250e-05	0.0000000000000e+00	
48	5	-3.7222837638221e-03	8.9887664077062e-03	-1.4963081483019e-04	0.0000000000000e+00	
48	6	-3.6866274179441e-03	8.9889064592027e-03	-1.3633167725562e-05	0.0000000000000e+00	
48	7	-3.6929304160407e-03	8.9897177411102e-03	-6.7547534306716e-05	0.0000000000000e+00	
48	8	-3.6992334141374e-03	8.9964453674117e-03	-1.2213846814148e-04	0.0000000000000e+00	











Stress
0	0	-7.7143932265439e-01	-1.4902076817480e+00	-1.9991256162259e-01	-6.7849410132073e-01	
0	1	-4.1987944870762e+00	-1.6553333529483e-01	-9.1902368755409e-01	-1.3092983467113e+00	
0	2	-7.0315210696699e+00	2.5466077020907e+00	-5.7804595131379e-01	-1.3454740102738e+00	
0	3	1.5748656930526e+00	1.0562476056979e+01	5.8706298410828e-01	3.6412025250096e+00	
0	4	-1.8652790902807e-01	1.0526827284174e+01	5.5431044423942e-01	3.1020898125439e+00	
0	5	-2.0493944089409e+00	1.0254408416428e+01	1.0357390716149e+00	2.4615042022462e+00	
0	6	6.7034159281064e+00	2.3807550603998e+01	8.8006503030110e-01	9.1532899596314e+00	
0	7	4.6973069561210e+00	2.1592717169544e+01	1.0696034233880e+00	7.8870072376995e+00	
0	8	1.8936236066431e+00	1.7516876854275e+01	1.2274152887920e+00	5.8231501382754e+00	
1	0	-6.2985153452148e+00	5.5165904251259e+00	-7.6019331150985e-02	-2.3457747602667e-01	
1	1	-2.1518614962302e+00	1.0199008413295e+01	3.2456798706110e-01	2.4141440751193e+00	
1	2	7.2257975146756e-01	1.1912930331794e+01	2.6138750581998e-01	3.7906530249786e+00	
1	3	-2.1762816546710e+00	1.0409216507895e+01	1.2086090039330e+00	2.4698804559672e+00	
1	4	-8.1295839698541e-01	1.1065474108908e+01	8.1072485712155e-01	3.0757547135767e+00	
1	5	3.5052395065166e-01	1.1255436253141e+01	1.3612521200090e-01	3.4817880611377e+00	
1	6	5.4135614451310e-01	1.4699872922939e+01	1.1441235617944e+00	4.5723687202355e+00	
1	7	-2.2396813509634e-01	1.1610548588511e+01	6.6268241078496e-01	3.4159741360245e+00	
1	8	-1.1676163351615e-01	1.0557129410193e+01	9.1578062610241e-02	3.1321103330031e+00	
2	0	1.0984535601562e+00	1.1371190079681e+01	1.3559362552167e-01	3.7408930919511e+00	
2	1	5.7376754268763e-01	1.0264407667718e+01	8.9647677020939e-02	3.2514525631215e+00	
2	2	4.1602084680702e-01	1.0013817006126e+01	8.0576194023571e-02	3.1289513558800e+00	
2	3	5.7526135118299e-01	1.1023593706183e+01	-7.6878832172521e-02	3.4796565172098e+00	
2	4	3.9793916922845e-01	1.0535894486810e+01	5.7621639202695e-02	3.2801500968114e+00	
2	5	3.5207410926734e-01	1.0354928552088e+01	2.1267737215742e-01	3.2121007984065e+00	
2	6	1.3072770113068e-01	1.0709708143651e+01	-4.6282681255853e-02	3.2521307534346e+00	
2	7	2.4365214095670e-01	1.0816613310982e+01	1.1167607693229e-01	3.3180796355816e+00	
2	8	2.5255150318162e-01	1.0680793297244e+01	2.7387089277609e-01	3.2800034401276e+00	
3	0	4.3939306165837e-01	1.0201071649577e+01	6.2896791313911e-02	3.1921394133707e+00	
3	1	3.7313965445856e-01	1.0385084776273e+01	9.2060063931137e-03	3.2274673292195e+00	
3	2	2.0237733745102e-01	1.0325243780084e+01	-1.0719772903000e-02	3.1582863352606e+00	
3	3	3.4942110591471e-01	1.0362975930871e+01	2.2316882725388e-01	3.2137191110358e+00	
3	4	2.8848345687424e-01	1.0343663350607e+01	1.1087907951141e-01	3.1896440422444e+00	
3	5	2.0766891724926e-01	1.0277971358979e+01	2.9543068943869e-02	3.1456920828684e+00	
3	6	2.0438926720654e-01	1.0501283119466e+01	2.8326882895946e-01	3.2117017160019e+00	
3	7	1.3892793675125e-01	1.0274427929567e+01	1.6880146454414e-01	3.1240067598956e+00	
3	8	1.3822173493470e-01	1.0198668039825e+01	8.2476568853990e-02	3.1010669324279e+00	
4	0	1.2450239767327e-01	1.0219007070897e+01	-4.0155064987789e-04	3.1030528405711e+00	
4	1	1.1579166994958e-01	1.0119434754423e+01	2.1118313016340e-02	3.0705679273117e+00	
4	2	1.3912341332417e-01	1.0094628203844e+01	2.3940678665724e-02	3.0701254851505e+00	
4	3	1.6928151397791e-01	1.0228350977502e+01	1.9393992704733e-02	3.1192897474439e+00	
4	4	1.3687167278383e-01	1.0167141366743e+01	3.9804114535937e-02	3.0912039118579e+00	
4	5	1.1354495844504e-01	1.0127125718646e+01	5.0813543240120e-02	3.0722012031272e+00	
4	6	1.4592726102369e-01	1.0208494868710e+01	6.3824464827890e-02	3.1063266389200e+00	
4	7	1.2235712347355e-01	1.0199593171000e+01	6.7818615328765e-02	3.0965850883422e+00	
4	8	8.4910768535734e-02	1.0158313632720e+01	7.1708877592432e-02	3.0729673203767e+00	
5	0	1.4133964500481e-01	1.0100166596776e+01	1.5665461247786e-02	3.0724518725343e+00	
5	1	9.9598845886185e-02	1.0083280514473e+01	2.8408147542590e-03	3.0548638081079e+00	
5	2	4.9582579263161e-02	1.0047085007994e+01	-1.2127680811519e-04	3.0290002761771e+00	
5	3	1.0223679666144e-01	1.0111913769716e+01	4.6127205219094e-02	3.0642451699133e+00	
5	4	7.9821366637047e-02	1.0083596287356e+01	2.9660895995195e-02	3.0490252961979e+00	
5	5	5.5827916841861e-02	1.0051596758864e+01	2.0289210223405e-02	3.0322274027118e+00	
5	6	6.6727744004495e-02	1.0125201140808e+01	6.7456671228220e-02	3.0575786654437e+00	
5	7	5.3949922897676e-02	1.0081300361171e+01	5.1813664429684e-02	3.0405750852207e+00	
5	8	4.6291529753664e-02	1.0049344913448e+01	4.0497349604212e-02	3.0286909329606e+00	
6	0	3.2076877510560e-02	1.0024343744918e+01	2.6025228597849e-03	3.0169261867286e+00	
6	1	2.6799201931410e-02	9.9937390211075e+00	6.1015081350820e-03	3.0061614669117e+00	
6	2	2.0781731998470e-02	9.9614081104713e+00	5.7938630500242e-03	2.9946569527409e+00	
6	3	4.4890364056852e-02	1.0032897334130e+01	1.8966320218465e-02	3.0233363094559e+00	
6	4	3.1382075292921e-02	1.0000834943089e+01	1.8232804558823e-02	3.0096651055145e+00	
6	5	1.6427557426683e-02	9.9653980174755e+00	1.5981790199298e-02	2.9945476724707e+00	
6	6	4.1434477623826e-02	1.0034478334921e+01	3.6290004273738e-02	3.0227738437636e+00	
6	7	2.7707536486754e-02	1.0004391974141e+01	3.0853031180148e-02	3.0096298531882e+00	
6	8	1.1827931498856e-02	9.9692827310414e+00	2.6187691047144e-02	2.9943331987621e+00	
7	0	1.7197706080341e-02	9.9415907784694e+00	3.8687228749696e-03	2.9876365453649e+00	
7	1	8.3590198787258e-03	9.8998936705731e+00	1.1829714005375e-03	2.9724758071355e+00	
7	2	-5.1539174254174e-03	9.8472899767708e+00	3.0228158377498e-04	2.9526408178036e+00	
7	3	1.1471535540337e-02	9.9448849958013e+00	1.3191059172673e-02	2.9869069594025e+00	
7	4	7.5778544988960e-03	9.9055897276593e+00	7.4354052115704e-03	2.9739502746474e+00	
7	5	-5.7674003840891e-04	9.8563523280268e+00	2.6156412786226e-03	2.9567326763965e+00	
7	6	6.9461153468033e-03	9.9486938204246e+00	2.2474509408132e-02	2.9866919807314e+00	
7	7	4.9553387621923e-03	9.9104966345925e+00	1.3924511364805e-02	2.9746355920064e+00	
7	8	-8.8301371161403e-04	9.8633217716857e+00	5.4412317201045e-03	2.9587316273922e+00	
8	0	8.1058140980196e+00	2.5690876449928e+01	7.4537415318525e-01	1.0139007164384e+01	
8	1	5.6141021156240e+00	2.2878062582957e+01	6.7689837045330e-01	8.5476494095742e+00	
8	2	2.3016247002069e+00	1.8150129372268e+01	4.6966133017431e-01	6.1355262217425e+00	
8	3	5.3421502577593e+00	1.7865931245123e+01	3.4168726259666e-01	6.9624244508646e+00	
8	4	3.0620535528115e+00	1.5878348952453e+01	-2.7092989741854e-01	5.6821207515795e+00	
8	5	5.7759702528593e-01	1.3413927073769e+01	-8.4422457796396e-01	4.1974572297166e+00	
8	6	1.5583245220939e+00	9.6037737994294e+00	-1.0379405417903e-02	3.3486294964570e+00	
8	7	1.1313617415272e-01	8.7085486865875e+00	-7.5620086908714e-01	2.6465054582221e+00	
8	8	-9.2000638592240e-01	8.7747637454333e+00	-1.2846161162698e+00	2.3564272078533e+00	
9	0	7.0029279235558e-01	1.4965789603405e+01	3.5296695819290e-01	4.6998247187281e+00	
9	1	-3.1332005909351e-01	1.1496803881521e+01	2.1923557339529e-01	3.3550451467283e+00	
9	2	-3.2449375659991e-01	1.0366842852171e+01	3.9773249801280e-02	3.0127047286712e+00	
9	3	-3.2498419970920e-01	1.2080172078061e+01	-8.6785755721959e-01	3.5265563635056e+00	
9	4	-5.6729938965751e-01	1.0836018695251e+01	-4.5396835049354e-01	3.0806157916781e+00	
9	5	-4.3311807566898e-01	1.0470357154960e+01	-1.2188954364254e-01	3.0111717237874e+00	
9	6	-9.7920833207967e-01	9.3535772068728e+00	-1.2170378531796e+00	2.5123106624379e+00	
9	7	-5.7650397430245e-01	1.0280136971518e+01	-6.7282315493378e-01	2.9110898991647e+00	
9	8	-4.2324576259425e-01	1.0624655728669e+01	-2.4649831764167e-01	3.0604229898224e+00	
10	0	-6.2394333444025e-02	1.0610330862580e+01	1.1359283381158e-02	3.1643809587409e+00	
10	1	1.0511005825972e-01	1.0840168899863e+01	1.2356565081376e-01	3.2835836874368e+00	
10	2	1.2187778392944e-01	1.0718288049733e+01	2.3711859069866e-01	3.2520497500988e+00	
10	3	-2.7532653714254e-01	1.0585362830483e+01	-2.3129096451421e-02	3.0930108880022e+00	
10	4	-1.5920077104337e-01	1.0665041884730e+01	4.1983558240614e-02	3.1517523341060e+00	
10	5	-1.1885345607091e-01	1.0567904553015e+01	1.1483229746792e-01	3.1347153290831e+00	
10	6	-4.0000074489071e-01	1.0598219653793e+01	-1.2745239814165e-01	3.0594656726708e+00	
10	7	-3.1289031210571e-01	1.0537323993129e+01	-5.9461312918643e-02	3.0673301043069e+00	
10	8	-2.2660011554012e-01	1.0474514447952e+01	2.2655368922604e-02	3.0743742997236e+00	
11	0	7.4252873409355e-02	1.0509074678841e+01	2.4277453694097e-01	3.1749982656752e+00	
11	1	4.1798101248328e-02	1.0257271833200e+01	1.6220113195283e-01	3.0897209803345e+00	
11	2	8.7849417874053e-02	1.0188649861394e+01	1.0395490509629e-01	3.0829497837806e+00	
11	3	-1.1363504521820e-01	1.0446525780436e+01	1.3231859719271e-01	3.0998672205655e+00	
11	4	-6.0585815875799e-02	1.0302627514932e+01	1.1789481361371e-01	3.0726125097167e+00	
11	5	3.3592543075945e-02	1.0254697218515e+01	1.0862527891458e-01	3.0864869284773e+00	
11	6	-1.7952108418540e-01	1.0436263401886e+01	5.9262646659152e-02	3.0770226953102e+00	
11	7	-1.0107310572058e-01	1.0374510322640e+01	8.6070511704341e-02	3.0820311650758e+00	
11	8	-1.8872956823831e-02	1.0321512307735e+01	1.0085969637769e-01	3.0907918052734e+00	
12	0	1.1408792932178e-01	1.0209632287751e+01	8.8251577059491e-02	3.0971160651220e+00	
12	1	9.6751293955374e-02	1.0206968121708e+01	8.0358238351103e-02	3.0911158246991e+00	
12	2	6.2717015236321e-02	1.0165342787842e+01	7.5930324281305e-02	3.0684179409235e+00	
12	3	6.3824846180379e-02	1.0248739239970e+01	1.0081593838665e-01	3.0937692258452e+00	
12	4	4.4774100246926e-02	1.0209075621391e+01	8.4075159703117e-02	3.0761549164915e+00	
12	5	2.2289248368972e-02	1.0161399088942e+01	7.3768914744736e-02	3.0551065011933e+00	
12	6	8.8682307116184e-04	1.0282414075060e+01	9.6266428775363e-02	3.0849902694394e+00	
12	7	-9.4861516263647e-03	1.0210204667575e+01	7.9520568388780e-02	3.0602155547847e+00	
12	8	-1.0029694860264e-02	1.0160930600173e+01	7.2178350813908e-02	3.0452702715937e+00	
13	0	4.6255284358984e-02	1.0129750349336e+01	7.1016218299749e-02	3.0528016901086e+00	
13	1	3.8451040386077e-02	1.0083437414235e+01	5.8309215961503e-02	3.0365665363864e+00	
13	2	3.6771990768854e-02	1.0051416599298e+01	4.8684008228536e-02	3.0264565770200e+00	
13	3	1.5284497461466e-02	1.0133756408705e+01	6.9437490926453e-02	3.0447122718500e+00	
13	4	1.7775936175430e-02	1.0095955262369e+01	6.1719853888657e-02	3.0341193595633e+00	
13	5	2.3151429345667e-02	1.0064883576431e+01	5.5573863496944e-02	3.0264105017330e+00	
13	6	-6.0915422364847e-03	1.0141874502588e+01	7.0373917184272e-02	3.0407348881055e+00	
13	7	1.4100613071477e-03	1.0110319923078e+01	6.5484885513992e-02	3.0335189953155e+00	
13	8	8.5545794076545e-03	1.0077932144201e+01	6.0657352530598e-02	3.0259460170825e+00	
14	0	3.4447933131964e-02	1.0036929059202e+01	4.4007931309115e-02	3.0214130977003e+00	
14	1	2.2973935874726e-02	1.0007108531538e+01	3.6541729216829e-02	3.0090247402239e+00	
14	2	9.6213151991478e-03	9.9729045492313e+00	3.0573875062234e-02	2.9947577593291e+00	
14	3	2.2910338268796e-02	1.0047633832284e+01	5.1221752779204e-02	3.0211632511659e+00	
14	4	1.4695932989570e-02	1.0014735971961e+01	4.2498841155445e-02	3.0088295714850e+00	
14	5	6.2510767048485e-03	9.9813003926240e+00	3.5482495776466e-02	2.9962654407987e+00	
14	6	9.0704648358697e-03	1.0057351914550e+01	5.6320178217470e-02	3.0199267138159e+00	
14	7	4.8444156094600e-03	1.0021689049028e+01	4.7439338670805e-02	3.0079600393912e+00	
14	8	2.0360877904100e-03	9.9893342001224e+00	4.0473283676006e-02	2.9974110863738e+00	
15	0	5.5068854309583e-03	9.9527945908374e+00	2.6227084009247e-02	2.9874904428805e+00	
15	1	3.7320270513881e-03	9.9155848926035e+00	1.6165496166613e-02	2.9757950758965e+00	
15	2	-1.4524844393771e-03	9.8704193371101e+00	5.9109542735454e-03	2.9606900558012e+00	
15	3	3.8876810452155e-03	9.9625642911805e+00	3.0260547680421e-02	2.9899355916677e+00	
15	4	2.8631937915451e-03	9.9284691211746e+00	1.8090607377134e-02	2.9793996944899e+00	
15	5	-4.7936619992583e-04	9.8889651147805e+00	5.7045224440190e-03	2.9665457245742e+00	
15	6	1.6121733849843e-03	9.9720527186918e+00	3.4907680438038e-02	2.9920994676230e+00	
15	7	1.2568902293308e-03	9.9410372910448e+00	2.1357107923028e-02	2.9826882543822e+00	
15	8	-3.2488529073849e-04	9.9071600478808e+00	7.5672001987856e-03	2.9720505487770e+00	
16	0	1.1091997349892e-01	7.3319479794977e+00	-1.4891891668918e-01	2.2328603858990e+00	
16	1	-7.0038323788618e-01	6.9563603015828e+00	-7.2904431027277e-01	1.8767931191090e+00	
16	2	-9.9532802875681e-01	7.7856089382017e+00	-1.0759113310925e+00	2.0370842728335e+00	
16	3	-1.2725099376813e-01	8.1949936162224e+00	-2.2419160865966e-01	2.4203227867363e+00	
16	4	-2.7671554550782e-01	8.2206667722850e+00	-4.7795630559425e-01	2.3831853680331e+00	
16	5	-1.6775779368126e-01	8.8493253033354e+00	-6.2207056373416e-01	2.6044702528963e+00	
16	6	8.9243516921560e-02	9.2528958863572e+00	-1.7232010203546e-01	2.8026418209836e+00	
16	7	1.6898985593510e-01	9.4944179754434e+00	-2.7168151361986e-01	2.8990223494135e+00	
16	8	2.4922238156666e-01	9.7370744999716e+00	-3.8500042037877e-01	2.9958890644615e+00	
17	0	-8.0432613675950e-01	8.8043773214341e+00	-9.9713002608292e-01	2.4000153554024e+00	
17	1	-4.2963769893971e-01	1.0130641300239e+01	-5.9774755467163e-01	2.9103010803899e+00	
17	2	-4.3190647803726e-01	1.0577338439571e+01	-3.0316524867791e-01	3.0436295884600e+00	
17	3	-8.1639891118096e-02	9.4154288902772e+00	-6.0359582524314e-01	2.8001366997477e+00	
17	4	-1.8359656360478e-01	1.0057981745178e+01	-4.8209519729143e-01	2.9623155544720e+00	
17	5	-4.7475853620165e-01	1.0259055566488e+01	-3.8433264396535e-01	2.9352891090860e+00	
17	6	1.8712418006092e-01	9.8319423843507e+00	-4.4044772349296e-01	3.0057199693235e+00	
17	7	-1.0776028496039e-01	9.9123772515350e+00	-4.7166099446277e-01	2.9413850899724e+00	
17	8	-4.0409813328477e-01	9.9894208910121e+00	-4.4555024926625e-01	2.8755968273182e+00	
18	0	-4.7267799454351e-01	1.0521205614916e+01	-2.1198544234371e-01	3.0145582861119e+00	
18	1	-3.5967357514415e-01	1.0466917264715e+01	-1.1952488170764e-01	3.0321731068714e+00	
18	2	-2.3501646419814e-01	1.0439818528123e+01	-1.7682397667173e-02	3.0614406191776e+00	
18	3	-5.4308223732240e-01	1.0267123393749e+01	-3.2071148064761e-01	2.9172123469280e+00	
18	4	-3.7777811817556e-01	1.0347958538871e+01	-1.9310861487083e-01	2.9910541262085e+00	
18	5	-2.3291640998210e-01	1.0381094725101e+01	-7.8814931271929e-02	3.0444534945356e+00	
18	6	-4.4052430469863e-01	1.0087167819183e+01	-3.7929088305077e-01	2.8939930543453e+00	
18	7	-3.0233935534229e-01	1.0269089801253e+01	-2.3794244713330e-01	2.9900251337733e+00	
18	8	-2.1669191943935e-01	1.0328424251933e+01	-1.3259429897599e-01	3.0335196997480e+00	
19	0	-1.7803258727672e-01	1.0426201354871e+01	2.6357814574191e-02	3.0744506302783e+00	
19	1	-1.1801455239288e-01	1.0380489352643e+01	6.0236196923982e-02	3.0787424400751e+00	
19	2	-6.3616514815157e-02	1.0321664023368e+01	7.9293522914460e-02	3.0774142525658e+00	
19	3	-1.8662496674340e-01	1.0367774038784e+01	-3.6430280643901e-02	3.0543447216121e+00	
19	4	-1.5950173750341e-01	1.0318972574096e+01	-1.1766565802968e-03	3.0478412509778e+00	
19	5	-1.3282892278281e-01	1.0269120142197e+01	2.6798498629848e-02	3.0408873658241e+00	
19	6	-1.9652138121724e-01	1.0308787850550e+01	-9.7088661138562e-02	3.0336799407999e+00	
19	7	-1.7589390135061e-01	1.0268210804662e+01	-5.7013406836663e-02	3.0276950709934e+00	
19	8	-1.5054725321664e-01	1.0238645151397e+01	-1.6674033882370e-02	3.0264293694541e+00	
20	0	-4.9181041729915e-02	1.0276500917019e+01	7.7800786225287e-02	3.0681959625867e+00	
20	1	-4.2909573198968e-02	1.0205935227854e+01	6.8606321406637e-02	3.0489076963964e+00	
20	2	-2.5120734629532e-02	1.0162243402112e+01	6.7817295724435e-02	3.0411368002446e+00	
20	3	-1.1612835300050e-01	1.0240579477601e+01	3.5477033708136e-02	3.0373353373800e+00	
20	4	-8.2501940880362e-02	1.0199137154916e+01	4.3318698283075e-02	3.0349905642108e+00	
20	5	-4.4821109272685e-02	1.0167155144369e+01	5.3166374289776e-02	3.0367002105290e+00	
20	6	-1.3041730069070e-01	1.0227225908288e+01	1.7308681045111e-03	3.0290425822793e+00	
20	7	-9.1833941947776e-02	1.0205307810528e+01	2.1633361705743e-02	3.0340421605740e+00	
20	8	-5.6659114268234e-02	1.0175436473619e+01	3.7142439034056e-02	3.0356332078052e+00	
21	0	-1.5625003773955e-02	1.0145569815429e+01	6.7924899970045e-02	3.0389834434965e+00	
21	1	-8.6031291025179e-03	1.0113713330235e+01	6.3562248758667e-02	3.0315330603398e+00	
21	2	-2.1805697617623e-03	1.0080458442603e+01	5.9051230750622e-02	3.0234833618524e+00	
21	3	-3.1817348212304e-02	1.0148090609233e+01	5.5429733679562e-02	3.0348819783061e+00	
21	4	-2.6260014755795e-02	1.0111176149940e+01	5.2478691283324e-02	3.0254748405553e+00	
21	5	-1.8893277722152e-02	1.0078483632328e+01	5.0168229062905e-02	3.0178771063816e+00	
21	6	-4.5861488620382e-02	1.0151532061907e+01	4.0581051334166e-02	3.0317011719859e+00	
21	7	-3.9007381975091e-02	1.0110743048974e+01	4.0647430358283e-02	3.0215207000997e+00	
21	8	-2.7935152844832e-02	1.0079796321840e+01	4.2143336530716e-02	3.0155583506985e+00	
22	0	-9.2739852220891e-04	1.0059697404175e+01	5.5096746506021e-02	3.0176310016960e+00	
22	1	-1.5761539518895e-03	1.0025030836016e+01	4.7219508723692e-02	3.0070364046194e+00	
22	2	-5.5110667860170e-04	9.9942698074977e+00	4.1054944505930e-02	2.9981156102457e+00	
22	3	-1.5082314475861e-02	1.0060766485244e+01	4.7918836097041e-02	3.0137052512303e+00	
22	4	-9.9360774849755e-03	1.0031212979075e+01	4.2608575232043e-02	3.0063830704771e+00	
22	5	-3.8841889639638e-03	1.0003772659811e+01	3.8108216899641e-02	2.9999665412540e+00	
22	6	-2.1682325184850e-02	1.0065073382845e+01	4.1917298912688e-02	3.0130173172980e+00	
22	7	-1.3900794385306e-02	1.0039278782120e+01	3.8661914183125e-02	3.0076133963203e+00	
22	8	-5.9817632284815e-03	1.0013805015561e+01	3.5313660954190e-02	3.0023469756998e+00	
23	0	1.3020129180763e-04	9.9776995386555e+00	3.5578569824765e-02	2.9933489219842e+00	
23	1	7.2189533112166e-05	9.9483103377544e+00	2.1669658230351e-02	2.9845147581863e+00	
23	2	-4.4103511037186e-04	9.9178589734555e+00	7.5307939982616e-03	2.9752253815035e+00	
23	3	-2.0229787761812e-03	9.9879009739419e+00	3.3038070234869e-02	2.9957633985497e+00	
23	4	-1.5509927942308e-03	9.9610966729921e+00	1.9479470451114e-02	2.9878637040594e+00	
23	5	2.4695438958666e-05	9.9368676772953e+00	5.7463517380810e-03	2.9810677118203e+00	
23	6	-3.8036474241148e-03	9.9982620569796e+00	3.0803147588180e-02	2.9983375228667e+00	
23	7	-2.6076457221107e-03	9.9741258065439e+00	1.8634136372434e-02	2.9914554482465e+00	
23	8	1.2509733671573e-03	9.9562023300117e+00	6.3460399358131e-03	2.9872359910137e+00	
24	0	2.5168862389590e-01	9.5978263510121e+00	-1.0566817576033e-01	2.9548544924724e+00	
24	1	2.5841025955011e-01	9.8187053774310e+00	-2.0718339903745e-01	3.0231346910943e+00	
24	2	2.0504451318866e-01	9.8993805124801e+00	-3.4926992721021e-01	3.0313275077006e+00	
24	3	2.5025735891108e-01	9.5781984597139e+00	-3.9573299282652e-02	2.9485367455875e+00	
24	4	1.2871346266529e-01	9.6631006160939e+00	-1.7047534473623e-01	2.9375442236278e+00	
24	5	-3.1422628678257e-03	9.7239418374701e+00	-3.0979889661248e-01	2.9162398723807e+00	
24	6	1.7184248216779e-01	9.5255775919478e+00	-1.8422348443061e-02	2.9092260222347e+00	
24	7	3.4557348677423e-02	9.5227275759983e+00	-1.4552751425422e-01	2.8671854774027e+00	
24	8	-6.3264061371964e-02	9.6119595814110e+00	-2.4890438801506e-01	2.8646086560117e+00	
25	0	1.0741056440160e-01	9.8734538868858e+00	-4.2199527469571e-01	2.9942593353862e+00	
25	1	-1.0797288372203e-01	9.8594765864496e+00	-4.5882460915655e-01	2.9254511108183e+00	
25	2	-2.8000553471304e-01	9.9466511459895e+00	-4.2622603280236e-01	2.8999936833829e+00	
25	3	-5.1518272438018e-02	9.7640673588061e+00	-3.5718661955632e-01	2.9137647259104e+00	
25	4	-7.3073879021628e-02	9.8710594752617e+00	-3.5593494093548e-01	2.9393956788720e+00	
25	5	-8.5061412292249e-02	1.0000377096114e+01	-3.2472250911920e-01	2.9745947051466e+00	
25	6	-6.9834719844033e-02	9.7149432833408e+00	-2.6785193679591e-01	2.8935325690490e+00	
25	7	-3.5697536556152e-02	9.8837040802589e+00	-2.5104106097314e-01	2.9544019631108e+00	
25	8	-2.5775003774923e-02	9.9959640259948e+00	-2.4373658957452e-01	2.9910567066660e+00	
26	0	-2.9146671864693e-01	1.0065501695679e+01	-3.6182104616718e-01	2.9322104931097e+00	
26	1	-2.2200203127897e-01	1.0239332092727e+01	-2.4099143762328e-01	3.0051990184345e+00	
26	2	-2.0706721626105e-01	1.0285926120958e+01	-1.5592262058075e-01	3.0236576714092e+00	
26	3	-9.1490719511554e-02	1.0081129865156e+01	-2.8988897116366e-01	2.9968917436933e+00	
26	4	-1.2667473522491e-01	1.0170804790085e+01	-2.2864100728378e-01	3.0132390164581e+00	
26	5	-1.9114024554640e-01	1.0192156227596e+01	-1.7963970242386e-01	3.0003047946148e+00	
26	6	-4.3420280424792e-02	1.0031655651754e+01	-2.4013013185343e-01	2.9964706113989e+00	
26	7	-1.0095353553456e-01	1.0072446303287e+01	-2.2163156080964e-01	2.9914478303258e+00	
26	8	-1.6251990751058e-01	1.0103826348799e+01	-1.9186551630441e-01	2.9823919323865e+00	
27	0	-2.0475166824773e-01	1.0267162086616e+01	-1.2499031200469e-01	3.0187231255106e+00	
27	1	-1.7437874939991e-01	1.0243236479546e+01	-7.9970670526189e-02	3.0206573190438e+00	
27	2	-1.4067275479129e-01	1.0227088049250e+01	-3.3856762507858e-02	3.0259245883378e+00	
27	3	-2.0172766370176e-01	1.0192277784955e+01	-1.5225499651141e-01	2.9971650363759e+00	
27	4	-1.5900475833540e-01	1.0205506340173e+01	-1.0156470431800e-01	3.0139504745512e+00	
27	5	-1.2288165535187e-01	1.0203335356497e+01	-5.4469936787970e-02	3.0241361103436e+00	
27	6	-1.6683806598891e-01	1.0131050166079e+01	-1.6505726281377e-01	2.9892636300270e+00	
27	7	-1.2817944331528e-01	1.0174398196781e+01	-1.1531823866784e-01	3.0138656260396e+00	
27	8	-1.0605350116809e-01	1.0179169972920e+01	-7.3864530388529e-02	3.0219349415257e+00	
28	0	-1.2056542223526e-01	1.0220176223196e+01	-1.2914222678406e-02	3.0298832402883e+00	
28	1	-9.0348213255584e-02	1.0200496107089e+01	8.6662463928905e-03	3.0330443681501e+00	
28	2	-6.4815743485476e-02	1.0169884932827e+01	2.4718975763624e-02	3.0315207568024e+00	
28	3	-1.0847173133475e-01	1.0193853113363e+01	-3.5104494636604e-02	3.0256144146084e+00	
28	4	-9.1852712001153e-02	1.0170957703782e+01	-1.5282716310628e-02	3.0237314975343e+00	
28	5	-7.6841159993657e-02	1.0144311537107e+01	1.5126570057788e-03	3.0202411131341e+00	
28	6	-9.9569886127136e-02	1.0166162069661e+01	-5.7406148158194e-02	3.0199776550601e+00	
28	7	-8.7794385021161e-02	1.0143803368643e+01	-3.7291545988555e-02	3.0168026950866e+00	
28	8	-7.4549079357806e-02	1.0124874211592e+01	-1.7702014137496e-02	3.0150975396704e+00	
29	0	-5.5963280801768e-02	1.0146096856819e+01	2.9046135269916e-02	3.0270400728051e+00	
29	1	-4.5394380795661e-02	1.0108213735406e+01	3.2201574170946e-02	3.0188458063832e+00	
29	2	-3.0710870811016e-02	1.0079931370610e+01	3.6549551161062e-02	3.0147661499398e+00	
29	3	-6.8188266549448e-02	1.0127596909358e+01	8.3901343833724e-03	3.0178225928425e+00	
29	4	-5.1555074825586e-02	1.0101258074363e+01	1.6917507792125e-02	3.0149108998613e+00	
29	5	-3.3571711897385e-02	1.0078069638846e+01	2.5034061388828e-02	3.0133493780845e+00	
29	6	-6.5181183239811e-02	1.0115624991493e+01	-8.2135304231471e-03	3.0151331424759e+00	
29	7	-4.8095452452164e-02	1.0098425406065e+01	3.8428183105238e-03	3.0150989860837e+00	
29	8	-3.2423989234384e-02	1.0077925862973e+01	1.3884989331016e-02	3.0136505621217e+00	
30	0	-2.3445974668288e-02	1.0066214545750e+01	3.7365829812801e-02	3.0128305713245e+00	
30	1	-1.5691734518997e-02	1.0041460477877e+01	3.4837369197297e-02	3.0077306230074e+00	
30	2	-7.7392528449218e-03	1.0017168973562e+01	3.1974533188044e-02	3.0028289162150e+00	
30	3	-2.6202090710472e-02	1.0064416947833e+01	2.6979612874376e-02	3.0114644571366e+00	
30	4	-1.8972800914810e-02	1.0040424383091e+01	2.5645289949613e-02	3.0064354746529e+00	
30	5	-1.0568381905147e-02	1.0019173786516e+01	2.4049426231571e-02	3.0025816213831e+00	
30	6	-2.6508451247814e-02	1.0063669245131e+01	1.6613035355327e-02	3.0111482381651e+00	
30	7	-1.9549190704144e-02	1.0040547435422e+01	1.7124108580774e-02	3.0062994734154e+00	
30	8	-1.0437913257250e-02	1.0022446998487e+01	1.7446475613415e-02	3.0036027255690e+00	
31	0	-5.4059010692891e-03	1.0002448881544e+01	2.7974973548271e-02	2.9991128941424e+00	
31	1	-3.5229431043193e-03	9.9803943354934e+00	1.7200344065873e-02	2.9930614177167e+00	
31	2	1.3729790877894e-03	9.9653700393061e+00	6.2570841418322e-03	2.9900229055182e+00	
31	3	-7.5619014662927e-03	1.0007148412943e+01	2.1224980262454e-02	2.9998759534430e+00	
31	4	-4.6773780571892e-03	9.9893073740299e+00	1.3028946515970e-02	2.9953889987918e+00	
31	5	8.6515844087653e-04	9.9776683656577e+00	4.4385868808048e-03	2.9935600572296e+00	
31	6	-6.9139899574120e-03	1.0013049620873e+01	1.5917796704172e-02	3.0018406892748e+00	
31	7	-3.8178351687632e-03	9.9990835459270e+00	1.0063724601483e-02	2.9985797132275e+00	
31	8	1.5813815706656e-03	9.9904912821992e+00	3.5896311630874e-03	2.9976217991310e+00	
32	0	1.1846779471820e-01	9.5343186726096e+00	-2.1181521666084e-02	2.8958359401983e+00	
32	1	2.7813240475540e-02	9.5252150704315e+00	-1.2916673462873e-01	2.8659084932721e+00	
32	2	-1.4020013821190e-02	9.6300278347939e+00	-2.0842861230133e-01	2.8848023462918e+00	
32	3	9.4160429923461e-02	9.6515636601854e+00	-2.1082035154988e-02	2.9237172270327e+00	
32	4	7.3005289018878e-02	9.6630843671053e+00	-9.6160273761137e-02	2.9208268968373e+00	
32	5	8.3053129071647e-02	9.7474120295924e+00	-1.5749955105007e-01	2.9491395475992e+00	
32	6	1.1788846877508e-01	9.7893952493240e+00	-1.8316179464098e-02	2.9721851154297e+00	
32	7	1.1378743230368e-01	9.7990637043826e+00	-7.2232989706145e-02	2.9738553410059e+00	
32	8	1.2327105780104e-01	9.8404297040350e+00	-1.2739521260380e-01	2.9891102285508e+00	
33	0	-1.2019428299928e-02	9.7388242440853e+00	-2.2053651930960e-01	2.9180414447356e+00	
33	1	-1.3772142306751e-02	9.8901471854761e+00	-2.1231280435421e-01	2.9629125129508e+00	
33	2	-4.4877345322496e-02	9.9729809858460e+00	-2.2095764822335e-01	2.9784310921571e+00	
33	3	7.6976749102136e-02	9.8151570260207e+00	-1.7673274844870e-01	2.9676401325369e+00	
33	4	1.7368757688605e-02	9.8967174612039e+00	-1.9210039081312e-01	2.9742258656678e+00	
33	5	-5.5465138145103e-02	9.9474174527401e+00	-2.1016941667546e-01	2.9675856943785e+00	
33	6	1.0828541139727e-01	9.8667665871960e+00	-1.5404309134569e-01	2.9925155995780e+00	
33	7	4.0407256220118e-02	9.8998152791615e+00	-1.8225103463741e-01	2.9820667606145e+00	
33	8	-2.4570218788450e-02	9.9396322248538e+00	-1.9899318610046e-01	2.9745186018196e+00	
34	0	-6.8881803897478e-02	9.9954072257609e+00	-2.2599191257626e-01	2.9779576265590e+00	
34	1	-1.0037686569607e-01	1.0036053012242e+01	-2.1388385955042e-01	2.9807028439637e+00	
34	2	-1.3040963303894e-01	1.0080110819119e+01	-1.8647781853548e-01	2.9849103558240e+00	
34	3	-7.6657998862113e-02	9.9750822640098e+00	-2.1137908426267e-01	2.9695272795443e+00	
34	4	-7.1279585273367e-02	1.0031990582696e+01	-1.9208616183576e-01	2.9882132992268e+00	
34	5	-7.0802319722516e-02	1.0077462889294e+01	-1.6715855428849e-01	3.0019981708714e+00	
34	6	-3.8364375056826e-02	9.9745015103029e+00	-1.9448424348736e-01	2.9808411405738e+00	
34	7	-2.9934046121364e-02	1.0033177406892e+01	-1.7224874665512e-01	3.0009730082311e+00	
34	8	-3.2768307717389e-02	1.0065569258907e+01	-1.5404186757127e-01	3.0098402853568e+00	
35	0	-1.2872275264413e-01	1.0113741127500e+01	-1.6152079028212e-01	2.9955055124568e+00	
35	1	-1.0495450588422e-01	1.0157110162974e+01	-1.1836608904434e-01	3.0156466971271e+00	
35	2	-9.8409515214644e-02	1.0160291600905e+01	-8.3467145598880e-02	3.0185646257070e+00	
35	3	-7.0326990473684e-02	1.0099330266412e+01	-1.4975486009789e-01	3.0087009827813e+00	
35	4	-7.2244898662874e-02	1.0121832101355e+01	-1.2074824554350e-01	3.0148761608078e+00	
35	5	-8.3826341973696e-02	1.0121785687682e+01	-9.5206021502042e-02	3.0113878037126e+00	
35	6	-3.8466501353407e-02	1.0073547145444e+01	-1.4395943384649e-01	3.0105241932273e+00	
35	7	-4.9300779013849e-02	1.0082368830777e+01	-1.2406109199636e-01	3.0099204155289e+00	
35	8	-6.2238870827233e-02	1.0086281616419e+01	-1.0283577337979e-01	3.0072128236776e+00	
36	0	-9.6023653344950e-02	1.0147936864882e+01	-6.8533404573504e-02	3.0155739634610e+00	
36	1	-8.2315414573332e-02	1.0130425027802e+01	-4.6930849877701e-02	3.0144328839686e+00	
36	2	-6.7156091340652e-02	1.0116299054465e+01	-2.5556409688288e-02	3.0147428889372e+00	
36	3	-8.3980894361972e-02	1.0116750574733e+01	-8.1192895741546e-02	3.0098309041112e+00	
36	4	-6.7784009191114e-02	1.0111502504344e+01	-5.7446006219617e-02	3.0131155485459e+00	
36	5	-5.3277642897775e-02	1.0102309889908e+01	-3.5408079719200e-02	3.0147096741030e+00	
36	6	-6.1562138433564e-02	1.0090011140417e+01	-8.8886164414688e-02	3.0085347005951e+00	
36	7	-4.8059576666387e-02	1.0094805563947e+01	-6.5089342292351e-02	3.0140237961843e+00	
36	8	-3.9389137115315e-02	1.0088325035640e+01	-4.4482331706649e-02	3.0146807695573e+00	
37	0	-5.8020176568119e-02	1.0109217112140e+01	-1.5349742219723e-02	3.0153590806717e+00	
37	1	-4.3924888123309e-02	1.0094010655134e+01	-2.9688820145201e-03	3.0150257301032e+00	
37	2	-3.1695157464257e-02	1.0074451229961e+01	7.1391959128447e-03	3.0128268217490e+00	
37	3	-4.6747995340646e-02	1.0094741488000e+01	-2.5624994802912e-02	3.0143980477977e+00	
37	4	-3.8144904391775e-02	1.0079489567128e+01	-1.3946060640265e-02	3.0124033988209e+00	
37	5	-3.0193787523477e-02	1.0062716373402e+01	-3.8252432874002e-03	3.0097567757635e+00	
37	6	-3.6246099320524e-02	1.0079935741627e+01	-3.5496858016219e-02	3.0131068926920e+00	
37	7	-3.0633876729375e-02	1.0065710355093e+01	-2.3710794092687e-02	3.0105229435090e+00	
37	8	-2.4460044513643e-02	1.0052795391015e+01	-1.2768181510874e-02	3.0085006039505e+00	
38	0	-2.6724642532506e-02	1.0060835897441e+01	1.0269135957667e-02	3.0102333764725e+00	
38	1	-1.9279670834464e-02	1.0039658007210e+01	1.2182782954084e-02	3.0061135009127e+00	
38	2	-9.6823168207392e-03	1.0023502342382e+01	1.3784480306263e-02	3.0041460076685e+00	
38	3	-2.5867026880634e-02	1.0052401479253e+01	1.5694938811402e-04	3.0079603357117e+00	
38	4	-1.7768830275601e-02	1.0036481977083e+01	4.2049026463751e-03	3.0056139440423e+00	
38	5	-8.4938833072643e-03	1.0023308225761e+01	7.4445465653609e-03	3.0044443027363e+00	
38	6	-2.0554697971425e-02	1.0045876223890e+01	-7.8875744452441e-03	3.0075964577754e+00	
38	7	-1.3540535392069e-02	1.0034470570239e+01	-2.3557362267133e-03	3.0062790104540e+00	
38	8	-6.3252544017800e-03	1.0023534192880e+01	1.8714329574980e-03	3.0051626815435e+00	
39	0	-6.1435460581487e-03	1.0015116716228e+01	1.2941461380726e-02	3.0026919510511e+00	
39	1	-3.5266983569091e-03	1.0002579486002e+01	8.2344394819317e-03	2.9997158362935e+00	
39	2	1.3250191662495e-03	9.9952569520269e+00	2.8927755696174e-03	2.9989745913579e+00	
39	3	-5.5320109118826e-03	1.0015724131106e+01	7.4770745773765e-03	3.0030576360584e+00	
39	4	-3.8676418145709e-03	1.0004610558863e+01	4.5745682044493e-03	3.0002228751145e+00	
39	5	1.5220655979586e-04	9.9989931049328e+00	1.2128714274314e-03	2.9997435934478e+00	
39	6	-4.2671190237193e-03	1.0016611556017e+01	2.6136367069102e-03	3.0037033310979e+00	
39	7	-2.9411478973156e-03	1.0007184819170e+01	1.5960521632844e-03	3.0012731013819e+00	
39	8	8.6091196128457e-04	1.0003535622699e+01	2.9472882500468e-04	3.0013189603981e+00	
40	0	1.3570203796717e-01	9.8404929451357e+00	-1.6859451209275e-02	2.9928584949309e+00	
40	1	1.2185841396376e-01	9.8439329165532e+00	-6.4493513104309e-02	2.9897373991551e+00	
40	2	1.1589986450843e-01	9.8657713952495e+00	-1.1668558274383e-01	2.9945013779274e+00	
40	3	1.4390710962110e-01	9.8657082743010e+00	-1.5441167802092e-02	3.0028846151766e+00	
40	4	1.2151713699046e-01	9.8675912554398e+00	-5.5911335052975e-02	2.9967325177291e+00	
40	5	1.0504397318514e-01	9.8832801238377e+00	-9.7338841514815e-02	2.9964972291069e+00	
40	6	1.5478244532691e-01	9.8920680023458e+00	-1.2629790124119e-02	3.0140551343018e+00	
40	7	1.3644846393639e-01	9.8977949960062e+00	-4.7248239879342e-02	3.0102730379828e+00	
40	8	1.2206302564845e-01	9.9127352569060e+00	-7.9223360311996e-02	3.0104394847663e+00	
41	0	1.0055902066259e-01	9.8802090628897e+00	-1.4328405950806e-01	2.9942304250657e+00	
41	1	5.3016684064532e-02	9.9061603663408e+00	-1.7078085983291e-01	2.9877531151216e+00	
41	2	1.2147636914225e-02	9.9476826785034e+00	-1.8468442958425e-01	2.9879490946253e+00	
41	3	9.5788705662436e-02	9.8975473252380e+00	-1.1680850469840e-01	2.9980008092701e+00	
41	4	7.8903435071537e-02	9.9272644115321e+00	-1.3732167144839e-01	3.0018503539811e+00	
41	5	6.5529409713346e-02	9.9651744033693e+00	-1.5109785741982e-01	3.0092111439248e+00	
41	6	1.1557758818820e-01	9.9254109579545e+00	-9.2559471056384e-02	3.0122965638428e+00	
41	7	1.0535250932219e-01	9.9486094523993e+00	-1.0819703370823e-01	3.0161885885165e+00	
41	8	9.5476631473835e-02	9.9726227492187e+00	-1.2395386537643e-01	3.0204298142078e+00	
42	0	2.1620381322842e-03	9.9821438193495e+00	-1.7978399081087e-01	2.9952917572445e+00	
42	1	-3.0510283480227e-03	1.0031591328764e+01	-1.6142671160667e-01	3.0085620901248e+00	
42	2	-1.9819677823850e-02	1.0054075811189e+01	-1.4866545178830e-01	3.0102768400096e+00	
42	3	5.6576511821391e-02	9.9890327684710e+00	-1.5151756705475e-01	3.0136827840877e+00	
42	4	3.2920473967635e-02	1.0018497006609e+01	-1.4438387409959e-01	3.0154252441730e+00	
42	5	3.0723024324244e-03	1.0033512932823e+01	-1.3856926033698e-01	3.0109755705767e+00	
42	6	8.4929457757082e-02	9.9847524914125e+00	-1.2926665897753e-01	3.0209045847509e+00	
42	7	5.7799739206381e-02	1.0000648868563e+01	-1.2978091939537e-01	3.0175345823310e+00	
42	8	2.9841336288284e-02	1.0014611648857e+01	-1.2733731881247e-01	3.0133358955436e+00	
43	0	-2.8907264322984e-02	1.0058208338553e+01	-1.4105654849116e-01	3.0087903222691e+00	
43	1	-3.6231682765769e-02	1.0066576729303e+01	-1.2267565647416e-01	3.0091035139613e+00	
43	2	-4.4056102328772e-02	1.0073778450773e+01	-1.0215377301663e-01	3.0089167045333e+00	
43	3	-6.7855857412145e-03	1.0040336318470e+01	-1.3187402099499e-01	3.0100652198185e+00	
43	4	-8.4618363799391e-03	1.0054257199926e+01	-1.1373416413773e-01	3.0137386090638e+00	
43	5	-1.2686318975438e-02	1.0062232206816e+01	-9.5447328470021e-02	3.0148637663523e+00	
43	6	2.1538263807286e-02	1.0025122371658e+01	-1.2091260331009e-01	3.0139981906394e+00	
43	7	1.8531136767325e-02	1.0041604724875e+01	-1.0437926883693e-01	3.0180407584926e+00	
43	8	1.0927546934012e-02	1.0047361998241e+01	-8.9692968183419e-02	3.0174868635525e+00	
44	0	-4.3089114621588e-02	1.0079524532204e+01	-8.8812049723248e-02	3.0109306252748e+00	
44	1	-3.4925837238946e-02	1.0085106067829e+01	-6.6948353272746e-02	3.0150540691771e+00	
44	2	-3.1885644192822e-02	1.0078733740003e+01	-4.8308740495557e-02	3.0140544287430e+00	
44	3	-1.4144375072894e-02	1.0065033011703e+01	-8.4672630716482e-02	3.0152665909890e+00	
44	4	-1.5210079456578e-02	1.0066030572353e+01	-6.7228459168687e-02	3.0152461478688e+00	
44	5	-1.9257153742160e-02	1.0060071603232e+01	-5.1645298691404e-02	3.0122443348468e+00	
44	6	6.4018468729099e-03	1.0046942126515e+01	-8.1467160497675e-02	3.0160031920162e+00	
44	7	8.7791483271804e-04	1.0045400321093e+01	-6.7014704229505e-02	3.0138834707778e+00	
44	8	-5.4856726747810e-03	1.0041899319582e+01	-5.3060186429050e-02	3.0109240940721e+00	
45	0	-3.0541047635031e-02	1.0070815651818e+01	-3.9788397152823e-02	3.0120823812548e+00	
45	1	-2.5240307424332e-02	1.0058658091754e+01	-2.7561672763682e-02	3.0100253352990e+00	
45	2	-1.9299283030729e-02	1.0047994528118e+01	-1.6101626876847e-02	3.0086085735261e+00	
45	3	-1.9602838561592e-02	1.0055066603708e+01	-4.3534245769692e-02	3.0106391295439e+00	
45	4	-1.5014785021920e-02	1.0047860085577e+01	-3.0828465330718e-02	3.0098535901664e+00	
45	5	-1.0729666539938e-02	1.0039946718977e+01	-1.9340199638746e-02	3.0087651157312e+00	
45	6	-6.5925438649321e-03	1.0040205592294e+01	-4.5125920296179e-02	3.0100839145287e+00	
45	7	-4.2951038527130e-03	1.0037273861728e+01	-3.2569896634439e-02	3.0098936273625e+00	
45	8	-3.2438181388201e-03	1.0031434437799e+01	-2.1682223964398e-02	3.0084571858979e+00	
46	0	-1.5902864976492e-02	1.0042271879299e+01	-1.0974837016147e-02	3.0079107042967e+00	
46	1	-1.0586626594574e-02	1.0032302442219e+01	-5.2011278492294e-03	3.0065147446874e+00	
46	2	-5.2722440274877e-03	1.0022328674905e+01	-7.8963129043485e-04	3.0051169292633e+00	
46	3	-8.9043593135196e-03	1.0034835769869e+01	-1.4378903678202e-02	3.0077794231666e+00	
46	4	-6.5429579094136e-03	1.0026057758286e+01	-8.7183661692706e-03	3.0058544401130e+00	
46	5	-3.9052996044475e-03	1.0017924346138e+01	-4.1214295856198e-03	3.0042057139602e+00	
46	6	-3.1446594988038e-03	1.0026868743647e+01	-1.7015450108408e-02	3.0071172252445e+00	
46	7	-2.6929541825824e-03	1.0019730075085e+01	-1.1282675780324e-02	3.0051111362707e+00	
46	8	-1.6868792498235e-03	1.0013884935628e+01	-6.3148906946872e-03	3.0036594169134e+00	
47	0	-3.7423992583836e-03	1.0016031717650e+01	3.0975059798683e-04	3.0036867955175e+00	
47	1	-2.3653211335404e-03	1.0007712421515e+01	3.8150551633140e-04	3.0016041301144e+00	
47	2	1.2316952101283e-03	1.0004572981224e+01	1.8359283742214e-04	3.0017414029301e+00	
47	3	-2.9634517578225e-03	1.0013254816286e+01	-2.4877207653031e-03	3.0030874093583e+00	
47	4	-1.7558747631368e-03	1.0006761455017e+01	-1.0399889839498e-03	3.0015016740763e+00	
47	5	6.7077188892206e-04	1.0003112589617e+01	1.0979143402841e-05	3.0011350084517e+00	
47	6	-1.1583429929392e-03	1.0010917698320e+01	-4.2870669017527e-03	3.0029278065981e+00	
47	7	-5.6510332702508e-04	1.0006059627834e+01	-2.1306039650281e-03	3.0016483573521e+00	
47	8	2.4633743476166e-04	1.0001710693238e+01	-4.9800073904594e-04	3.0005871092019e+00	
48	0	1.6256809054029e-01	9.9075454999259e+00	-1.0155890557110e-02	3.0210340771399e+00	
48	1	1.5039802209773e-01	9.9148368871276e+00	-4.1742886520105e-02	3.0195704727676e+00	
48	2	1.4160850382048e-01	9.9300162247151e+00	-7.0140662310640e-02	3.0214874185607e+00	
48	3	1.8581356485414e-01	9.9375307084675e+00	-6.6806151111385e-03	3.0370032819965e+00	
48	4	1.7873841024853e-01	9.9411978240506e+00	-3.2847714753173e-02	3.0359808702897e+00	
48	5	1.7506016853151e-01	9.9527910697072e+00	-5.7550313396225e-02	3.0383553714716e+00	
48	6	2.2313989461535e-01	9.9735505693437e+00	-5.2435260482931e-03	3.0590071391877e+00	
48	7	2.1512313673955e-01	9.9710063345480e+00	-2.5979820887198e-02	3.0558388413863e+00	
48	8	2.1051965447565e-01	9.9764264095134e+00	-4.6976333900569e-02	3.0560838191967e+00	



Reaction Force
5.9049629243246e-01	 -2.2859764921197e+00	 
6.7528209533428e-01	 -5.8844067585283e+00	 
-1.8598704054708e+00	 -1.2256514522217e+01	 
-3.4961963879323e-01	 -1.3230766688131e+01	 
7.7269364494190e-10	 -1.2845503531475e+01	 
4.7742934961413e-10	 -1.2717481666162e+01	 
5.7718699735131e-10	 -1.2591115164954e+01	 
1.4901490941584e-09	 -1.2494324643283e+01	 
-6.9906027966426e-10	 -8.2703282773343e+00	 
3.6982883003581e-10	 -4.1115383598684e+00	 
-2.5140855314036e+00	 -5.6897381536625e+00	 
2.1459854436035e+00	 -7.0609736062845e+00	 
1.0667923849181e-01	 -2.4187860283020e+00	 
-1.8543253592662e-01	 -2.6410795167254e-02	 
6.7370959012116e-10	 -1.1037480240916e-09	 
1.8965273506587e-09	 -2.0583872979865e-09	 
-9.2820758090812e-10	 -8.0869516899826e-10	 
-1.6456514418048e-10	 3.8873563140663e-09	 
-2.8415869809049e-09	 -2.7741476860811e-10	 
-1.1619291778324e-09	 -6.7373791123187e-11	 
-3.6477280362568e+00	 2.9400965386997e+00	 
4.1246193562388e+00	 4.7425134997160e+00	 
1.9865865764396e+00	 1.9545962846136e+00	 
-6.1353264903890e-03	 1.5635247433200e-02	 
1.1030609202132e-09	 1.3551080809064e-09	 
7.9151931690160e-11	 -9.5353202026491e-10	 
1.1402498230002e-09	 1.7096572895363e-10	 
-7.3305414991757e-10	 2.6352670931499e-09	 
-6.2041812298050e-10	 2.1960340884391e-09	 
2.5757036016639e-09	 -1.1455319865562e-09	 
-3.2212083092433e-01	 1.0497665438094e+00	 
2.9508503603648e-01	 9.6285466935832e-01	 
9.1088203939420e-02	 2.1831732537588e-01	 
5.5954619750359e-05	 8.4576544632123e-05	 
1.1515234851374e-10	 9.5067346720513e-10	 
1.4191076361574e-09	 -5.5962283189976e-10	 
1.9826575849538e-09	 1.4447976795553e-10	 
-1.1796861572771e-09	 -2.1440158138780e-11	 
-3.9072481660143e-10	 -1.0931769247826e-09	 
1.1991831908511e-09	 1.4274715199248e-09	 
-2.1836017585045e-01	 -4.8367791424185e-11	 
1.0361056516365e-09	 6.9071891808996e-10	 
-1.8201645287472e-09	 -1.5221308382047e-10	 
8.5636009488754e-10	 1.0731139369947e-09	 
-1.7582018687081e-09	 2.9675829620585e-10	 
-3.4923499061710e-10	 1.3784251895745e-10	 
1.0372857348193e-09	 -1.3109448320272e-09	 
-2.3739739297693e-10	 -1.8143774840368e-09	 
-3.2162354178748e-09	 -1.2448036523282e-09	 
1.9921650721155e-09	 -1.9515427586839e-09	 
-1.3875160736595e-01	 1.7948295571778e-10	 
-1.7912626717551e-09	 6.1306649148177e-10	 
3.1229550690353e-10	 -4.5207568784511e-12	 
-8.4565745656090e-10	 -8.0968661092489e-10	 
-2.4919284081588e-10	 -1.1691262592900e-09	 
9.5962278427282e-10	 -1.3086053875651e-10	 
-1.0671680140892e-09	 -1.8765488221199e-10	 
-1.0566719374452e-09	 6.0911958766690e-10	 
-1.7212784040078e-09	 1.4442765862434e-09	 
3.5255972739563e-09	 -1.5811421016918e-09	 
-1.7396891617087e-01	 1.7428614997628e-09	 
6.0345518602630e-03	 1.0282869903554e+00	 
-4.0207051569153e-02	 5.1795366790636e+00	 
-7.4610141186263e-02	 6.2481976406770e+00	 
-6.2358530075563e-02	 6.2703811402767e+00	 
-4.1020828181812e-02	 6.2751704232819e+00	 
-2.0887585386403e-02	 6.2708062968821e+00	 
-7.8308395603255e-03	 6.2619178394760e+00	 
-1.6790602783670e-03	 4.1703775040679e+00	 
-2.6502949506580e-04	 2.0839934689278e+00	 
-1.8959553556938e-01	 2.0779519130816e+00	 
5.2109310673298e-02	 4.1264579820127e+00	 
7.1080240468791e-03	 6.2004592247650e+00	 
-7.3256142722963e-02	 6.2517205126043e+00	 
-6.3405518477151e-02	 6.2698469331626e+00	 
-4.0503128296928e-02	 6.2757226540497e+00	 
-2.1179598905103e-02	 6.2704024456419e+00	 
-7.7030277315417e-03	 6.2618764667352e+00	 
-1.7034750685432e-03	 4.1702022578844e+00	 
-2.1500375667131e-04	 2.0839119461557e+00	 
-4.5934708014114e-02	 2.0775937858756e+00	 
1.1076383328722e-02	 3.1116468742404e+00	 
1.6221739123478e-02	 1.0335390216611e+00	 
0.0000000000000e+00	 0.0000000000000e+00	 
0.0000000000000e+00	 0.0000000000000e+00	 
0.0000000000000e+00	 0.0000000000000e+00	 
0.0000000000000e+00	 0.0000000000000e+00	 
0.0000000000000e+00	 0.0000000000000e+00	 
0.0000000000000e+00	 0.0000000000000e+00	 
0.0000000000000e+00	 0.0000000000000e+00	 
0.0000000000000e+00	 0.0000000000000e+00	 
0.0000000000000e+00	 0.0000000000000e+00	 
0.0000000000000e+00	 0.0000000000000e+00	 
0.0000000000000e+00	 0.0000000000000e+00	 
0.0000000000000e+00	 0.0000000000000e+00	 
0.0000000000000e+00	 0.0000000000000e+00	 
0.0000000000000e+00	 0.0000000000000e+00	 
0.0000000000000e+00	 0.0000000000000e+00	 
0.0000000000000e+00	 0.0000000000000e+00	 
0.0000000000000e+00	 0.0000000000000e+00	 
