-1.279428e-02 
-3.676830e-02 
-6.110005e-02 
-8.545079e-02 
-1.098123e-01 
-1.341843e-01 
-1.585554e-01 
-1.829283e-01 
-1.951125e-01 
3.106331e-02 
-1.167296e-02 
2.884512e-02 
-3.689612e-02 
2.837836e-02 
-6.105387e-02 
2.847597e-02 
-8.545913e-02 
2.843482e-02 
-1.098116e-01 
2.844604e-02 
-1.341836e-01 
2.843927e-02 
-1.585558e-01 
2.843773e-02 
-1.829279e-01 
2.843325e-02 
-1.951126e-01 
2.842975e-02 
8.570458e-02 
-1.202862e-02 
8.602864e-02 
-3.645015e-02 
8.553996e-02 
-6.100587e-02 
8.535726e-02 
-8.538866e-02 
8.536198e-02 
-1.097854e-01 
8.532900e-02 
-1.341622e-01 
8.532522e-02 
-1.585392e-01 
8.531290e-02 
-1.829129e-01 
8.530148e-02 
-1.950981e-01 
8.529132e-02 
1.427344e-01 
-1.218482e-02 
1.426071e-01 
-3.649811e-02 
1.424821e-01 
-6.091566e-02 
1.423422e-01 
-8.534763e-02 
1.422639e-01 
-1.097406e-01 
1.422362e-01 
-1.341314e-01 
1.422099e-01 
-1.585106e-01 
1.421926e-01 
-1.828868e-01 
1.421716e-01 
-1.950729e-01 
1.421579e-01 
1.994084e-01 
-1.213840e-02 
1.994426e-01 
-3.652062e-02 
1.993388e-01 
-6.090752e-02 
1.992528e-01 
-8.530761e-02 
1.991822e-01 
-1.097083e-01 
1.991331e-01 
-1.340954e-01 
1.991010e-01 
-1.584782e-01 
1.990724e-01 
-1.828546e-01 
1.990456e-01 
-1.950418e-01 
1.990293e-01 
2.562565e-01 
-1.218361e-02 
2.562487e-01 
-3.652540e-02 
2.562109e-01 
-6.090472e-02 
2.561402e-01 
-8.529086e-02 
2.560795e-01 
-1.096783e-01 
2.560287e-01 
-1.340640e-01 
2.559876e-01 
-1.584441e-01 
2.559535e-01 
-1.828212e-01 
2.559207e-01 
-1.950086e-01 
2.559042e-01 
3.131000e-01 
-1.217213e-02 
3.131009e-01 
-3.653493e-02 
3.130671e-01 
-6.089932e-02 
3.130201e-01 
-8.527537e-02 
3.129647e-01 
-1.096544e-01 
3.129149e-01 
-1.340333e-01 
3.128711e-01 
-1.584111e-01 
3.128324e-01 
-1.827871e-01 
3.127969e-01 
-1.949747e-01 
3.127796e-01 
3.699568e-01 
-1.217727e-02 
3.699570e-01 
-3.652938e-02 
3.699335e-01 
-6.089095e-02 
3.698909e-01 
-8.525697e-02 
3.698428e-01 
-1.096285e-01 
3.697941e-01 
-1.340023e-01 
3.697497e-01 
-1.583771e-01 
3.697096e-01 
-1.827523e-01 
3.696725e-01 
-1.949397e-01 
3.696547e-01 
4.268194e-01 
-1.217137e-02 
4.268190e-01 
-3.651861e-02 
4.267972e-01 
-6.087011e-02 
4.267601e-01 
-8.523022e-02 
4.267144e-01 
-1.095963e-01 
4.266683e-01 
-1.339674e-01 
4.266247e-01 
-1.583410e-01 
4.265849e-01 
-1.827157e-01 
4.265477e-01 
-1.949032e-01 
4.265293e-01 
4.552482e-01 
-1.216693e-02 
4.552484e-01 
-3.650420e-02 
4.552279e-01 
-6.085088e-02 
4.551925e-01 
-8.520804e-02 
4.551492e-01 
-1.095746e-01 
4.551044e-01 
-1.339468e-01 
4.550619e-01 
-1.583218e-01 
4.550224e-01 
-1.826972e-01 
4.549852e-01 
-1.948847e-01 
4.549668e-01 
-7.966855e-04 
-9.415743e-04 
-1.093099e-03 
-1.059467e-03 
-8.937765e-04 
-6.680221e-04 
-4.258893e-04 
-1.938280e-04 
-5.960901e-05 
-8.047215e-04 
5.351984e-04 
-9.510598e-04 
4.650671e-04 
-1.100518e-03 
3.174472e-04 
-1.070880e-03 
1.561298e-04 
-9.083826e-04 
4.941595e-05 
-6.863686e-04 
-1.288340e-05 
-4.469044e-04 
-3.882258e-05 
-2.137049e-04 
-3.282300e-05 
-6.928569e-05 
-1.097837e-05 
-8.650773e-04 
1.637617e-03 
-1.004714e-03 
1.395513e-03 
-1.107332e-03 
9.448877e-04 
-1.013953e-03 
4.593692e-04 
-8.192279e-04 
1.428504e-04 
-5.915998e-04 
-4.104038e-05 
-3.662946e-04 
-1.192188e-04 
-1.618743e-04 
-1.088709e-04 
-4.822552e-05 
-4.738711e-05 
-1.001943e-03 
3.318655e-03 
-1.002562e-03 
2.722228e-03 
-8.569746e-04 
1.794427e-03 
-5.773732e-04 
9.136840e-04 
-3.309880e-04 
3.593774e-04 
-1.441658e-04 
3.262605e-05 
-2.393829e-05 
-1.216165e-04 
2.758743e-05 
-1.333052e-04 
1.615548e-05 
-5.689909e-05 
-1.084867e-03 
4.886348e-03 
-7.733203e-04 
4.021949e-03 
-2.988735e-04 
2.793575e-03 
1.209171e-04 
1.641166e-03 
3.465788e-04 
8.862045e-04 
4.265954e-04 
3.962620e-04 
3.885202e-04 
1.045805e-04 
2.476506e-04 
-2.665280e-05 
9.203303e-05 
-2.229191e-05 
-1.019060e-03 
6.155271e-03 
-4.642819e-04 
5.358738e-03 
2.168092e-04 
4.098499e-03 
6.930916e-04 
2.770568e-03 
8.718877e-04 
1.798224e-03 
8.569466e-04 
1.079879e-03 
6.956084e-04 
5.582417e-04 
4.118278e-04 
1.989061e-04 
1.493998e-04 
5.193228e-05 
-7.772112e-04 
7.025403e-03 
-2.975616e-04 
6.486483e-03 
3.517864e-04 
5.424043e-03 
8.139086e-04 
4.058534e-03 
9.781437e-04 
2.910699e-03 
9.451442e-04 
1.951269e-03 
7.630683e-04 
1.154549e-03 
4.519856e-04 
5.028287e-04 
1.624900e-04 
1.557573e-04 
-4.104386e-04 
7.502481e-03 
-1.778850e-04 
7.129749e-03 
1.914487e-04 
6.300033e-03 
4.945062e-04 
5.028116e-03 
6.172849e-04 
3.822160e-03 
6.101648e-04 
2.710636e-03 
5.018187e-04 
1.700052e-03 
3.065592e-04 
7.889657e-04 
1.177088e-04 
2.493628e-04 
-1.342887e-04 
7.590905e-03 
-6.067266e-05 
7.244120e-03 
6.105526e-05 
6.470279e-03 
1.622420e-04 
5.243400e-03 
2.043531e-04 
4.040712e-03 
2.024429e-04 
2.903647e-03 
1.646962e-04 
1.848805e-03 
9.364461e-05 
8.801081e-04 
2.827453e-05 
2.865227e-04 
7.575738e-03 
7.227635e-03 
6.452150e-03 
5.218864e-03 
4.010174e-03 
2.866762e-03 
1.807224e-03 
8.412328e-04 
2.678336e-04 



Displacement
0	0.0000000000000e+00	 0.0000000000000e+00	 
1	-1.2794277788188e-02	 0.0000000000000e+00	 
2	-3.6768295112916e-02	 0.0000000000000e+00	 
3	-6.1100053589881e-02	 0.0000000000000e+00	 
4	-8.5450792782559e-02	 0.0000000000000e+00	 
5	-1.0981232613144e-01	 0.0000000000000e+00	 
6	-1.3418431418654e-01	 0.0000000000000e+00	 
7	-1.5855540989739e-01	 0.0000000000000e+00	 
8	-1.8292825967733e-01	 0.0000000000000e+00	 
9	-1.9511250510824e-01	 0.0000000000000e+00	 
10	0.0000000000000e+00	 3.1063310740186e-02	 
11	-1.1672957354113e-02	 2.8845121376611e-02	 
12	-3.6896123565887e-02	 2.8378356799520e-02	 
13	-6.1053867377067e-02	 2.8475973803370e-02	 
14	-8.5459134055920e-02	 2.8434824796799e-02	 
15	-1.0981157442624e-01	 2.8446044856528e-02	 
16	-1.3418363464714e-01	 2.8439274591522e-02	 
17	-1.5855584628210e-01	 2.8437727497530e-02	 
18	-1.8292790980770e-01	 2.8433250415878e-02	 
19	-1.9511255940309e-01	 2.8429753754925e-02	 
20	0.0000000000000e+00	 8.5704583867777e-02	 
21	-1.2028622024236e-02	 8.6028640886409e-02	 
22	-3.6450145881455e-02	 8.5539956309503e-02	 
23	-6.1005873729055e-02	 8.5357259802035e-02	 
24	-8.5388659722282e-02	 8.5361975237240e-02	 
25	-1.0978543125879e-01	 8.5328997095214e-02	 
26	-1.3416221484923e-01	 8.5325215064936e-02	 
27	-1.5853919182099e-01	 8.5312901792384e-02	 
28	-1.8291287387872e-01	 8.5301480956180e-02	 
29	-1.9509805356063e-01	 8.5291316707634e-02	 
30	0.0000000000000e+00	 1.4273439495911e-01	 
31	-1.2184819903899e-02	 1.4260708602042e-01	 
32	-3.6498105320144e-02	 1.4248205831994e-01	 
33	-6.0915660757154e-02	 1.4234217663086e-01	 
34	-8.5347634274237e-02	 1.4226391920243e-01	 
35	-1.0974061828923e-01	 1.4223616905418e-01	 
36	-1.3413140794053e-01	 1.4220990472183e-01	 
37	-1.5851062915243e-01	 1.4219262284748e-01	 
38	-1.8288678083334e-01	 1.4217161382903e-01	 
39	-1.9507286546951e-01	 1.4215786065859e-01	 
40	0.0000000000000e+00	 1.9940844131022e-01	 
41	-1.2138402149208e-02	 1.9944256620858e-01	 
42	-3.6520620166382e-02	 1.9933882191013e-01	 
43	-6.0907518031391e-02	 1.9925278013677e-01	 
44	-8.5307610063693e-02	 1.9918220404756e-01	 
45	-1.0970826188134e-01	 1.9913311662238e-01	 
46	-1.3409539697390e-01	 1.9910099659927e-01	 
47	-1.5847818913011e-01	 1.9907235772460e-01	 
48	-1.8285460949475e-01	 1.9904559561382e-01	 
49	-1.9504178614341e-01	 1.9902930840898e-01	 
50	0.0000000000000e+00	 2.5625653974406e-01	 
51	-1.2183609011976e-02	 2.5624873601257e-01	 
52	-3.6525402264296e-02	 2.5621093461908e-01	 
53	-6.0904715907371e-02	 2.5614015898475e-01	 
54	-8.5290859430415e-02	 2.5607948995171e-01	 
55	-1.0967832058167e-01	 2.5602870140181e-01	 
56	-1.3406403731919e-01	 2.5598758457159e-01	 
57	-1.5844411281165e-01	 2.5595345947239e-01	 
58	-1.8282116084184e-01	 2.5592073142368e-01	 
59	-1.9500855311351e-01	 2.5590415006343e-01	 
60	0.0000000000000e+00	 3.1310004009004e-01	 
61	-1.2172126380497e-02	 3.1310088240797e-01	 
62	-3.6534932157831e-02	 3.1306711463838e-01	 
63	-6.0899318655550e-02	 3.1302009907050e-01	 
64	-8.5275372130504e-02	 3.1296474155608e-01	 
65	-1.0965435068992e-01	 3.1291487786895e-01	 
66	-1.3403326425946e-01	 3.1287108824369e-01	 
67	-1.5841113526545e-01	 3.1283242873604e-01	 
68	-1.8278706792685e-01	 3.1279692735242e-01	 
69	-1.9497466717394e-01	 3.1277963941726e-01	 
70	0.0000000000000e+00	 3.6995680377915e-01	 
71	-1.2177272250968e-02	 3.6995704554138e-01	 
72	-3.6529384629368e-02	 3.6993348958205e-01	 
73	-6.0890947094763e-02	 3.6989094182713e-01	 
74	-8.5256972687242e-02	 3.6984281284884e-01	 
75	-1.0962847001350e-01	 3.6979406065227e-01	 
76	-1.3400232289400e-01	 3.6974967070744e-01	 
77	-1.5837710977992e-01	 3.6970962798706e-01	 
78	-1.8275226239413e-01	 3.6967250282244e-01	 
79	-1.9493969321672e-01	 3.6965469850993e-01	 
80	0.0000000000000e+00	 4.2681944003697e-01	 
81	-1.2171373111277e-02	 4.2681902570949e-01	 
82	-3.6518611248166e-02	 4.2679719932964e-01	 
83	-6.0870108120236e-02	 4.2676010111750e-01	 
84	-8.5230217497781e-02	 4.2671444675642e-01	 
85	-1.0959630131726e-01	 4.2666830692562e-01	 
86	-1.3396737012768e-01	 4.2662474449933e-01	 
87	-1.5834099826428e-01	 4.2658488653036e-01	 
88	-1.8271572964831e-01	 4.2654769475446e-01	 
89	-1.9490323305029e-01	 4.2652934234335e-01	 
90	0.0000000000000e+00	 4.5524821566492e-01	 
91	-1.2166928642151e-02	 4.5524835914597e-01	 
92	-3.6504196919734e-02	 4.5522793572751e-01	 
93	-6.0850878041048e-02	 4.5519246091217e-01	 
94	-8.5208043036795e-02	 4.5514922916299e-01	 
95	-1.0957461554047e-01	 4.5510444356887e-01	 
96	-1.3394684084094e-01	 4.5506190293591e-01	 
97	-1.5832183695670e-01	 4.5502237813464e-01	 
98	-1.8269723029704e-01	 4.5498520971948e-01	 
99	-1.9488471051168e-01	 4.5496684516123e-01	 



Strain
0	0	-4.0026752321933e-03	9.6802238937506e-03	-6.6977185043582e-05	0.0000000000000e+00	
0	1	-3.9480545551470e-03	9.3506807284928e-03	1.1058870479602e-04	0.0000000000000e+00	
0	2	-3.8934338781008e-03	9.1763926710644e-03	1.4353049768550e-04	0.0000000000000e+00	
0	3	-3.8539781647566e-03	9.3087153284820e-03	-3.5725273693555e-04	0.0000000000000e+00	
0	4	-3.9044931830790e-03	9.2182291364005e-03	-1.4731085292224e-04	0.0000000000000e+00	
0	5	-3.9550082014014e-03	9.1617367307497e-03	-3.0162626960177e-06	0.0000000000000e+00	
0	6	-3.8070179518577e-03	8.9372067632133e-03	-3.4784065495185e-04	0.0000000000000e+00	
0	7	-3.8836918623857e-03	9.0857775443082e-03	-2.2678409816354e-04	0.0000000000000e+00	
0	8	-3.9603657729137e-03	9.1470807904350e-03	-9.2398031999298e-05	0.0000000000000e+00	
1	0	-3.8786692951817e-03	9.1408454321804e-03	9.2171131198487e-05	0.0000000000000e+00	
1	1	-3.8825516059695e-03	9.1078237523716e-03	1.3118766066726e-05	0.0000000000000e+00	
1	2	-3.8864339167574e-03	9.0981403516344e-03	-8.5654052599514e-06	0.0000000000000e+00	
1	3	-3.9596155246326e-03	9.1435107637767e-03	1.9231473871501e-05	0.0000000000000e+00	
1	4	-3.9249335342298e-03	9.1221687452256e-03	6.5214799201479e-06	0.0000000000000e+00	
1	5	-3.8902515438269e-03	9.1112711624791e-03	1.3571894545054e-05	0.0000000000000e+00	
1	6	-3.9723068477268e-03	9.1461760953729e-03	-3.5581600564230e-05	0.0000000000000e+00	
1	7	-3.9366683413621e-03	9.1365137380796e-03	5.1569333977764e-06	0.0000000000000e+00	
1	8	-3.9010298349974e-03	9.1244019733238e-03	2.8048090707213e-05	0.0000000000000e+00	
2	0	-3.8887343332357e-03	9.1020475069829e-03	-1.9874466733807e-07	0.0000000000000e+00	
2	1	-3.8927573845203e-03	9.1068475701055e-03	7.6574280320704e-06	0.0000000000000e+00	
2	2	-3.8967804358049e-03	9.1066198035952e-03	6.9172071177119e-06	0.0000000000000e+00	
2	3	-3.8826446507200e-03	9.1093194958114e-03	1.7724757573086e-05	0.0000000000000e+00	
2	4	-3.8911856163028e-03	9.1071451477549e-03	1.1906679213722e-05	0.0000000000000e+00	
2	5	-3.8997265818855e-03	9.1055545508854e-03	5.6491658718810e-06	0.0000000000000e+00	
2	6	-3.8920856593558e-03	9.1165914846400e-03	2.5868058224328e-05	0.0000000000000e+00	
2	7	-3.8969875806054e-03	9.1074427254043e-03	1.1987309626147e-05	0.0000000000000e+00	
2	8	-3.9018895018550e-03	9.1044892981755e-03	5.8240846767800e-06	0.0000000000000e+00	
3	0	-3.8979093999297e-03	9.1044696767371e-03	3.6855190564556e-06	0.0000000000000e+00	
3	1	-3.8977660244591e-03	9.1018364807820e-03	5.0141738577435e-07	0.0000000000000e+00	
3	2	-3.8976226489885e-03	9.1011900950840e-03	-1.5378369685856e-07	0.0000000000000e+00	
3	3	-3.9016967788178e-03	9.1048803117703e-03	3.5011046828500e-06	0.0000000000000e+00	
3	4	-3.8999263785873e-03	9.1038907576138e-03	3.1285593194046e-06	0.0000000000000e+00	
3	5	-3.8981559783568e-03	9.1030773093261e-03	3.4811628876551e-06	0.0000000000000e+00	
3	6	-3.9028521836334e-03	9.1052909468036e-03	5.8656843019379e-06	0.0000000000000e+00	
3	7	-3.9012585102994e-03	9.1059450344456e-03	6.4939908574844e-06	0.0000000000000e+00	
3	8	-3.8996648369654e-03	9.1049645235683e-03	6.0436946883681e-06	0.0000000000000e+00	
4	0	-3.8978000665376e-03	9.1016173776837e-03	2.5586891176307e-07	0.0000000000000e+00	
4	1	-3.8985531359384e-03	9.1020374331088e-03	5.0362581817398e-07	0.0000000000000e+00	
4	2	-3.8993062053392e-03	9.1018189066048e-03	4.6816904469588e-07	0.0000000000000e+00	
4	3	-3.8978639977170e-03	9.1026831989487e-03	3.3581144779117e-06	0.0000000000000e+00	
4	4	-3.8986310089101e-03	9.1021154140095e-03	2.2793893193526e-06	0.0000000000000e+00	
4	5	-3.8993980201031e-03	9.1016820985144e-03	1.4559942561505e-06	0.0000000000000e+00	
4	6	-3.8992716266066e-03	9.1037490202137e-03	5.0859939931737e-06	0.0000000000000e+00	
4	7	-3.8995140358167e-03	9.1021933949102e-03	3.4538381428691e-06	0.0000000000000e+00	
4	8	-3.8997564450267e-03	9.1015452904241e-03	2.6155561631537e-06	0.0000000000000e+00	
5	0	-3.8995132614989e-03	9.1014326356765e-03	4.0931645720402e-07	0.0000000000000e+00	
5	1	-3.8994717388671e-03	9.1008555285365e-03	3.9657224072199e-07	0.0000000000000e+00	
5	2	-3.8994302162352e-03	9.1004636744350e-03	3.3926050908538e-07	0.0000000000000e+00	
5	3	-3.8996193357047e-03	9.1014844427073e-03	1.2590176165748e-06	0.0000000000000e+00	
5	4	-3.8996128737337e-03	9.1011260918040e-03	1.2241943190328e-06	0.0000000000000e+00	
5	5	-3.8996064117626e-03	9.1007280440457e-03	1.1638172149569e-06	0.0000000000000e+00	
5	6	-3.8998297739375e-03	9.1015362497381e-03	2.4399499594418e-06	0.0000000000000e+00	
5	7	-3.8998393589187e-03	9.1013966550716e-03	2.1580976873027e-06	0.0000000000000e+00	
5	8	-3.8998489438999e-03	9.1009924136564e-03	1.8697053172511e-06	0.0000000000000e+00	
6	0	-3.8994421070569e-03	9.1003082118371e-03	2.6180794594419e-07	0.0000000000000e+00	
6	1	-3.8995244923986e-03	9.0999723624929e-03	1.3951157569383e-07	0.0000000000000e+00	
6	2	-3.8996068777404e-03	9.0995220630818e-03	1.0674119708080e-07	0.0000000000000e+00	
6	3	-3.8996033427622e-03	9.1004787557317e-03	1.0508821184224e-06	0.0000000000000e+00	
6	4	-3.8995992581388e-03	9.1000299676800e-03	7.9349708071840e-07	0.0000000000000e+00	
6	5	-3.8995951735155e-03	9.0995567290126e-03	6.1952598160974e-07	0.0000000000000e+00	
6	6	-3.8998271607671e-03	9.1006492996263e-03	1.6820178577669e-06	0.0000000000000e+00	
6	7	-3.8997427182317e-03	9.1000875728670e-03	1.3795436038343e-06	0.0000000000000e+00	
6	8	-3.8996582756962e-03	9.0995913949433e-03	1.1543712355053e-06	0.0000000000000e+00	
7	0	-3.8995583023147e-03	9.0992068831289e-03	1.2269784395100e-07	0.0000000000000e+00	
7	1	-3.8993089879270e-03	9.0985676109399e-03	1.0965102669683e-07	0.0000000000000e+00	
7	2	-3.8990596735393e-03	9.0978038835032e-03	3.0200669182156e-08	0.0000000000000e+00	
7	3	-3.8995356906429e-03	9.0992652846306e-03	5.3438131702131e-07	0.0000000000000e+00	
7	4	-3.8993353628701e-03	9.0986642707532e-03	3.4153187248578e-07	0.0000000000000e+00	
7	5	-3.8991350350973e-03	9.0979261700621e-03	1.1711273848188e-07	0.0000000000000e+00	
7	6	-3.8995795274931e-03	9.0993236861324e-03	9.9063888459082e-07	0.0000000000000e+00	
7	7	-3.8993933524844e-03	9.0987609305665e-03	6.0535524686804e-07	0.0000000000000e+00	
7	8	-3.8992071774757e-03	9.0980484566211e-03	2.2333577047316e-07	0.0000000000000e+00	
8	0	-3.8219344887811e-03	8.8607327628116e-03	-2.1217065570371e-04	0.0000000000000e+00	
8	1	-3.8812492894034e-03	9.0506885108787e-03	-1.7246197356379e-04	0.0000000000000e+00	
8	2	-3.9405640900257e-03	9.1353277609662e-03	-9.9396568863479e-05	0.0000000000000e+00	
8	3	-3.8502113318105e-03	8.9694390624908e-03	-3.0428437460448e-05	0.0000000000000e+00	
8	4	-3.8812461357819e-03	9.0625569317731e-03	-6.4875066231487e-05	0.0000000000000e+00	
8	5	-3.9122809397534e-03	9.1095945133777e-03	-7.6118424261278e-05	0.0000000000000e+00	
8	6	-3.8718683670126e-03	9.0781453621700e-03	2.4857796847242e-05	0.0000000000000e+00	
8	7	-3.8847766261524e-03	9.0744253526676e-03	-2.4507932533001e-05	0.0000000000000e+00	
8	8	-3.8976848852921e-03	9.0838612657893e-03	-6.0823842991147e-05	0.0000000000000e+00	
9	0	-3.9517255298228e-03	9.1402936855373e-03	-5.2586176143950e-05	0.0000000000000e+00	
9	1	-3.9307669241232e-03	9.1365892528641e-03	-2.7574885754127e-06	0.0000000000000e+00	
9	2	-3.9098083184236e-03	9.1265144625901e-03	2.1605929617470e-05	0.0000000000000e+00	
9	3	-3.9209604275348e-03	9.1174135015233e-03	-6.2045544836906e-05	0.0000000000000e+00	
9	4	-3.9197526110512e-03	9.1225037659384e-03	-2.6478899244611e-05	0.0000000000000e+00	
9	5	-3.9185447945676e-03	9.1206432035187e-03	-4.9485627086416e-06	0.0000000000000e+00	
9	6	-3.9035112551651e-03	9.0945333175093e-03	-6.2419981824680e-05	0.0000000000000e+00	
9	7	-3.9106252675781e-03	9.1084182790126e-03	-4.1695847442480e-05	0.0000000000000e+00	
9	8	-3.9177392799912e-03	9.1147719444474e-03	-2.3579061797272e-05	0.0000000000000e+00	
10	0	-3.9035970245349e-03	9.1182678474966e-03	1.9232670334553e-05	0.0000000000000e+00	
10	1	-3.9032105705069e-03	9.1083792719958e-03	8.6038969371147e-06	0.0000000000000e+00	
10	2	-3.9028241164790e-03	9.1050964726548e-03	6.4222084436819e-06	0.0000000000000e+00	
10	3	-3.9164448500964e-03	9.1167566656656e-03	-1.1832269547121e-06	0.0000000000000e+00	
10	4	-3.9104362248908e-03	9.1113001289097e-03	1.0920019309380e-06	0.0000000000000e+00	
10	5	-3.9044275996853e-03	9.1082482754068e-03	6.1644882677850e-06	0.0000000000000e+00	
10	6	-3.9180689893548e-03	9.1152454838346e-03	-1.5066539045707e-05	0.0000000000000e+00	
10	7	-3.9120880204244e-03	9.1142209858236e-03	-4.0884007837269e-06	0.0000000000000e+00	
10	8	-3.9061070514941e-03	9.1114000781589e-03	4.0371674766326e-06	0.0000000000000e+00	
11	0	-3.9024835284892e-03	9.1058761067360e-03	7.5492734146975e-06	0.0000000000000e+00	
11	1	-3.9016995547264e-03	9.1064900995903e-03	7.3256406115714e-06	0.0000000000000e+00	
11	2	-3.9009155809635e-03	9.1054247632422e-03	5.8225277521818e-06	0.0000000000000e+00	
11	3	-3.9026613104930e-03	9.1074763689379e-03	7.6402683976126e-06	0.0000000000000e+00	
11	4	-3.9026000975969e-03	9.1063089345893e-03	5.7264868258422e-06	0.0000000000000e+00	
11	5	-3.9025388847008e-03	9.1051191588072e-03	3.6466635768092e-06	0.0000000000000e+00	
11	6	-3.9042351251370e-03	9.1090766311398e-03	5.1213422931581e-06	0.0000000000000e+00	
11	7	-3.9037832347287e-03	9.1061277695883e-03	3.1743997216616e-06	0.0000000000000e+00	
11	8	-3.9033313443204e-03	9.1048135543722e-03	2.1748538519033e-06	0.0000000000000e+00	
12	0	-3.9006102101564e-03	9.1041421416035e-03	4.6652206047689e-06	0.0000000000000e+00	
12	1	-3.9003447796833e-03	9.1024840036398e-03	3.5305383651315e-06	0.0000000000000e+00	
12	2	-3.9000793492102e-03	9.1017557564766e-03	3.1911817007905e-06	0.0000000000000e+00	
12	3	-3.9022900287385e-03	9.1044272787212e-03	3.0134464437595e-06	0.0000000000000e+00	
12	4	-3.9014960501921e-03	9.1034046972188e-03	3.1933759067387e-06	0.0000000000000e+00	
12	5	-3.9007020716457e-03	9.1026158294038e-03	3.6350759409242e-06	0.0000000000000e+00	
12	6	-3.9029702603598e-03	9.1047124158390e-03	2.3453173003997e-06	0.0000000000000e+00	
12	7	-3.9021812887443e-03	9.1043253907977e-03	3.1436813530752e-06	0.0000000000000e+00	
12	8	-3.9013923171288e-03	9.1034759023309e-03	3.6702609728635e-06	0.0000000000000e+00	
13	0	-3.9000039526570e-03	9.1017102338967e-03	3.0848949981956e-06	0.0000000000000e+00	
13	1	-3.9000102835030e-03	9.1015233117931e-03	2.5655767094168e-06	0.0000000000000e+00	
13	2	-3.9000166143490e-03	9.1010908590139e-03	2.0771785639024e-06	0.0000000000000e+00	
13	3	-3.9004479092686e-03	9.1022563219782e-03	3.5665073263924e-06	0.0000000000000e+00	
13	4	-3.9003684609222e-03	9.1016880032944e-03	2.8109812367512e-06	0.0000000000000e+00	
13	5	-3.9002890125758e-03	9.1011647960545e-03	2.1960933886346e-06	0.0000000000000e+00	
13	6	-3.9010827231144e-03	9.1028024100598e-03	3.5214020145649e-06	0.0000000000000e+00	
13	7	-3.9008077774773e-03	9.1018526947957e-03	2.8203102436078e-06	0.0000000000000e+00	
13	8	-3.9005328318403e-03	9.1012387330951e-03	2.3695748124584e-06	0.0000000000000e+00	
14	0	-3.8999814048697e-03	9.1007394590638e-03	1.8513010140383e-06	0.0000000000000e+00	
14	1	-3.8998540769409e-03	9.1001672954897e-03	1.5863763345664e-06	0.0000000000000e+00	
14	2	-3.8997267490121e-03	9.0996640358207e-03	1.3878537391004e-06	0.0000000000000e+00	
14	3	-3.9002140798038e-03	9.1008787473257e-03	1.9789304662979e-06	0.0000000000000e+00	
14	4	-3.9000360223033e-03	9.1003836564317e-03	1.7793873802208e-06	0.0000000000000e+00	
14	5	-3.8998579648027e-03	9.0998789996603e-03	1.6149013537465e-06	0.0000000000000e+00	
14	6	-3.9003953696463e-03	9.1010180355876e-03	2.2228674899048e-06	0.0000000000000e+00	
14	7	-3.9001979275983e-03	9.1006000173736e-03	2.0102362146977e-06	0.0000000000000e+00	
14	8	-3.9000004855503e-03	9.1000939634998e-03	1.8013169746968e-06	0.0000000000000e+00	
15	0	-3.8996336694878e-03	9.0993944603199e-03	1.1972404951352e-06	0.0000000000000e+00	
15	1	-3.8994411304061e-03	9.0988432008612e-03	7.0668692946920e-07	0.0000000000000e+00	
15	2	-3.8992485913244e-03	9.0981623546570e-03	2.2980813286561e-07	0.0000000000000e+00	
15	3	-3.8997460068974e-03	9.0995792737243e-03	1.3965954680238e-06	0.0000000000000e+00	
15	4	-3.8995393219887e-03	9.0990292622303e-03	7.9768106008504e-07	0.0000000000000e+00	
15	5	-3.8993326370799e-03	9.0984314777503e-03	2.1338353721968e-07	0.0000000000000e+00	
15	6	-3.8998784963417e-03	9.0997640871288e-03	1.5562915259228e-06	0.0000000000000e+00	
15	7	-3.8996567234899e-03	9.0992153235994e-03	9.3083003510148e-07	0.0000000000000e+00	
15	8	-3.8994349506380e-03	9.0987006008435e-03	3.2092754537536e-07	0.0000000000000e+00	
16	0	-3.8813602955845e-03	9.1056742281347e-03	5.3107707801477e-06	0.0000000000000e+00	
16	1	-3.8881925649841e-03	9.0789796583396e-03	-2.7458391202434e-05	0.0000000000000e+00	
16	2	-3.8950248343837e-03	9.0784373033187e-03	-5.1707637425642e-05	0.0000000000000e+00	
16	3	-3.8913343006754e-03	9.0915706471134e-03	-1.9272390763257e-05	0.0000000000000e+00	
16	4	-3.8923534156554e-03	9.0827620709637e-03	-2.7733134183362e-05	0.0000000000000e+00	
16	5	-3.8933725306354e-03	9.0855311490418e-03	-3.3087484523598e-05	0.0000000000000e+00	
16	6	-3.8931580603651e-03	9.0774670660921e-03	-1.8682278388126e-05	0.0000000000000e+00	
16	7	-3.8937775436050e-03	9.0865444835877e-03	-1.7409163792070e-05	0.0000000000000e+00	
16	8	-3.8943970268449e-03	9.0926249947650e-03	-1.8443178795658e-05	0.0000000000000e+00	
17	0	-3.8990942894833e-03	9.0887680277442e-03	-5.3520227793254e-05	0.0000000000000e+00	
17	1	-3.9062466686475e-03	9.1035772075276e-03	-4.0414162775497e-05	0.0000000000000e+00	
17	2	-3.9133990478117e-03	9.1116420644998e-03	-2.6401273604151e-05	0.0000000000000e+00	
17	3	-3.8953923048332e-03	9.0918358414873e-03	-3.3113163305953e-05	0.0000000000000e+00	
17	4	-3.9013141270653e-03	9.1010263926065e-03	-2.8848936304272e-05	0.0000000000000e+00	
17	5	-3.9072359492974e-03	9.1067575171935e-03	-2.3030419592054e-05	0.0000000000000e+00	
17	6	-3.8957540163059e-03	9.0949036552305e-03	-1.9967175622578e-05	0.0000000000000e+00	
17	7	-3.8997978160490e-03	9.0984755776853e-03	-2.1259890357790e-05	0.0000000000000e+00	
17	8	-3.9038416157921e-03	9.1018729698871e-03	-2.0350849825503e-05	0.0000000000000e+00	
18	0	-3.9144102476807e-03	9.1133978219773e-03	-1.8050160831061e-05	0.0000000000000e+00	
18	1	-3.9107328484458e-03	9.1139103879869e-03	-6.5231794780874e-06	0.0000000000000e+00	
18	2	-3.9070554492110e-03	9.1116194336156e-03	1.0172525756912e-06	0.0000000000000e+00	
18	3	-3.9087940830822e-03	9.1085595292208e-03	-1.8326975934918e-05	0.0000000000000e+00	
18	4	-3.9082267746270e-03	9.1099221641935e-03	-1.0427240802583e-05	0.0000000000000e+00	
18	5	-3.9076594661717e-03	9.1092214440640e-03	-4.7611379302312e-06	0.0000000000000e+00	
18	6	-3.9052481854824e-03	9.1037212364643e-03	-1.8123804715138e-05	0.0000000000000e+00	
18	7	-3.9060380507675e-03	9.1059339404001e-03	-1.3111150524654e-05	0.0000000000000e+00	
18	8	-3.9068279160527e-03	9.1068234545123e-03	-8.5792115549432e-06	0.0000000000000e+00	
19	0	-3.9056628438941e-03	9.1091904208203e-03	2.0650373863977e-06	0.0000000000000e+00	
19	1	-3.9045545665533e-03	9.1061054980823e-03	1.3577570879661e-06	0.0000000000000e+00	
19	2	-3.9034462892126e-03	9.1048203360049e-03	1.6716143650629e-06	0.0000000000000e+00	
19	3	-3.9069998663976e-03	9.1079811959081e-03	-3.0345584788813e-06	0.0000000000000e+00	
19	4	-3.9053004657214e-03	9.1062101272385e-03	-1.2214865458070e-06	0.0000000000000e+00	
19	5	-3.9036010650453e-03	9.1051492454640e-03	7.5269448256038e-07	0.0000000000000e+00	
19	6	-3.9066414962073e-03	9.1067719709959e-03	-6.2755133929514e-06	0.0000000000000e+00	
19	7	-3.9052110006760e-03	9.1063147563948e-03	-3.0316629939349e-06	0.0000000000000e+00	
19	8	-3.9037805051447e-03	9.1054781549230e-03	-4.8673197986551e-07	0.0000000000000e+00	
20	0	-3.9029566149440e-03	9.1048014948603e-03	2.2102866030589e-06	0.0000000000000e+00	
20	1	-3.9023821307383e-03	9.1045062945201e-03	2.8636089907763e-06	0.0000000000000e+00	
20	2	-3.9018076465327e-03	9.1036628742081e-03	3.1686393697576e-06	0.0000000000000e+00	
20	3	-3.9030013512245e-03	9.1048224770575e-03	1.4433079339041e-06	0.0000000000000e+00	
20	4	-3.9026398403491e-03	9.1042072750768e-03	1.6882929443092e-06	0.0000000000000e+00	
20	5	-3.9022783294738e-03	9.1034453285800e-03	1.8556233027872e-06	0.0000000000000e+00	
20	6	-3.9032422613166e-03	9.1048434592547e-03	1.5558989644278e-07	0.0000000000000e+00	
20	7	-3.9028230864148e-03	9.1039082556335e-03	3.9371298514788e-07	0.0000000000000e+00	
20	8	-3.9024039115130e-03	9.1032277829518e-03	8.2481877872434e-07	0.0000000000000e+00	
21	0	-3.9015161870516e-03	9.1029580114919e-03	3.0221119648273e-06	0.0000000000000e+00	
21	1	-3.9010890731774e-03	9.1019641890565e-03	2.5874250120755e-06	0.0000000000000e+00	
21	2	-3.9006619593033e-03	9.1013284435094e-03	2.3836640844449e-06	0.0000000000000e+00	
21	3	-3.9020073246943e-03	9.1029466464360e-03	1.9088008673621e-06	0.0000000000000e+00	
21	4	-3.9014375299015e-03	9.1021826466539e-03	2.0094787947185e-06	0.0000000000000e+00	
21	5	-3.9008677351086e-03	9.1015627955604e-03	2.1645925342752e-06	0.0000000000000e+00	
21	6	-3.9021259651389e-03	9.1029352813801e-03	1.1322765231212e-06	0.0000000000000e+00	
21	7	-3.9015899796403e-03	9.1024011042514e-03	1.5543911307921e-06	0.0000000000000e+00	
21	8	-3.9010539941417e-03	9.1017971476114e-03	1.8544513377730e-06	0.0000000000000e+00	
22	0	-3.9004803429057e-03	9.1011046034580e-03	2.2909815169418e-06	0.0000000000000e+00	
22	1	-3.9002833335421e-03	9.1006862705325e-03	2.0298449941673e-06	0.0000000000000e+00	
22	2	-3.9000863241784e-03	9.1001847205761e-03	1.7728409899458e-06	0.0000000000000e+00	
22	3	-3.9006386259601e-03	9.1012628049621e-03	2.1249227913995e-06	0.0000000000000e+00	
22	4	-3.9004210890720e-03	9.1007663178526e-03	1.8221795360170e-06	0.0000000000000e+00	
22	5	-3.9002035521838e-03	9.1002816426737e-03	1.5563588111031e-06	0.0000000000000e+00	
22	6	-3.9008192082030e-03	9.1014210064662e-03	1.8331954011841e-06	0.0000000000000e+00	
22	7	-3.9005483537784e-03	9.1008463651728e-03	1.5838743746175e-06	0.0000000000000e+00	
22	8	-3.9002774993538e-03	9.1003785647714e-03	1.4042658904582e-06	0.0000000000000e+00	
23	0	-3.8999620859489e-03	9.0998602900693e-03	1.5249534278828e-06	0.0000000000000e+00	
23	1	-3.8997321516716e-03	9.0993349821134e-03	9.3315065350513e-07	0.0000000000000e+00	
23	2	-3.8995022173942e-03	9.0988628555799e-03	3.5021591656358e-07	0.0000000000000e+00	
23	3	-3.9000742425661e-03	9.1000060772690e-03	1.3395645918751e-06	0.0000000000000e+00	
23	4	-3.8998474080297e-03	9.0995601262312e-03	8.2681435471246e-07	0.0000000000000e+00	
23	5	-3.8996205734933e-03	9.0991513195371e-03	2.9899659815668e-07	0.0000000000000e+00	
23	6	-3.9001405417505e-03	9.1001518644686e-03	1.2415512134070e-06	0.0000000000000e+00	
23	7	-3.8999407425120e-03	9.0997852703490e-03	7.9181643471219e-07	0.0000000000000e+00	
23	8	-3.8997409432735e-03	9.0994397834943e-03	3.0307857975395e-07	0.0000000000000e+00	
24	0	-3.8909652715465e-03	9.0757266749037e-03	-9.2734690204828e-06	0.0000000000000e+00	
24	1	-3.8934999317699e-03	9.0881340475616e-03	-1.0487820535981e-05	0.0000000000000e+00	
24	2	-3.8960345919934e-03	9.0945243203555e-03	-1.4793152670154e-05	0.0000000000000e+00	
24	3	-3.8891949756862e-03	9.0838494160980e-03	7.0758181870603e-07	0.0000000000000e+00	
24	4	-3.8934607039385e-03	9.0898141582978e-03	-6.6726392926948e-06	0.0000000000000e+00	
24	5	-3.8977264321909e-03	9.0939574912087e-03	-1.4424015843172e-05	0.0000000000000e+00	
24	6	-3.8910312074352e-03	9.0919721572923e-03	2.1481569120543e-06	0.0000000000000e+00	
24	7	-3.8943081785368e-03	9.0914942690339e-03	-7.2022432199694e-06	0.0000000000000e+00	
24	8	-3.8975851496384e-03	9.0933906620619e-03	-1.4203973611421e-05	0.0000000000000e+00	
25	0	-3.8975672427637e-03	9.0957517235131e-03	-1.7479000555836e-05	0.0000000000000e+00	
25	1	-3.9002995241499e-03	9.0978224735184e-03	-1.9096718200220e-05	0.0000000000000e+00	
25	2	-3.9030318055362e-03	9.1004494471513e-03	-1.8682475587648e-05	0.0000000000000e+00	
25	3	-3.8993506269398e-03	9.0955982893612e-03	-1.6840850907564e-05	0.0000000000000e+00	
25	4	-3.9006664304175e-03	9.0981289014087e-03	-1.6638287714633e-05	0.0000000000000e+00	
25	5	-3.9019822338952e-03	9.1004420704293e-03	-1.5634728961566e-05	0.0000000000000e+00	
25	6	-3.8988676382305e-03	9.0954448552094e-03	-1.5356005890065e-05	0.0000000000000e+00	
25	7	-3.8999979284964e-03	9.0984353292989e-03	-1.4106828514104e-05	0.0000000000000e+00	
25	8	-3.9011282187624e-03	9.1004346937074e-03	-1.3287620274833e-05	0.0000000000000e+00	
26	0	-3.9040727639609e-03	9.1021685933821e-03	-1.7066572092678e-05	0.0000000000000e+00	
26	1	-3.9049177275332e-03	9.1044465596132e-03	-1.3211464808136e-05	0.0000000000000e+00	
26	2	-3.9057626911055e-03	9.1057270761092e-03	-9.3130797263483e-06	0.0000000000000e+00	
26	3	-3.9025914595677e-03	9.1016712411151e-03	-1.4472749870627e-05	0.0000000000000e+00	
26	4	-3.9033692550408e-03	9.1033234117177e-03	-1.1941439618887e-05	0.0000000000000e+00	
26	5	-3.9041470505138e-03	9.1043573704079e-03	-9.3190709659099e-06	0.0000000000000e+00	
26	6	-3.9016500116857e-03	9.1011738888481e-03	-1.2694342188355e-05	0.0000000000000e+00	
26	7	-3.9023128584555e-03	9.1022002638223e-03	-1.1107591146795e-05	0.0000000000000e+00	
26	8	-3.9029757052253e-03	9.1029876647066e-03	-9.3820011000043e-06	0.0000000000000e+00	
27	0	-3.9057380156660e-03	9.1060278844907e-03	-7.0756909779333e-06	0.0000000000000e+00	
27	1	-3.9048082551513e-03	9.1060057881001e-03	-3.8582103104737e-06	0.0000000000000e+00	
27	2	-3.9038784946367e-03	9.1053343373628e-03	-1.4849878917408e-06	0.0000000000000e+00	
27	3	-3.9042960416691e-03	9.1046800623237e-03	-7.7194085480819e-06	0.0000000000000e+00	
27	4	-3.9040302530607e-03	9.1048393919719e-03	-5.2155462564498e-06	0.0000000000000e+00	
27	5	-3.9037644644522e-03	9.1045112000555e-03	-3.1953695284167e-06	0.0000000000000e+00	
27	6	-3.9031795344351e-03	9.1033322401567e-03	-8.2626164704298e-06	0.0000000000000e+00	
27	7	-3.9032171450477e-03	9.1036729958436e-03	-6.3105397725539e-06	0.0000000000000e+00	
27	8	-3.9032547556603e-03	9.1036880627482e-03	-4.4815759531636e-06	0.0000000000000e+00	
28	0	-3.9034459209632e-03	9.1046852460657e-03	-8.4476226308236e-07	0.0000000000000e+00	
28	1	-3.9028891456507e-03	9.1037453277431e-03	-3.3780554482485e-07	0.0000000000000e+00	
28	2	-3.9023323703382e-03	9.1031153586225e-03	3.7842045283606e-07	0.0000000000000e+00	
28	3	-3.9034954404158e-03	9.1041205655617e-03	-2.3941766653626e-06	0.0000000000000e+00	
28	4	-3.9028367301634e-03	9.1034844468477e-03	-1.3523283996062e-06	0.0000000000000e+00	
28	5	-3.9021780199111e-03	9.1029465589794e-03	-3.1587953343520e-07	0.0000000000000e+00	
28	6	-3.9031068240052e-03	9.1035558850577e-03	-3.5339322808859e-06	0.0000000000000e+00	
28	7	-3.9025608474919e-03	9.1032235659523e-03	-2.1689108239760e-06	0.0000000000000e+00	
28	8	-3.9020148709786e-03	9.1027777593362e-03	-1.0239574456396e-06	0.0000000000000e+00	
29	0	-3.9020406007307e-03	9.1028737277738e-03	7.8336150730399e-07	0.0000000000000e+00	
29	1	-3.9015947122164e-03	9.1024037716873e-03	1.2265746120576e-06	0.0000000000000e+00	
29	2	-3.9011488237022e-03	9.1018261598971e-03	1.5194311905940e-06	0.0000000000000e+00	
29	3	-3.9018888129430e-03	9.1026735643741e-03	1.1051988899839e-07	0.0000000000000e+00	
29	4	-3.9015536658578e-03	9.1021944807112e-03	4.9696253500873e-07	0.0000000000000e+00	
29	5	-3.9012185187727e-03	9.1016915083242e-03	8.1227884902047e-07	0.0000000000000e+00	
29	6	-3.9017676384973e-03	9.1024734009743e-03	-6.1333279555186e-07	0.0000000000000e+00	
29	7	-3.9014640026470e-03	9.1019851897350e-03	-1.9989362861860e-07	0.0000000000000e+00	
29	8	-3.9011603667967e-03	9.1015568567513e-03	2.2164940053567e-07	0.0000000000000e+00	
30	0	-3.9009279984912e-03	9.1014499925902e-03	1.5213973540255e-06	0.0000000000000e+00	
30	1	-3.9006150230069e-03	9.1008805935895e-03	1.3719058764260e-06	0.0000000000000e+00	
30	2	-3.9003020475225e-03	9.1004292331588e-03	1.2836906907435e-06	0.0000000000000e+00	
30	3	-3.9010210766230e-03	9.1013914016596e-03	9.0307999294327e-07	0.0000000000000e+00	
30	4	-3.9006777154050e-03	9.1009181719385e-03	9.4538704098978e-07	0.0000000000000e+00	
30	5	-3.9003343541870e-03	9.1005064325527e-03	9.8718926447197e-07	0.0000000000000e+00	
30	6	-3.9009812301236e-03	9.1013328107290e-03	4.0920602867759e-07	0.0000000000000e+00	
30	7	-3.9006692642884e-03	9.1009557502874e-03	5.8676336778517e-07	0.0000000000000e+00	
30	8	-3.9003572984531e-03	9.1005836319466e-03	7.0203476585666e-07	0.0000000000000e+00	
31	0	-3.9001600811585e-03	9.1002171213038e-03	1.1531958959456e-06	0.0000000000000e+00	
31	1	-3.8999851904152e-03	9.0998821730098e-03	7.2742785423106e-07	0.0000000000000e+00	
31	2	-3.8998102996718e-03	9.0995763580215e-03	2.6140359707708e-07	0.0000000000000e+00	
31	3	-3.9001924040909e-03	9.1002955886748e-03	8.9607208590822e-07	0.0000000000000e+00	
31	4	-3.9000479549857e-03	9.0999900340786e-03	5.2815758928718e-07	0.0000000000000e+00	
31	5	-3.8999035058805e-03	9.0997572312897e-03	1.3961603176045e-07	0.0000000000000e+00	
31	6	-3.9002276306119e-03	9.1003740560458e-03	6.4653272298243e-07	0.0000000000000e+00	
31	7	-3.9000939939904e-03	9.1000978951475e-03	3.8009027295250e-07	0.0000000000000e+00	
31	8	-3.8999603573688e-03	9.0999381045579e-03	1.1264991650555e-07	0.0000000000000e+00	
32	0	-3.8935122542947e-03	9.0944398049314e-03	4.9948068844147e-08	0.0000000000000e+00	
32	1	-3.8951456609610e-03	9.0924446944740e-03	-7.6858458476856e-06	0.0000000000000e+00	
32	2	-3.8967790676274e-03	9.0936037404432e-03	-1.2754366051814e-05	0.0000000000000e+00	
32	3	-3.8964228795199e-03	9.0947971143010e-03	-1.8059466826330e-06	0.0000000000000e+00	
32	4	-3.8962014851155e-03	9.0940307128486e-03	-5.7096392222823e-06	0.0000000000000e+00	
32	5	-3.8959800907112e-03	9.0949028116729e-03	-8.5710033328968e-06	0.0000000000000e+00	
32	6	-3.8970852590782e-03	9.0951544236707e-03	-1.6753043541165e-06	0.0000000000000e+00	
32	7	-3.8966340088865e-03	9.0956167312233e-03	-3.2625516668602e-06	0.0000000000000e+00	
32	8	-3.8961827586948e-03	9.0962018829025e-03	-5.4324158339473e-06	0.0000000000000e+00	
33	0	-3.8976937269036e-03	9.0955533329574e-03	-1.3382285401070e-05	0.0000000000000e+00	
33	1	-3.8992035392236e-03	9.0983958867856e-03	-1.2581998131720e-05	0.0000000000000e+00	
33	2	-3.9007133515436e-03	9.1002126276433e-03	-1.2383844422447e-05	0.0000000000000e+00	
33	3	-3.8964372109607e-03	9.0960795499872e-03	-9.4671687050360e-06	0.0000000000000e+00	
33	4	-3.8982294952960e-03	9.0979539150267e-03	-1.0334283803331e-05	0.0000000000000e+00	
33	5	-3.9000217796314e-03	9.0994568761854e-03	-1.1164209372227e-05	0.0000000000000e+00	
33	6	-3.8964691505046e-03	9.0966057670169e-03	-6.8474453425229e-06	0.0000000000000e+00	
33	7	-3.8979045837658e-03	9.0975119432677e-03	-8.7275537187767e-06	0.0000000000000e+00	
33	8	-3.8993400170270e-03	9.0987011247275e-03	-9.9311494761531e-06	0.0000000000000e+00	
34	0	-3.9013215868792e-03	9.1008342048949e-03	-1.2064244504010e-05	0.0000000000000e+00	
34	1	-3.9019019702250e-03	9.1017097921869e-03	-1.0696382342242e-05	0.0000000000000e+00	
34	2	-3.9024823535708e-03	9.1024213565822e-03	-9.2060752374752e-06	0.0000000000000e+00	
34	3	-3.9006917309330e-03	9.1001642360852e-03	-1.1042245330643e-05	0.0000000000000e+00	
34	4	-3.9012017286670e-03	9.1011474383915e-03	-9.8053675231212e-06	0.0000000000000e+00	
34	5	-3.9017117264010e-03	9.1018449491297e-03	-8.5501634349200e-06	0.0000000000000e+00	
34	6	-3.8999159427774e-03	9.0994942672754e-03	-9.8517968071370e-06	0.0000000000000e+00	
34	7	-3.9004596735619e-03	9.1005850845962e-03	-8.8675720253899e-06	0.0000000000000e+00	
34	8	-3.9010034043464e-03	9.1012685416772e-03	-7.9691396252866e-06	0.0000000000000e+00	
35	0	-3.9026698063496e-03	9.1027559473183e-03	-8.2465256121336e-06	0.0000000000000e+00	
35	1	-3.9027336029172e-03	9.1031328529032e-03	-6.5316101381385e-06	0.0000000000000e+00	
35	2	-3.9027973994849e-03	9.1032506952163e-03	-4.8371809611418e-06	0.0000000000000e+00	
35	3	-3.9018858077903e-03	9.1021233439452e-03	-7.7714855071147e-06	0.0000000000000e+00	
35	4	-3.9019740393011e-03	9.1024430523141e-03	-6.3809204718787e-06	0.0000000000000e+00	
35	5	-3.9020622708119e-03	9.1025708226421e-03	-5.0187390260365e-06	0.0000000000000e+00	
35	6	-3.9011967103672e-03	9.1014907405721e-03	-7.3872052334902e-06	0.0000000000000e+00	
35	7	-3.9013172741136e-03	9.1017532517251e-03	-6.2538654061561e-06	0.0000000000000e+00	
35	8	-3.9014378378600e-03	9.1018909500680e-03	-5.1568064606178e-06	0.0000000000000e+00	
36	0	-3.9027011361081e-03	9.1032039969225e-03	-3.9046977965227e-06	0.0000000000000e+00	
36	1	-3.9023065312479e-03	9.1029863333366e-03	-2.5461865129691e-06	0.0000000000000e+00	
36	2	-3.9019119263876e-03	9.1026035759383e-03	-1.4429110563698e-06	0.0000000000000e+00	
36	3	-3.9020337402540e-03	9.1025594167799e-03	-4.2563701468826e-06	0.0000000000000e+00	
36	4	-3.9018474637184e-03	9.1024319663236e-03	-3.0845524523421e-06	0.0000000000000e+00	
36	5	-3.9016611871828e-03	9.1021737957848e-03	-2.0741555802011e-06	0.0000000000000e+00	
36	6	-3.9014520385436e-03	9.1019148366374e-03	-4.5350162327745e-06	0.0000000000000e+00	
36	7	-3.9013802753282e-03	9.1018775993106e-03	-3.5155183971518e-06	0.0000000000000e+00	
36	8	-3.9013085121128e-03	9.1017440156314e-03	-2.5636263794080e-06	0.0000000000000e+00	
37	0	-3.9017051166674e-03	9.1023147563317e-03	-1.0316989728278e-06	0.0000000000000e+00	
37	1	-3.9013890216462e-03	9.1018565611907e-03	-5.4727614711824e-07	0.0000000000000e+00	
37	2	-3.9010729266251e-03	9.1014680891010e-03	-4.7644327370953e-08	0.0000000000000e+00	
37	3	-3.9015185493232e-03	9.1019697387380e-03	-1.6240391728858e-06	0.0000000000000e+00	
37	4	-3.9012146520419e-03	9.1016238212453e-03	-1.0089826444587e-06	0.0000000000000e+00	
37	5	-3.9009107547607e-03	9.1012976913827e-03	-4.3353058987600e-07	0.0000000000000e+00	
37	6	-3.9012186968831e-03	9.1016247211444e-03	-2.0791340140802e-06	0.0000000000000e+00	
37	7	-3.9009818108096e-03	9.1013910812999e-03	-1.3833792041176e-06	0.0000000000000e+00	
37	8	-3.9007449247361e-03	9.1011272936644e-03	-7.8204233588699e-07	0.0000000000000e+00	
38	0	-3.9009027381054e-03	9.1012709168293e-03	1.7420811924095e-07	0.0000000000000e+00	
38	1	-3.9006339816959e-03	9.1009332826646e-03	3.7928041933099e-07	0.0000000000000e+00	
38	2	-3.9003652252864e-03	9.1005901963483e-03	5.1018880295678e-07	0.0000000000000e+00	
38	3	-3.9007626470104e-03	9.1011168098889e-03	-2.0115633193049e-07	0.0000000000000e+00	
38	4	-3.9005575732409e-03	9.1008184945168e-03	1.3167061341419e-08	0.0000000000000e+00	
38	5	-3.9003524994714e-03	9.1005355554661e-03	1.7428909097135e-07	0.0000000000000e+00	
38	6	-3.9006287481835e-03	9.1009627029485e-03	-5.4761622699073e-07	0.0000000000000e+00	
38	7	-3.9004663945013e-03	9.1007037063690e-03	-3.0321326751677e-07	0.0000000000000e+00	
38	8	-3.9003040408190e-03	9.1004809145840e-03	-9.1049118881030e-08	0.0000000000000e+00	
39	0	-3.9002477722647e-03	9.1003932491700e-03	4.8072296283952e-07	0.0000000000000e+00	
39	1	-3.9001129023430e-03	9.1001393430177e-03	2.9645790234397e-07	0.0000000000000e+00	
39	2	-3.8999780324214e-03	9.1000036333783e-03	1.1223906219693e-07	0.0000000000000e+00	
39	3	-3.9002558982187e-03	9.1003807388105e-03	1.9800799936232e-07	0.0000000000000e+00	
39	4	-3.9001290025875e-03	9.1001739172097e-03	1.4241253364989e-07	0.0000000000000e+00	
39	5	-3.9000021069563e-03	9.1000479493556e-03	7.0822266698433e-08	0.0000000000000e+00	
39	6	-3.9002268591970e-03	9.1003682284511e-03	-1.8951029600732e-08	0.0000000000000e+00	
39	7	-3.9001239788779e-03	9.1002084914017e-03	1.6780333362903e-08	0.0000000000000e+00	
39	8	-3.9000210985587e-03	9.1000922653330e-03	2.0475873488889e-08	0.0000000000000e+00	
40	0	-3.8965573189754e-03	9.0954628090863e-03	-1.0553875305942e-06	0.0000000000000e+00	
40	1	-3.8966259744905e-03	9.0962062948055e-03	-2.4294166007834e-06	0.0000000000000e+00	
40	2	-3.8966946300056e-03	9.0966983093053e-03	-4.6831982585304e-06	0.0000000000000e+00	
40	3	-3.8959337061683e-03	9.0961652636297e-03	-5.8141517319046e-07	0.0000000000000e+00	
40	4	-3.8965801938658e-03	9.0966463067720e-03	-2.4127865373537e-06	0.0000000000000e+00	
40	5	-3.8972266815632e-03	9.0971052032750e-03	-4.5200696786687e-06	0.0000000000000e+00	
40	6	-3.8959325471310e-03	9.0968677181731e-03	-4.8454768274028e-07	0.0000000000000e+00	
40	7	-3.8965530262005e-03	9.0970863187385e-03	-2.5439367607899e-06	0.0000000000000e+00	
40	8	-3.8971735052699e-03	9.0975120972446e-03	-4.2753968056034e-06	0.0000000000000e+00	
41	0	-3.8969991272270e-03	9.0968966663413e-03	-6.1668231381463e-06	0.0000000000000e+00	
41	1	-3.8979768738778e-03	9.0975097583123e-03	-7.9633423119476e-06	0.0000000000000e+00	
41	2	-3.8989546205286e-03	9.0985273914409e-03	-9.0158058311351e-06	0.0000000000000e+00	
41	3	-3.8975420568941e-03	9.0973701224173e-03	-5.5601796493995e-06	0.0000000000000e+00	
41	4	-3.8979793538950e-03	9.0979442214903e-03	-6.6316938372654e-06	0.0000000000000e+00	
41	5	-3.8984166508960e-03	9.0986861099062e-03	-7.3663643800219e-06	0.0000000000000e+00	
41	6	-3.8974425408207e-03	9.0978435784933e-03	-4.8741531514298e-06	0.0000000000000e+00	
41	7	-3.8977466001813e-03	9.0983786846682e-03	-5.4574141679404e-06	0.0000000000000e+00	
41	8	-3.8980506595418e-03	9.0988448283715e-03	-6.1110435488653e-06	0.0000000000000e+00	
42	0	-3.8994143608475e-03	9.0992724280200e-03	-8.9604221677041e-06	0.0000000000000e+00	
42	1	-3.9000165079745e-03	9.1003052037040e-03	-8.2518319056320e-06	0.0000000000000e+00	
42	2	-3.9006186551014e-03	9.1009525819241e-03	-7.6267631421117e-06	0.0000000000000e+00	
42	3	-3.8987271432414e-03	9.0991800480757e-03	-7.4582463783146e-06	0.0000000000000e+00	
42	4	-3.8993568506003e-03	9.0999057491438e-03	-7.2384264064806e-06	0.0000000000000e+00	
42	5	-3.8999865579593e-03	9.1004431963160e-03	-6.9902054000194e-06	0.0000000000000e+00	
42	6	-3.8982978315123e-03	9.0990876681315e-03	-6.3617169887552e-06	0.0000000000000e+00	
42	7	-3.8988431765700e-03	9.0995062945837e-03	-6.4335237392356e-06	0.0000000000000e+00	
42	8	-3.8993885216276e-03	9.0999338107079e-03	-6.3650069219054e-06	0.0000000000000e+00	
43	0	-3.9008355037711e-03	9.1011635928510e-03	-7.1509769890340e-06	0.0000000000000e+00	
43	1	-3.9009785552919e-03	9.1014191459344e-03	-6.1136401088135e-06	0.0000000000000e+00	
43	2	-3.9011216068127e-03	9.1015647388502e-03	-5.1174225455912e-06	0.0000000000000e+00	
43	3	-3.9002246621799e-03	9.1006719558046e-03	-6.6381985438331e-06	0.0000000000000e+00	
43	4	-3.9004131979926e-03	9.1009607947561e-03	-5.7272612724781e-06	0.0000000000000e+00	
43	5	-3.9006017338053e-03	9.1011235892907e-03	-4.8661732679646e-06	0.0000000000000e+00	
43	6	-3.8996178529304e-03	9.1001803187581e-03	-6.0840921059431e-06	0.0000000000000e+00	
43	7	-3.8998606029848e-03	9.1005024435777e-03	-5.3156386926527e-06	0.0000000000000e+00	
43	8	-3.9001033530393e-03	9.1006824397313e-03	-4.6057644960528e-06	0.0000000000000e+00	
44	0	-3.9011504180969e-03	9.1016000680072e-03	-4.5512478881772e-06	0.0000000000000e+00	
44	1	-3.9011063763144e-03	9.1015944203804e-03	-3.6025800443824e-06	0.0000000000000e+00	
44	2	-3.9010623345319e-03	9.1015075298819e-03	-2.6962229846723e-06	0.0000000000000e+00	
44	3	-3.9006570952751e-03	9.1011629483734e-03	-4.3693361493945e-06	0.0000000000000e+00	
44	4	-3.9006588086925e-03	9.1011756453578e-03	-3.5226281849968e-06	0.0000000000000e+00	
44	5	-3.9006605221098e-03	9.1011246287266e-03	-2.7251198362131e-06	0.0000000000000e+00	
44	6	-3.9001898096734e-03	9.1007258287396e-03	-4.1778444273713e-06	0.0000000000000e+00	
44	7	-3.9002441671221e-03	9.1007568703352e-03	-3.4155670863353e-06	0.0000000000000e+00	
44	8	-3.9002985245709e-03	9.1007417275714e-03	-2.7093781924854e-06	0.0000000000000e+00	
45	0	-3.9009983019709e-03	9.1014212320419e-03	-2.2200303946701e-06	0.0000000000000e+00	
45	1	-3.9008222963907e-03	9.1012370461989e-03	-1.5293084370278e-06	0.0000000000000e+00	
45	2	-3.9006462908105e-03	9.1010110994000e-03	-9.4186244111046e-07	0.0000000000000e+00	
45	3	-3.9006363105921e-03	9.1010669610295e-03	-2.3037262287910e-06	0.0000000000000e+00	
45	4	-3.9005513944957e-03	9.1009404458021e-03	-1.6722924104954e-06	0.0000000000000e+00	
45	5	-3.9004664783993e-03	9.1007821964961e-03	-1.1197615980667e-06	0.0000000000000e+00	
45	6	-3.9003090463133e-03	9.1007126900171e-03	-2.3347648858518e-06	0.0000000000000e+00	
45	7	-3.9002908467449e-03	9.1006438454054e-03	-1.7525923297081e-06	0.0000000000000e+00	
45	8	-3.9002726471764e-03	9.1005532935921e-03	-1.2249498235712e-06	0.0000000000000e+00	
46	0	-3.9005526543013e-03	9.1008637045859e-03	-7.0560435693617e-07	0.0000000000000e+00	
46	1	-3.9004068787974e-03	9.1006338745484e-03	-4.3348087709442e-07	0.0000000000000e+00	
46	2	-3.9002611032934e-03	9.1004408961546e-03	-1.9078248097624e-07	0.0000000000000e+00	
46	3	-3.9004095540900e-03	9.1006776044776e-03	-8.7540385153729e-07	0.0000000000000e+00	
46	4	-3.9002988502713e-03	9.1005086862261e-03	-5.6355317261609e-07	0.0000000000000e+00	
46	5	-3.9001881464525e-03	9.1003580140378e-03	-2.9242078048613e-07	0.0000000000000e+00	
46	6	-3.9002486289315e-03	9.1004915043694e-03	-9.7498876980778e-07	0.0000000000000e+00	
46	7	-3.9001842900011e-03	9.1003834979039e-03	-6.4201647245968e-07	0.0000000000000e+00	
46	8	-3.9001199510707e-03	9.1002751319209e-03	-3.6105566499084e-07	0.0000000000000e+00	
47	0	-3.9001946397852e-03	9.1003452833136e-03	-1.0058246691265e-07	0.0000000000000e+00	
47	1	-3.9001120139966e-03	9.1002056303132e-03	-3.6111241837056e-08	0.0000000000000e+00	
47	2	-3.9000293882080e-03	9.1000965413043e-03	-5.4059031285702e-09	0.0000000000000e+00	
47	3	-3.9001402454032e-03	9.1002789428993e-03	-1.9012857849394e-07	0.0000000000000e+00	
47	4	-3.9000863376646e-03	9.1001612240145e-03	-9.8730186425238e-08	0.0000000000000e+00	
47	5	-3.9000324299260e-03	9.1000669196668e-03	-3.1002007994736e-08	0.0000000000000e+00	
47	6	-3.9000909609548e-03	9.1002126024850e-03	-2.5416584731536e-07	0.0000000000000e+00	
47	7	-3.9000556755936e-03	9.1001168177157e-03	-1.4298974263202e-07	0.0000000000000e+00	
47	8	-3.9000203902323e-03	9.1000372980292e-03	-4.5388178880889e-08	0.0000000000000e+00	
48	0	-3.8961728149235e-03	9.0971768398850e-03	-4.8503322856025e-07	0.0000000000000e+00	
48	1	-3.8965367286623e-03	9.0973003852183e-03	-2.3967251786758e-06	0.0000000000000e+00	
48	2	-3.8969006424011e-03	9.0976751980164e-03	-3.8802636312856e-06	0.0000000000000e+00	
48	3	-3.8963043714198e-03	9.0975366795303e-03	-3.5648557760413e-07	0.0000000000000e+00	
48	4	-3.8963698417978e-03	9.0975960109270e-03	-1.7308552203756e-06	0.0000000000000e+00	
48	5	-3.8964353121759e-03	9.0978287984906e-03	-2.9364916390631e-06	0.0000000000000e+00	
48	6	-3.8959812572879e-03	9.0978965191757e-03	-2.5324621433795e-07	0.0000000000000e+00	
48	7	-3.8960077045786e-03	9.0978916366358e-03	-1.1681048476200e-06	0.0000000000000e+00	
48	8	-3.8960341518692e-03	9.0979823989649e-03	-2.1736505303096e-06	0.0000000000000e+00	











Stress
0	0	1.9652789536518e-01	1.0721834915322e+01	-2.5760455785993e-02	3.2755088432061e+00	
0	1	7.9934672970986e-02	1.0309731045002e+01	4.2534117229238e-02	3.1168997153918e+00	
0	2	5.2911705093740e-02	1.0106624435221e+01	5.5204037571344e-02	3.0478608420944e+00	
0	3	1.8236516002882e-01	1.0307514000982e+01	-1.3740489882136e-01	3.1469637483031e+00	
0	4	6.2160601470908e-02	1.0156562385686e+01	-5.6658020354706e-02	3.0656168961470e+00	
0	5	-3.8432157223165e-02	1.0051371636739e+01	-1.1601010369299e-03	3.0038818438548e+00	
0	6	3.1248966660788e-02	9.8344987474847e+00	-1.3378486728917e-01	2.9597243142436e+00	
0	7	1.3747999274003e-02	9.9902629275001e+00	-8.7224653139824e-02	3.0012032780322e+00	
0	8	-5.4099622902050e-02	1.0028551579674e+01	-3.5537704615115e-02	2.9923355870315e+00	
1	0	5.2279082744098e-02	1.0067290411484e+01	3.5450435076341e-02	3.0358708482685e+00	
1	1	2.8001926024643e-02	1.0020598355518e+01	5.0456792564332e-03	3.0145800844628e+00	
1	2	1.7189161077266e-02	1.0005323213686e+01	-3.2943866384428e-03	3.0067537124291e+00	
1	3	-5.5149304057383e-02	1.0024178610104e+01	7.3967207198083e-03	2.9907087918139e+00	
1	4	-2.0774712294546e-02	1.0015457810363e+01	2.5082615077492e-03	2.9984049294207e+00	
1	5	1.9625515509376e-02	1.0020796828052e+01	5.2199594404054e-03	3.0121267030686e+00	
1	6	-7.0696086147859e-02	1.0020444639313e+01	-1.3685230986242e-02	2.9849245659497e+00	
1	7	-2.8295610633847e-02	1.0027998296629e+01	1.9834359222217e-03	2.9999108057985e+00	
1	8	1.2691745190260e-02	1.0032254674668e+01	1.0787727195082e-02	3.0134839259575e+00	
2	0	1.6346574672834e-02	1.0009255682533e+01	-7.6440256668490e-05	3.0076806771618e+00	
2	1	1.3700195898920e-02	1.0013396314842e+01	2.9451646277194e-03	3.0081289532222e+00	
2	2	8.1531461829325e-03	1.0010768714952e+01	2.6604642760430e-03	3.0056765583406e+00	
2	3	2.8739602383498e-02	1.0022558176638e+01	6.8172144511868e-03	3.0153893337066e+00	
2	4	1.5987717143343e-02	1.0014703689495e+01	4.5794920052776e-03	3.0092074219916e+00	
2	5	3.5726114341692e-03	1.0007635021258e+01	2.1727561045696e-03	3.0033622898076e+00	
2	6	2.0225930467177e-02	1.0026900656618e+01	9.9492531632030e-03	3.0141379761255e+00	
2	7	8.3490599952114e-03	1.0011756987695e+01	4.6105037023643e-03	3.0060318143070e+00	
2	8	4.6419527277131e-05	1.0004953188781e+01	2.2400325679923e-03	3.0014998824926e+00	
3	0	5.3929289813963e-03	1.0007222987956e+01	1.4175073294060e-03	3.0037847750812e+00	
3	1	4.0667829100469e-03	1.0003761017711e+01	1.9285284068244e-04	3.0023483401863e+00	
3	2	3.8868735254587e-03	1.0002973599735e+01	-5.9147575714830e-05	3.0020581419782e+00	
3	3	5.3143915121812e-04	1.0005590739604e+01	1.3465787241731e-03	3.0018366536265e+00	
3	4	2.3437736019529e-03	1.0005280032218e+01	1.2032920459249e-03	3.0022871417461e+00	
3	5	4.2577075923944e-03	1.0005206390425e+01	1.3389088029443e-03	3.0028392294054e+00	
3	6	-7.8700865832459e-04	1.0005476937832e+01	2.2560324238223e-03	3.0014069787520e+00	
3	7	1.7356790847893e-03	1.0007276867350e+01	2.4976887913402e-03	3.0027037639305e+00	
3	8	3.3153292205341e-03	1.0006876375785e+01	2.3244979570646e-03	3.0030575115016e+00	
4	0	3.8945514015030e-03	1.0003446431572e+01	9.8411119908875e-05	3.0022022948920e+00	
4	1	3.1231437995274e-03	1.0003577427682e+01	1.9370223775922e-04	3.0020101714445e+00	
4	2	1.9833235461730e-03	1.0002848794272e+01	1.8006501719072e-04	3.0014496353455e+00	
4	3	4.4233870820838e-03	1.0004844307594e+01	1.2915824915045e-03	3.0027803084029e+00	
4	4	3.0633037803565e-03	1.0003637475257e+01	8.7668819975099e-04	3.0020102337112e+00	
4	5	1.7807990041083e-03	1.0002611659479e+01	5.5999779082710e-04	3.0013177375450e+00	
4	6	3.1433989220755e-03	1.0005466973399e+01	1.9561515358361e-03	3.0025831116964e+00	
4	7	1.9196026949642e-03	1.0003233010946e+01	1.3283992857189e-03	3.0015457840924e+00	
4	8	1.2193761701997e-03	1.0002220711132e+01	1.0059831396745e-03	3.0010320261908e+00	
5	0	1.4817454878369e-03	1.0002209358700e+01	1.5742940661693e-04	3.0011073312563e+00	
5	1	1.2046949115634e-03	1.0001456439068e+01	1.5252778489307e-04	3.0007983401939e+00	
5	2	1.0345210882301e-03	1.0000952898527e+01	1.3048481118669e-04	3.0005962258845e+00	
5	3	1.3688419593656e-03	1.0002217902276e+01	4.8423754483648e-04	3.0010760232707e+00	
5	4	1.1707998608319e-03	1.0001739234890e+01	4.7084396885879e-04	3.0008730104252e+00	
5	5	9.4985573049655e-04	1.0001207129429e+01	4.4762200575267e-04	3.0006470955479e+00	
5	6	1.1154483945361e-03	1.0002166235837e+01	9.3844229209298e-04	3.0009845052695e+00	
5	7	1.0220101507272e-03	1.0001972790143e+01	8.3003757203951e-04	3.0008984400882e+00	
5	8	7.7589109038367e-04	1.0001423089211e+01	7.1911742971197e-04	3.0006596940903e+00	
6	0	9.2882425251251e-04	1.0000736761863e+01	1.0069536382469e-04	3.0004996758347e+00	
6	1	6.2416167084400e-04	1.0000237126972e+01	5.3658298343780e-05	3.0002583865929e+00	
6	2	2.5347020437394e-04	9.9995834246829e+00	4.1054306569540e-05	2.9999510684662e+00	
6	3	8.1016689607871e-04	1.0000873319584e+01	4.0418543016247e-04	3.0005050459439e+00	
6	4	5.5674924386473e-04	1.0000271538335e+01	3.0519118489169e-04	3.0002484862737e+00	
6	5	2.8922546719379e-04	9.9996368427964e+00	2.3827922369605e-04	2.9999778204791e+00	
6	6	6.0726413630707e-04	1.0000973772131e+01	6.4692994529498e-04	3.0004743108803e+00	
6	7	3.9686364990033e-04	1.0000266318341e+01	5.3059369378242e-04	3.0001989545973e+00	
6	8	2.2427979936523e-04	9.9996471033682e+00	4.4398893673280e-04	2.9999614149503e+00	
7	0	1.3702561229767e-04	9.9991871682612e+00	4.7191478442691e-05	2.9997972581620e+00	
7	1	1.0383025591754e-04	9.9984704447689e+00	4.2173471806475e-05	2.9995722825075e+00	
7	2	-1.1662049717032e-06	9.9975861853662e+00	1.1615641993137e-05	2.9992755057484e+00	
7	3	2.0115757526540e-04	9.9992788308626e+00	2.0553127577743e-04	2.9998439965314e+00	
7	4	1.2409080168663e-04	9.9985853474350e+00	1.3135841249453e-04	2.9996128314710e+00	
7	5	-3.2064518267205e-05	9.9977073240659e+00	4.5043360954569e-05	2.9993025778643e+00	
7	6	1.7583960490430e-04	9.9993321577783e+00	3.8101495561185e-04	2.9998523992150e+00	
7	7	1.0179313634584e-04	9.9986820108678e+00	2.3282894110309e-04	2.9996351412012e+00	
7	8	-5.8629320457193e-05	9.9978303199847e+00	8.5898373258908e-05	2.9993315071993e+00	
8	0	-3.2950602506352e-02	9.7229472833342e+00	-8.1604098347580e-02	2.9069990042484e+00	
8	1	-3.2075948438095e-03	9.9444368669116e+00	-6.6331528293766e-02	2.9823687816203e+00	
8	2	-3.4224105246365e-02	1.0024154241670e+01	-3.8229449562876e-02	2.9969790409272e+00	
8	3	-8.3004106155640e-03	9.8529691234623e+00	-1.1703245177095e-02	2.9534006138540e+00	
8	4	3.6438163165240e-03	9.9604154067435e+00	-2.4951948550572e-02	2.9892177669180e+00	
8	5	-1.0996738103930e-02	1.0005830533535e+01	-2.9276317023568e-02	2.9984501386294e+00	
8	6	2.5261061042663e-02	9.9868100834908e+00	9.5606910950930e-03	3.0036213433600e+00	
8	7	5.7383990262077e-03	9.9743553058108e+00	-9.4261278973081e-03	2.9940281114511e+00	
8	8	-6.1943076302367e-03	9.9796104239708e+00	-2.3393785765826e-02	2.9920248349022e+00	
9	0	-4.6384163874531e-02	1.0024399847941e+01	-2.0225452363058e-02	2.9934047052199e+00	
9	1	-2.0307828898061e-02	1.0031504614938e+01	-1.0605725290049e-03	3.0033590358121e+00	
9	2	2.0932997702605e-03	1.0030033900550e+01	8.3099729297960e-03	3.0096381600961e+00	
9	3	-1.8169709264228e-02	1.0011348697704e+01	-2.3863671091118e-02	2.9979536965318e+00	
9	4	-1.3607111450671e-02	1.0018897793926e+01	-1.0184192017158e-02	3.0015872047426e+00	
9	5	-1.3054606041722e-02	1.0017090007871e+01	-1.9032933494775e-03	3.0012106205487e+00	
9	6	-7.8805449284163e-03	9.9906152802057e+00	-2.4007685317185e-02	2.9948204205832e+00	
9	7	-9.4465453863704e-03	1.0005202336606e+01	-1.6036864400954e-02	2.9987267373660e+00	
9	8	-1.5357524345381e-02	1.0009651109838e+01	-9.0688699220277e-03	2.9982880756478e+00	
10	0	5.6969943741123e-03	1.0022516126706e+01	7.3971808979048e-03	3.0084639363240e+00	
10	1	5.1227354594552e-04	1.0009427537010e+01	3.3091911296595e-03	3.0029819431667e+00	
10	2	-8.6142257468236e-04	1.0005231338297e+01	2.4700801706469e-03	3.0013109747168e+00	
10	3	-1.2469991091955e-02	1.0013069636417e+01	-4.5508729027387e-04	3.0001798935976e+00	
10	4	-7.5294591359114e-03	1.0009190813018e+01	4.2000074266846e-04	3.0004984061647e+00	
10	5	-1.2016099185406e-03	1.0008549063229e+01	2.3709570260712e-03	3.0022042359932e+00	
10	6	-1.5528168073025e-02	1.0010098349765e+01	-5.7948227098875e-03	2.9983710545076e+00	
10	7	-8.0679202884832e-03	1.0012169776825e+01	-1.5724618398950e-03	3.0012305569611e+00	
10	8	-1.6440626888210e-03	1.0011822960121e+01	1.5527567217818e-03	3.0030536692297e+00	
11	0	4.6850150693167e-05	1.0006477338785e+01	2.9035666979606e-03	3.0019572566808e+00	
11	1	1.4564260935161e-03	1.0007756160183e+01	2.8175540813736e-03	3.0027637758830e+00	
11	2	1.8971582657610e-03	1.0006774346116e+01	2.2394337508391e-03	3.0026014513146e+00	
11	3	7.3075641593423e-04	1.0008528971363e+01	2.9385647683125e-03	3.0027779183336e+00	
11	4	1.3963857489596e-04	1.0006992740257e+01	2.2024949330162e-03	3.0021397136494e+00	
11	5	-4.6436855465259e-04	1.0005426434144e+01	1.4025629141574e-03	3.0014886196768e+00	
11	6	-4.6461202688608e-04	1.0009775200494e+01	1.9697470358301e-03	3.0027931765401e+00	
11	7	-1.5575642954353e-03	1.0006066285179e+01	1.2209229698699e-03	3.0013526162651e+00	
11	8	-1.7074513704287e-03	1.0004557855316e+01	8.3648225073206e-04	3.0008551211837e+00	
12	0	1.5682603299521e-03	1.0005223915530e+01	1.7943156172188e-03	3.0020376527579e+00	
12	1	9.6895252626350e-04	1.0003144939698e+01	1.3578993712044e-03	3.0012341676672e+00	
12	2	9.0612018433678e-04	1.0002317739943e+01	1.2273775772271e-03	3.0009671580383e+00	
12	3	-5.2853173186396e-04	1.0004638627853e+01	1.1590178629844e-03	3.0012330288362e+00	
12	4	-4.9665324716841e-05	1.0003720140376e+01	1.2282215025918e-03	3.0011011425154e+00	
12	5	5.6403590212373e-04	1.0003116267479e+01	1.3981061311247e-03	3.0011040910142e+00	
12	6	-1.2797259619122e-03	1.0004630024960e+01	9.0204511553834e-04	3.0010050896995e+00	
12	7	-4.4093246482557e-04	1.0004564205644e+01	1.2091082127212e-03	3.0012369819539e+00	
12	8	1.3105520988343e-04	1.0003875839410e+01	1.4116388357167e-03	3.0012020683859e+00	
13	0	9.8135251749287e-04	1.0002299957559e+01	1.1864980762291e-03	3.0009843930229e+00	
13	1	8.6499054962186e-04	1.0002044679239e+01	9.8676027285262e-04	3.0008729009366e+00	
13	2	6.0697626892026e-04	1.0001458878856e+01	7.9891483227014e-04	3.0006197565374e+00	
13	3	6.9876943358960e-04	1.0002778947316e+01	1.3717335870740e-03	3.0010433150248e+00	
13	4	4.7784296687237e-04	1.0002059738518e+01	1.0811466295197e-03	3.0007612744455e+00	
13	5	2.8294233323400e-04	1.0001401256664e+01	8.4465130332101e-04	3.0005052596993e+00	
13	6	1.5926314977399e-04	1.0003147827130e+01	1.3543853902173e-03	3.0009921270839e+00	
13	7	-1.8530375804460e-05	1.0002027986757e+01	1.0847347090799e-03	3.0006028369144e+00	
13	8	-2.6199224061330e-06	1.0001360122336e+01	9.1137492786861e-04	3.0004072507240e+00	
14	0	4.5164290459887e-04	1.0001006153623e+01	7.1203885155320e-04	3.0004373389582e+00	
14	1	2.9295151594955e-04	1.0000309391847e+01	6.1014474406400e-04	3.0001807030089e+00	
14	2	1.7401238025094e-04	9.9997053853286e+00	5.3378989965401e-04	2.9999638193127e+00	
14	3	2.1878525965668e-04	1.0001059421513e+01	7.6112710242227e-04	3.0003834620318e+00	
14	4	1.7284868695011e-04	1.0000495678483e+01	6.8437976162339e-04	3.0002005581510e+00	
14	5	1.2139333881489e-04	9.9999190583103e+00	6.2111590528713e-04	3.0000121354947e+00	
14	6	5.5099853601526e-05	1.0001142334649e+01	8.5494903457879e-04	3.0003592303507e+00	
14	7	7.9722871681120e-05	1.0000693526696e+01	7.7316777488373e-04	3.0002319748704e+00	
14	8	5.3556085949147e-05	1.0000126209201e+01	6.9281422103724e-04	3.0000539295862e+00	
15	0	1.4378741257648e-04	9.9993961949570e+00	4.6047711351353e-04	2.9998619947109e+00	
15	1	8.4940334783568e-05	9.9987651951557e+00	2.7180266518046e-04	2.9996550406472e+00	
15	2	-4.8668326878776e-05	9.9979597516588e+00	8.8387743409851e-05	2.9993733249996e+00	
15	3	9.9187094463993e-05	9.9995801721881e+00	5.3715210308608e-04	2.9999038077848e+00	
15	4	6.0102455811339e-05	9.9989590133935e+00	3.0680040772501e-04	2.9997057347548e+00	
15	5	-6.5435208860265e-06	9.9982735448100e+00	8.2070591238337e-05	2.9994801003867e+00	
15	6	2.7459037415412e-05	9.9997525232454e+00	5.9857366381645e-04	2.9999339946849e+00	
15	7	9.4050710082172e-06	9.9991417489858e+00	3.5801155196211e-04	2.9997453462171e+00	
15	8	1.0990012361489e-05	9.9985767988443e+00	1.2343367129821e-04	2.9995763366570e+00	
16	0	2.8365502944760e-02	1.0018392059652e+01	2.0426041462107e-03	3.0140272687790e+00	
16	1	3.7675038711669e-03	9.9785153679663e+00	-1.0560919693244e-02	2.9946848615512e+00	
16	2	-5.7426789865316e-03	9.9738435807846e+00	-1.9887552856016e-02	2.9904302705394e+00	
16	3	6.8022762716353e-03	9.9936522361092e+00	-7.4124579858681e-03	3.0001363537142e+00	
16	4	3.4851986601048e-04	9.9812065864961e+00	-1.0666590070524e-02	2.9944665319086e+00	
16	5	5.7417936110138e-04	9.9843462406513e+00	-1.2725955585999e-02	2.9954761260037e+00	
16	6	-3.7894662076150e-03	9.9736144772210e+00	-7.1854916877410e-03	2.9909475033040e+00	
16	7	6.1358567846970e-04	9.9854766835191e+00	-6.6958322277192e-03	2.9958270807593e+00	
16	8	3.2876531500872e-03	9.9933045928500e+00	-7.0935303060225e-03	2.9989776738000e+00	
17	0	-5.2607582982063e-03	9.9854025626460e+00	-2.0584702997406e-02	2.9940425413043e+00	
17	1	-6.3452034518754e-03	1.0001211624375e+01	-1.5543908759806e-02	2.9984599262770e+00	
17	2	-1.1320604073601e-02	1.0007941790012e+01	-1.0154336001597e-02	2.9989863557816e+00	
17	3	1.4925751211381e-03	9.9916680722907e+00	-1.2735832040751e-02	2.9979481942236e+00	
17	4	-1.1768676226422e-03	1.0000623532125e+01	-1.1095744732412e-02	2.9998339993507e+00	
17	5	-5.8421333657135e-03	1.0004922071627e+01	-8.8578536892516e-03	2.9997239814785e+00	
17	6	2.7755483750802e-03	9.9955891418646e+00	-7.6796829317607e-03	2.9995094070719e+00	
17	7	-6.0730370905837e-04	9.9980645376250e+00	-8.1768809068423e-03	2.9992371701748e+00	
17	8	-4.0908463237246e-03	1.0000304988814e+01	-7.8272499328856e-03	2.9988642427471e+00	
18	0	-1.1668897660147e-02	1.0009721925154e+01	-6.9423695504079e-03	2.9994159082480e+00	
18	1	-6.4228413769127e-03	1.0012533494341e+01	-2.5089151838798e-03	3.0018331958891e+00	
18	2	-2.7942006981103e-03	1.0011571093784e+01	3.9125099065047e-04	3.0026330679257e+00	
18	3	-6.8999988294349e-03	1.0006448933711e+01	-7.0488368980454e-03	2.9998646804646e+00	
18	4	-5.3501788092865e-03	1.0008610543360e+01	-4.0104772317625e-03	3.0009781093653e+00	
18	5	-4.9907559634992e-03	1.0007994559602e+01	-1.8312068962428e-03	3.0009011410917e+00	
18	6	-4.9179978814875e-03	1.0001981557462e+01	-6.9706941212070e-03	2.9991190678742e+00	
18	7	-4.7047181100988e-03	1.0004504505865e+01	-5.0427502017902e-03	2.9999399363265e+00	
18	8	-5.2548170830109e-03	1.0005246237198e+01	-3.2996967519012e-03	2.9999974260344e+00	
19	0	-2.3208932302632e-03	1.0009104695012e+01	7.9424514861449e-04	3.0020351405344e+00	
19	1	-2.6087445435090e-03	1.0005591305176e+01	5.2221426460235e-04	3.0008947681898e+00	
19	2	-1.8582723987119e-03	1.0004500670076e+01	6.4292860194727e-04	3.0007927193033e+00	
19	3	-4.8183609728243e-03	1.0006705533109e+01	-1.1671378764928e-03	3.0005661516407e+00	
19	4	-3.5524766027759e-03	1.0005301825674e+01	-4.6980251761809e-04	3.0005248047214e+00	
19	5	-1.8768690240467e-03	1.0004854139060e+01	2.8949787790784e-04	3.0008931810108e+00	
19	6	-5.0335693198988e-03	1.0005284482375e+01	-2.4136589972890e-03	3.0000752739165e+00	
19	7	-3.3716799130223e-03	1.0005494287064e+01	-1.1660242284365e-03	3.0006367821454e+00	
19	8	-1.9286675468360e-03	1.0005193378659e+01	-1.8720460764058e-04	3.0009794133337e+00	
20	0	-1.2099653898545e-03	1.0004757811383e+01	8.5011023194572e-04	3.0010643537978e+00	
20	1	-6.0692915542582e-04	1.0004691859505e+01	1.1013880733755e-03	3.0012254791048e+00	
20	2	-3.2017367392889e-04	1.0003887919204e+01	1.2187074499068e-03	3.0010703236589e+00	
20	3	-1.2580821920540e-03	1.0004760247256e+01	5.5511843611697e-04	3.0010506495191e+00	
20	4	-1.1263571564291e-03	1.0004140654710e+01	6.4934344011894e-04	3.0009042892660e+00	
20	5	-1.0792924185949e-03	1.0003323521469e+01	7.1370127030279e-04	3.0006732687151e+00	
20	6	-1.5702791254304e-03	1.0004649505929e+01	5.9842267862609e-05	3.0009237680412e+00	
20	7	-1.5455457698499e-03	1.0003632409652e+01	1.5142807121072e-04	3.0006260591646e+00	
20	8	-1.3738522568971e-03	1.0002958220408e+01	3.1723799181706e-04	3.0004753104454e+00	
21	0	-3.3447593951230e-04	1.0003107215248e+01	1.1623507557028e-03	3.0008318217925e+00	
21	1	-3.3287405241467e-04	1.0002015789204e+01	9.9516346618289e-04	3.0005048745456e+00	
21	2	-1.2468934511833e-04	1.0001406389742e+01	9.1679387863265e-04	3.0003845101189e+00	
21	3	-1.0021795292090e-03	1.0002808567494e+01	7.3415417975466e-04	3.0005419163895e+00	
21	4	-6.7591718237825e-04	1.0002108834014e+01	7.7287645950710e-04	3.0004298750495e+00	
21	5	-2.6649213059926e-04	1.0001603146846e+01	8.3253559010585e-04	3.0004009964145e+00	
21	6	-1.1684445830102e-03	1.0002724821970e+01	4.3549097043123e-04	3.0004669132161e+00	
21	7	-7.5510475534823e-04	1.0002314959777e+01	5.9784274261236e-04	3.0004679565064e+00	
21	8	-3.8202233800355e-04	1.0001811163626e+01	7.1325051452807e-04	3.0004287423864e+00	
22	0	-9.3442242201647e-06	1.0001209845286e+01	8.8114673728530e-04	3.0003601503186e+00	
22	1	1.4514769812735e-05	1.0000760364058e+01	7.8070961314126e-04	3.0002324636483e+00	
22	2	-9.6360616064217e-06	1.0000198859903e+01	6.8186191920992e-04	3.0000567671525e+00	
22	3	-1.3114746819376e-04	1.0001331491703e+01	8.1727799669213e-04	3.0003601032704e+00	
22	4	-1.2474422036224e-04	1.0000788645722e+01	7.0083828308345e-04	3.0001991704504e+00	
22	5	-1.1152639716361e-04	1.0000261700416e+01	5.9859954273198e-04	3.0000450522057e+00	
22	6	-2.8296885050150e-04	1.0001440273203e+01	7.0507515430156e-04	3.0003471913057e+00	
22	7	-2.4988094820433e-04	1.0000822979783e+01	6.0918245177594e-04	3.0001719296506e+00	
22	8	-1.5515406971378e-04	1.0000349510642e+01	5.4010226556085e-04	3.0000583069717e+00	
23	0	-2.9563737427019e-05	9.9998338024304e+00	5.8652054918569e-04	2.9999412716079e+00	
23	1	-2.3099107851365e-05	9.9992593114960e+00	3.5890409750197e-04	2.9997708637164e+00	
23	2	1.4047111561943e-05	9.9987564109378e+00	1.3469842944753e-04	2.9996311374148e+00	
23	3	-9.6435799142647e-05	9.9999653486893e+00	5.1521715072121e-04	2.9999606738671e+00	
23	4	-4.8361060404289e-05	9.9994958960634e+00	3.1800552104325e-04	2.9998342605009e+00	
23	5	2.1143107328925e-05	9.9990764454384e+00	1.1499869159872e-04	2.9997292765637e+00	
23	6	-1.0157670151578e-04	1.0000123351159e+01	4.7751969746422e-04	3.0000065323374e+00	
23	7	-4.4112795546170e-05	9.9997451278668e+00	3.0454478258161e-04	2.9999103045214e+00	
23	8	2.5528378616357e-05	9.9993953182000e+00	1.1656868452075e-04	2.9998262539736e+00	
24	0	-1.8417069450241e-03	9.9725367134012e+00	-3.5667188540318e-03	2.9912085019369e+00	
24	1	1.9043500568001e-03	9.9877766418503e+00	-4.0337771292235e-03	2.9969042975721e+00	
24	2	2.1790032908529e-03	9.9949166281746e+00	-5.6896741039055e-03	2.9991286894396e+00	
24	3	5.2275804789925e-03	9.9844924972360e+00	2.7214685334847e-04	2.9969160233145e+00	
24	4	2.9264514083760e-03	9.9900609608209e+00	-2.5663997279596e-03	2.9978962236688e+00	
24	5	-4.2549071348308e-04	9.9931775272862e+00	-5.5476984012198e-03	2.9978256109718e+00	
24	6	7.4419268905483e-03	9.9943675920655e+00	8.2621419694396e-04	3.0005428556868e+00	
24	7	2.7549148739059e-03	9.9918337206975e+00	-2.7700935461421e-03	2.9983765906714e+00	
24	8	-5.6231947745733e-04	9.9924959972151e+00	-5.4630667736235e-03	2.9975801033213e+00	
25	0	8.2393676797210e-04	9.9956846800578e+00	-6.7226925214753e-03	2.9989525850477e+00	
25	1	-1.6594708642454e-03	9.9968959119576e+00	-7.3448916154694e-03	2.9985709323280e+00	
25	2	-3.8219802498638e-03	9.9988559064328e+00	-7.1855675337108e-03	2.9985101778549e+00	
25	3	-1.6652924028486e-03	9.9944492585979e+00	-6.4772503490630e-03	2.9978351898585e+00	
25	4	-1.9765978262090e-03	9.9970967343478e+00	-6.3993414287050e-03	2.9985360409565e+00	
25	5	-2.4133511496709e-03	9.9994514983307e+00	-6.0133572929101e-03	2.9991114441543e+00	
25	6	-1.1036349971327e-03	9.9945213599566e+00	-5.9061561115633e-03	2.9980253174878e+00	
25	7	-8.9990607274615e-04	9.9978949076160e+00	-5.4257032746555e-03	2.9990985004630e+00	
25	8	-1.2679711951655e-03	9.9999342691662e+00	-5.1106231826280e-03	2.9995998893913e+00	
26	0	-4.2314553038132e-03	1.0000569588806e+01	-6.5640661894917e-03	2.9989014400507e+00	
26	1	-4.0546949793585e-03	1.0003148602826e+01	-5.0813326185140e-03	2.9997281723538e+00	
26	2	-4.4533864251228e-03	1.0004384896048e+01	-3.5819537409032e-03	2.9999794528868e+00	
26	3	-2.5243256978458e-03	1.0000754674827e+01	-5.5664422579334e-03	2.9994691047389e+00	
26	4	-2.6181827177556e-03	1.0002530022481e+01	-4.5928613918798e-03	2.9999735519290e+00	
26	5	-3.0687004563692e-03	1.0003473161791e+01	-3.5842580638115e-03	3.0001213384004e+00	
26	6	-1.5439260106165e-03	1.0000628305169e+01	-4.8824393032134e-03	2.9997253137476e+00	
26	7	-1.8440803310655e-03	1.0001627552190e+01	-4.2721504410749e-03	2.9999350415578e+00	
26	8	-2.2821043186978e-03	1.0002305103321e+01	-3.6084619615401e-03	3.0000068997008e+00	
27	0	-4.2466261903087e-03	1.0004804066238e+01	-2.7214196068974e-03	3.0001672320143e+00	
27	1	-3.0077734152183e-03	1.0005310721394e+01	-1.4839270424899e-03	3.0006908843935e+00	
27	2	-2.1435481477718e-03	1.0004943245698e+01	-5.7114918913108e-04	3.0008399092651e+00	
27	3	-3.0830970601814e-03	1.0003821598319e+01	-2.9690032877238e-03	3.0002215503776e+00	
27	4	-2.6333837517409e-03	1.0004189420119e+01	-2.0059793294038e-03	3.0004668109103e+00	
27	5	-2.4649328843722e-03	1.0003900962891e+01	-1.2289882801603e-03	3.0004308090019e+00	
27	6	-2.3576962646237e-03	1.0002651361114e+01	-3.1779294117038e-03	3.0000880994547e+00	
27	7	-2.2117361159593e-03	1.0003088372262e+01	-2.4271306817515e-03	3.0002629908438e+00	
27	8	-2.2536733417855e-03	1.0003086956203e+01	-1.7236830589091e-03	3.0002499848584e+00	
28	0	-1.9357131817399e-03	1.0004319030687e+01	-3.2490856272398e-04	3.0007149952515e+00	
28	1	-1.7284685241199e-03	1.0003374972548e+01	-1.2992520954802e-04	3.0004939512072e+00	
28	2	-1.3424070192292e-03	1.0002848153720e+01	1.4554632801387e-04	3.0004517240102e+00	
28	3	-2.3281511972151e-03	1.0003530314939e+01	-9.2083717898563e-04	3.0003606491226e+00	
28	4	-1.8084174232209e-03	1.0003054026432e+01	-5.2012630754083e-04	3.0003736827025e+00	
28	5	-1.2320120075398e-03	1.0002709971754e+01	-1.2149212824431e-04	3.0004433879240e+00	
28	6	-2.1307909352712e-03	1.0002994369882e+01	-1.3592047234176e-03	3.0002590736841e+00	
28	7	-1.5875451127751e-03	1.0002862003691e+01	-8.3419647075999e-04	3.0003823375733e+00	
28	8	-1.1097728541687e-03	1.0002576865850e+01	-3.9382978678446e-04	3.0004401278986e+00	
29	0	-1.0890426525947e-03	1.0002691210043e+01	3.0129288742461e-04	3.0004806502172e+00	
29	1	-7.5993662559171e-04	1.0002315820223e+01	4.7175946617600e-04	3.0004667650794e+00	
29	2	-4.9293965842523e-04	1.0001795509264e+01	5.8439661176694e-04	3.0003907708817e+00	
29	3	-1.0001918228415e-03	1.0002509329190e+01	4.2507649614764e-05	3.0004527412102e+00	
29	4	-8.2542670603036e-04	1.0002057762962e+01	1.9113943654182e-04	3.0003697008769e+00	
29	5	-6.6444354539641e-04	1.0001574038837e+01	3.1241494193095e-04	3.0002728785874e+00	
29	6	-9.5255126113614e-04	1.0002309786794e+01	-2.3589722905841e-04	3.0004071706598e+00	
29	7	-8.2547102382957e-04	1.0001827753885e+01	-7.6882164853309e-05	3.0003006848585e+00	
29	8	-6.6384563906574e-04	1.0001426326321e+01	8.5249769436796e-05	3.0002287442046e+00	
30	0	-4.1269455155923e-04	1.0001416529357e+01	5.8515282847136e-04	3.0003011504417e+00	
30	1	-3.1988082300938e-04	1.0000830593482e+01	5.2765610631768e-04	3.0001532137977e+00	
30	2	-1.5896791949110e-04	1.0000403555682e+01	4.9372718874748e-04	3.0000733763286e+00	
30	3	-5.7179449660794e-04	1.0001283958028e+01	3.4733845882434e-04	3.0002136490596e+00	
30	4	-3.8259461915402e-04	1.0000845011030e+01	3.6361040038068e-04	3.0001387249232e+00	
30	5	-1.5791954819822e-04	1.0000488839482e+01	3.7968817864307e-04	3.0000992759802e+00	
30	6	-5.5195743809033e-04	1.0001228073987e+01	1.5738693410676e-04	3.0002028349647e+00	
30	7	-3.4953829928241e-04	1.0000900472913e+01	2.2567821837891e-04	3.0001652803841e+00	
30	8	-1.4426794848355e-04	1.0000579524667e+01	2.7001337148333e-04	3.0001305770155e+00	
31	0	-9.0231576621136e-05	1.0000199924164e+01	4.4353688305599e-04	3.0000329077761e+00	
31	1	-4.8041130178866e-05	9.9998499307352e+00	2.7977994393502e-04	2.9999405668815e+00	
31	2	1.0956992666955e-05	9.9995391552183e+00	1.0053984502965e-04	2.9998650336633e+00	
31	3	-8.8473579186399e-05	1.0000286905471e+01	3.4464310996470e-04	3.0000595295676e+00	
31	4	-7.0304358440687e-05	9.9999589179987e+00	2.0313753434122e-04	2.9999665840921e+00	
31	5	-1.0162941216585e-05	9.9997288656513e+00	5.3698473754021e-05	2.9999156108130e+00	
31	6	-9.0624258802130e-05	1.0000372211632e+01	2.4866643191632e-04	3.0000844762119e+00	
31	7	-7.0052401929921e-05	1.0000077554627e+01	1.4618856652019e-04	3.0000022506676e+00	
31	8	1.7656171520386e-05	9.9999395499613e+00	4.3326890963674e-05	2.9999871618398e+00	
32	0	5.5256989868671e-03	9.9962580522377e+00	1.9210795709287e-05	3.0005351253674e+00	
32	1	2.1758570566641e-03	9.9926299766221e+00	-2.9560945568022e-03	2.9984417501036e+00	
32	2	6.4572075723390e-04	9.9932478808116e+00	-4.9055254045439e-03	2.9981680804706e+00	
32	3	1.8136896661796e-03	9.9950598387592e+00	-6.9459487793578e-04	2.9990620585276e+00	
32	4	1.6695659109942e-03	9.9941558720373e+00	-2.1960150854932e-03	2.9987476313845e+00	
32	5	2.4707307769765e-03	9.9954575787647e+00	-3.2965397434218e-03	2.9993784928625e+00	
32	6	1.1281648970849e-03	9.9951586900885e+00	-6.4434782850636e-04	2.9988860564957e+00	
32	7	2.0023329739196e-03	9.9960413638276e+00	-1.2548275641770e-03	2.9994131090404e+00	
32	8	2.9473726623070e-03	9.9970894046603e+00	-2.0893907053643e-03	3.0000110331968e+00	
33	0	5.3921356671882e-04	9.9953446442291e+00	-5.1470328465654e-03	2.9987651573387e+00	
33	1	1.4670880602452e-04	9.9983001134285e+00	-4.8392300506615e-03	2.9995340466704e+00	
33	2	-8.3761112990377e-04	9.9998746805524e+00	-4.7630170855566e-03	2.9997111208267e+00	
33	3	2.5342640839865e-03	9.9967779263516e+00	-3.6412187327062e-03	2.9997936571307e+00	
33	4	1.2029380784107e-03	9.9982670998651e+00	-3.9747245397427e-03	2.9998410113831e+00	
33	5	-3.4265939681077e-04	9.9992563066161e+00	-4.2939266816260e-03	2.9996740941658e+00	
33	6	2.7948552920734e-03	9.9974678687701e+00	-2.6336328240473e-03	3.0000788172187e+00	
33	7	1.3853352774413e-03	9.9978595868417e+00	-3.3567514302987e-03	2.9997734766357e+00	
33	8	1.3908749875657e-04	9.9986322734638e+00	-3.8196728754435e-03	2.9996314082888e+00	
34	0	-1.2977872056688e-03	1.0000360514159e+01	-4.6400940400038e-03	2.9997188180860e+00	
34	1	-1.5739259642915e-03	1.0001204352814e+01	-4.1139932085547e-03	2.9998891280549e+00	
34	2	-1.9446933171423e-03	1.0001827391416e+01	-3.5407981682597e-03	2.9999648094297e+00	
34	3	-8.3642466834810e-04	9.9998220114994e+00	-4.2470174348626e-03	2.9996956760493e+00	
34	4	-9.5572797964838e-04	1.0000851323604e+01	-3.7712952012005e-03	2.9999686786872e+00	
34	5	-1.2398533495306e-03	1.0001496050905e+01	-3.2885243980462e-03	3.0000768592666e+00	
34	6	-1.7861492610827e-04	9.9993677004992e+00	-3.7891526181296e-03	2.9997567256719e+00	
34	7	-2.8124252784067e-04	1.0000522417594e+01	-3.4106046251500e-03	3.0000723525198e+00	
34	8	-6.1888565250090e-04	1.0001128765135e+01	-3.0650537020333e-03	3.0001529638447e+00	
35	0	-2.0040004793094e-03	1.0002169656188e+01	-3.1717406200514e-03	3.0000496967127e+00	
35	1	-1.8724349444756e-03	1.0002640223379e+01	-2.5121577454379e-03	3.0002303365303e+00	
35	2	-1.8903289894512e-03	1.0002762051550e+01	-1.8604542158238e-03	3.0002615167681e+00	
35	3	-1.3135812877199e-03	1.0001770381586e+01	-2.9890328873518e-03	3.0001370400894e+00	
35	4	-1.2479073394589e-03	1.0002149855441e+01	-2.4542001814918e-03	3.0002705844306e+00	
35	5	-1.2929668763082e-03	1.0002270951165e+01	-1.9302842407833e-03	3.0002933952867e+00	
35	6	-7.5091362573598e-04	1.0001316356328e+01	-2.8412327821116e-03	3.0001696328106e+00	
35	7	-7.6176223459523e-04	1.0001600180718e+01	-2.4053328485216e-03	3.0002515255451e+00	
35	8	-8.4461823384174e-04	1.0001715987865e+01	-1.9833871002376e-03	3.0002614108892e+00	
36	0	-1.7876849979386e-03	1.0002754725026e+01	-1.5018068448164e-03	3.0002901120083e+00	
36	1	-1.3820612932864e-03	1.0002689373002e+01	-9.7930250498812e-04	3.0003921935128e+00	
36	2	-1.0716840189220e-03	1.0002401779309e+01	-5.5496579091147e-04	3.0003990285869e+00	
36	3	-1.2611406611409e-03	1.0002272057057e+01	-1.6370654411087e-03	3.0003032749188e+00	
36	4	-1.0839128957549e-03	1.0002207956367e+01	-1.1863663278239e-03	3.0003372130415e+00	
36	5	-9.8210056254899e-04	1.0001967886336e+01	-7.9775214623121e-04	3.0002957357319e+00	
36	6	-8.4995382559594e-04	1.0001739950160e+01	-1.7442370126056e-03	3.0002669989003e+00	
36	7	-7.7483257030764e-04	1.0001731224844e+01	-1.3521224604430e-03	3.0002869176821e+00	
36	8	-7.5529574907218e-04	1.0001592802516e+01	-9.8601014592614e-04	3.0002512520300e+00	
37	0	-9.5991301477572e-04	1.0002132296985e+01	-3.9680729724147e-04	3.0003517151909e+00	
37	1	-7.9874383686462e-04	1.0001697858345e+01	-2.1049082581471e-04	3.0002697343525e+00	
37	2	-5.9734982165782e-04	1.0001357277660e+01	-1.8324741296520e-05	3.0002279783515e+00	
37	3	-9.0781327853939e-04	1.0001775485230e+01	-6.2463045110994e-04	3.0002603015855e+00	
37	4	-6.9828856880072e-04	1.0001485152421e+01	-3.8807024786872e-04	3.0002360591558e+00	
37	5	-4.7734791860243e-04	1.0001221456807e+01	-1.6674253456769e-04	3.0002232326665e+00	
37	6	-7.0321437468746e-04	1.0001484030262e+01	-7.9966692849239e-04	3.0002342447661e+00	
37	7	-5.1912149372502e-04	1.0001306180129e+01	-5.3206892466060e-04	3.0002361175906e+00	
37	8	-3.5242156916482e-04	1.0001087746431e+01	-3.0078551380269e-04	3.0002205974586e+00	
38	0	-4.8200312498281e-04	1.0001190039132e+01	6.7003122784979e-05	3.0002124108023e+00	
38	1	-3.1500459184208e-04	1.0000890583378e+01	1.4587708435807e-04	3.0001726736358e+00	
38	2	-1.5115153075396e-04	1.0000583788188e+01	1.9622646267569e-04	3.0001297909973e+00	
38	3	-3.8232680881656e-04	1.0001063409268e+01	-7.7367819973267e-05	3.0002043247376e+00	
38	4	-2.7837098768835e-04	1.0000780142672e+01	5.0642543620844e-06	3.0001505315053e+00	
38	5	-1.6554421186221e-04	1.0000517574971e+01	6.7034265758212e-05	3.0001056092277e+00	
38	6	-2.9098623827917e-04	1.0000933206940e+01	-2.1062162576567e-04	3.0001926662106e+00	
38	7	-2.2185430806587e-04	1.0000678223284e+01	-1.1662048750645e-04	3.0001369106929e+00	
38	8	-1.3183499640679e-04	1.0000471976852e+01	-3.5018891877319e-05	3.0001020425567e+00	
39	0	-1.0666506591761e-04	1.0000386428345e+01	1.8489344724597e-04	3.0000839289838e+00	
39	1	-7.1593720806895e-05	1.0000122441172e+01	1.1402227013230e-04	3.0000152542354e+00	
39	2	3.1667920193712e-05	1.0000017564689e+01	4.3168870075744e-05	3.0000147697828e+00	
39	3	-1.2482136525804e-04	1.0000364899426e+01	7.6156922831662e-05	3.0000720234184e+00	
39	4	-7.3320477599559e-05	1.0000159694751e+01	5.4774051403802e-05	3.0000259122820e+00	
39	5	2.4826802436984e-05	1.0000063331658e+01	2.7239333345551e-05	3.0000264475381e+00	
39	6	-9.2947889585027e-05	1.0000364811840e+01	-7.2888575387431e-06	3.0000815591850e+00	
39	7	-4.6611142289876e-05	1.0000209135227e+01	6.4539743703473e-06	3.0000487572253e+00	
39	8	2.4828093875051e-05	1.0000112031087e+01	7.8753359572650e-06	3.0000410577544e+00	
40	0	2.0167681598826e-03	9.9958784051304e+00	-4.0591828099778e-04	2.9993685519871e+00	
40	1	2.3532813428959e-03	9.9968396423398e+00	-9.3439100030129e-04	2.9997578771048e+00	
40	2	2.5447149762563e-03	9.9974623606000e+00	-1.8012300994348e-03	3.0000021226729e+00	
40	3	3.2615091752222e-03	9.9971837936352e+00	-2.2362122045787e-04	3.0001335908431e+00	
40	4	2.6687621645438e-03	9.9974583780397e+00	-9.2799482205912e-04	3.0000381420613e+00	
40	5	2.0632382465724e-03	9.9977031496606e+00	-1.7384883379495e-03	2.9999299163721e+00	
40	6	3.6683316542634e-03	9.9981300741959e+00	-1.8636449336165e-04	3.0005395217551e+00	
40	7	2.9591870792745e-03	9.9980663754938e+00	-9.7843721568842e-04	3.0003076687719e+00	
40	8	2.3695682393408e-03	9.9982815701736e+00	-1.6443833867705e-03	3.0001953415239e+00	
41	0	2.2492516220165e-03	9.9975537082130e+00	-2.3718550531332e-03	2.9999408879505e+00	
41	1	1.2867611138825e-03	9.9978149397217e+00	-3.0628239661337e-03	2.9997305102507e+00	
41	2	5.5765973507782e-04	9.9986207458655e+00	-3.4676176273597e-03	2.9997535216802e+00	
41	3	1.7915324986788e-03	9.9978778242767e+00	-2.1385306343844e-03	2.9999008070326e+00	
41	4	1.5340744626302e-03	9.9983983632206e+00	-2.5506514758713e-03	2.9999797313050e+00	
41	5	1.3734179705773e-03	9.9991447724338e+00	-2.8332170692392e-03	3.0001554571213e+00	
41	6	2.1986441798534e-03	9.9985725821137e+00	-1.8746742890115e-03	3.0002313678881e+00	
41	7	2.0980486030675e-03	9.9991174984873e+00	-2.0990054492078e-03	3.0003646641271e+00	
41	8	1.9576669849437e-03	9.9995695807644e+00	-2.3504013649482e-03	3.0004581743248e+00	
42	0	3.6860733215160e-04	9.9993584449226e+00	-3.4463162183477e-03	2.9999181156764e+00	
42	1	1.5385678664437e-04	1.0000401327309e+01	-3.1737815021661e-03	3.0001665552286e+00	
42	2	-2.8323844956368e-04	1.0000925405416e+01	-2.9333704392737e-03	3.0001926500900e+00	
42	3	1.2404118340443e-03	9.9996305590011e+00	-2.8685562993518e-03	3.0002612912505e+00	
42	4	8.1140254404932e-04	1.0000244171578e+01	-2.7840101563387e-03	3.0003166722366e+00	
42	5	2.7378523716415e-04	1.0000604365449e+01	-2.6885405384690e-03	3.0002634452058e+00	
42	6	1.7650353477778e-03	9.9997538812276e+00	-2.4468142264443e-03	3.0004556749726e+00	
42	7	1.2724322617910e-03	1.0000002794688e+01	-2.4744322073983e-03	3.0003825680848e+00	
42	8	7.8495783273791e-04	1.0000263675014e+01	-2.4480795853482e-03	3.0003145898540e+00	
43	0	-4.5341304707769e-04	1.0001084353585e+01	-2.7503757650131e-03	3.0001892821615e+00	
43	1	-4.9854793079618e-04	1.0001345837628e+01	-2.3514000418513e-03	3.0002541869091e+00	
43	2	-6.0712137277985e-04	1.0001459298368e+01	-1.9682394406120e-03	3.0002556530985e+00	
43	3	8.5236952769741e-05	1.0000774943095e+01	-2.5531532860896e-03	3.0002580540142e+00	
43	4	-1.9234000099289e-06	1.0001054994099e+01	-2.2027927971070e-03	3.0003159212097e+00	
43	5	-1.6180168559288e-04	1.0001165369927e+01	-1.8716051030633e-03	3.0003010704723e+00	
43	6	6.1845880036326e-04	1.0000463206253e+01	-2.3400354253627e-03	3.0003244995160e+00	
43	7	4.7752112295996e-04	1.0000756787710e+01	-2.0444764202510e-03	3.0003702926498e+00	
43	8	2.5458613820550e-04	1.0000859042116e+01	-1.7714478830972e-03	3.0003340884761e+00	
44	0	-6.2552358785517e-04	1.0001490234954e+01	-1.7504799569912e-03	3.0002594134098e+00	
44	1	-5.6949481917901e-04	1.0001508041100e+01	-1.3856077093779e-03	3.0002815638842e+00	
44	2	-5.6033693794078e-04	1.0001416481842e+01	-1.0370088402586e-03	3.0002568434712e+00	
44	3	-2.1361957804000e-04	1.0001186413998e+01	-1.6805139036133e-03	3.0002918383259e+00	
44	4	-2.0860091805286e-04	1.0001202517582e+01	-1.3548569942295e-03	3.0002981749992e+00	
44	5	-2.4034011319785e-04	1.0001132852838e+01	-1.0481230139281e-03	3.0002677538174e+00	
44	6	1.6323432785725e-04	1.0000867571569e+01	-1.6068632412966e-03	3.0003092417689e+00	
44	7	1.0796945205627e-04	1.0000877998265e+01	-1.3136796485905e-03	3.0002957903152e+00	
44	8	2.6059753456487e-05	1.0000826253709e+01	-1.0420685355713e-03	3.0002556940387e+00	
45	0	-5.2392647504540e-04	1.0001337253535e+01	-8.5385784410389e-04	3.0002439981179e+00	
45	1	-3.9325694966497e-04	1.0001190852735e+01	-5.8819555270299e-04	3.0002392787355e+00	
45	2	-2.8668028343226e-04	1.0000988235263e+01	-3.6225478504248e-04	3.0002104664939e+00	
45	3	-2.4101751074479e-04	1.0001069191429e+01	-8.8604854953501e-04	3.0002484521755e+00	
45	4	-1.9969693529465e-04	1.0000947872525e+01	-6.4318938865209e-04	3.0002244526768e+00	
45	5	-1.7668448215247e-04	1.0000783834668e+01	-4.3067753771795e-04	3.0001821450558e+00	
45	6	-4.8565657113642e-06	1.0000781094458e+01	-8.9798649455837e-04	3.0002328713676e+00	
45	7	-2.0075191908830e-05	1.0000698918770e+01	-6.7407397296466e-04	3.0002036530734e+00	
45	8	-4.7817203575384e-05	1.0000587521849e+01	-4.7113454752739e-04	3.0001619113937e+00	
46	0	-2.4566660612368e-04	1.0000843840230e+01	-2.7138629112930e-04	3.0001794520872e+00	
46	1	-1.8202460318584e-04	1.0000618554894e+01	-1.6672341426709e-04	3.0001309590871e+00	
46	2	-9.7122036522457e-05	1.0000442877539e+01	-7.3377877298553e-05	3.0001037266507e+00	
46	3	-1.6039715327310e-04	1.0000675878668e+01	-3.3669378905280e-04	3.0001546444544e+00	
46	4	-1.0882561932046e-04	1.0000512356302e+01	-2.1675122023696e-04	3.0001210592047e+00	
46	5	-4.6727510484956e-05	1.0000373395944e+01	-1.1246953095620e-04	3.0000980005299e+00	
46	6	-5.1132579232949e-05	1.0000518200729e+01	-3.7499568069530e-04	3.0001401204450e+00	
46	7	-2.6833903024048e-05	1.0000409926024e+01	-2.4692941248449e-04	3.0001149276363e+00	
46	8	-2.7426407847031e-06	1.0000301167353e+01	-1.3886756345801e-04	3.0000895274136e+00	
47	0	-6.2813183754784e-05	1.0000352512277e+01	-3.8685564197173e-05	3.0000869097279e+00	
47	1	-3.2155199367168e-05	1.0000212186577e+01	-1.3888939168098e-05	3.0000540094134e+00	
47	2	1.6135857058508e-05	1.0000113004713e+01	-2.0791935109885e-06	3.0000387421709e+00	
47	3	-2.7863293136754e-05	1.0000294589247e+01	-7.3126376343825e-05	3.0000800177862e+00	
47	4	-2.3209924752798e-05	1.0000167222136e+01	-3.7973148625092e-05	3.0000432036634e+00	
47	5	-5.0481695827997e-06	1.0000071374594e+01	-1.1923849228745e-05	3.0000198979274e+00	
47	6	2.0784062471080e-07	1.0000233718179e+01	-9.7756095121293e-05	3.0000701778059e+00	
47	7	-7.5530783876232e-06	1.0000125134083e+01	-5.4996054858470e-05	3.0000352743013e+00	
47	8	-5.9302957922114e-06	1.0000038445290e+01	-1.7456991877265e-05	3.0000097544983e+00	
48	0	3.5232336904221e-03	9.9984075835431e+00	-1.8655124175394e-04	3.0005792451701e+00	
48	1	3.1046259650918e-03	9.9983639443348e+00	-9.2181737641376e-04	3.0004405710900e+00	
48	2	2.8309802386852e-03	9.9986585497906e+00	-1.4924090889560e-03	3.0004468590088e+00	
48	3	3.5537382023323e-03	9.9988160850871e+00	-1.3710983754005e-04	3.0007109469868e+00	
48	4	3.4998346531108e-03	9.9988581829030e+00	-6.6571354629829e-04	3.0007074052668e+00	
48	5	3.5460019693980e-03	9.9991337794052e+00	-1.1294198611781e-03	3.0008039344124e+00	
48	6	4.1962993292097e-03	9.9994868966088e+00	-9.7402390129982e-05	3.0011049587814e+00	
48	7	4.1578803572104e-03	9.9994650659067e+00	-4.4927109523845e-04	3.0010868838792e+00	
48	8	4.1746411173023e-03	9.9995719879128e+00	-8.3601943473446e-04	3.0011239887090e+00	



Reaction Force
-1.4738723993768e-01	 -2.1594234652023e+01	 
2.0052714178068e-01	 -4.2427852776371e+01	 
-7.7864286222773e-03	 -6.2725331863406e+01	 
7.7894580944080e-10	 -6.2575420643523e+01	 
-1.2078706802932e-08	 -6.2533031700018e+01	 
-9.9188098257907e-09	 -6.2520917496996e+01	 
-3.4193160499337e-09	 -6.2510353474851e+01	 
-3.9214214899085e-09	 -6.2501028377202e+01	 
-1.6716401335437e-08	 -4.1662208616320e+01	 
-8.2642669645496e-09	 -2.0828988045189e+01	 
-2.1390795377971e-01	 1.1949378883979e+00	 
4.5406808005534e-01	 3.6383355195910e-01	 
2.2960332284821e-02	 1.7088968384686e-02	 
7.0024476374769e-09	 1.0128369629799e-09	 
3.0810930268545e-09	 5.3589592756376e-09	 
2.2507236511457e-10	 8.8870653142929e-09	 
-8.5522565686222e-09	 -3.4387011791671e-09	 
7.4991651048003e-09	 1.7880247602965e-08	 
2.2444227420612e-11	 9.6054069309346e-09	 
-2.3979154489253e-10	 9.0551679680313e-09	 
-1.9408403922911e-01	 2.4729389851724e-01	 
4.0164212634879e-02	 5.4080065651707e-02	 
2.0496376775557e-03	 2.1332419565597e-03	 
1.1539267671156e-08	 2.6527020301083e-09	 
-2.7689790819579e-09	 -4.4758082751574e-09	 
-9.3407464207114e-09	 -1.1140076981956e-08	 
-1.9542750973220e-09	 1.3416967499947e-08	 
-2.0600940887548e-09	 -6.0848495276015e-09	 
6.7648403950615e-09	 -1.7097408243770e-09	 
1.3706096438076e-08	 -1.9068903579479e-09	 
-3.8645850958757e-02	 -5.6180457717230e-09	 
-1.0741248957833e-09	 -1.7933873077088e-08	 
-3.1304298336314e-09	 1.8147390496896e-08	 
4.4334080930802e-10	 -5.1732060639435e-09	 
1.5719012812111e-08	 -1.4182267975130e-08	 
1.7340824082434e-08	 5.7105760073221e-09	 
-4.4908721373507e-10	 -1.0619190238518e-09	 
-4.5116355692041e-09	 -5.4127998256263e-09	 
1.2800397296023e-08	 -7.7236147775117e-09	 
-4.4381278287966e-11	 5.6503742577955e-09	 
-2.4854850858303e-02	 2.5967447418073e-09	 
-1.1080182920128e-08	 1.8857813379872e-08	 
2.2520891865125e-09	 -1.1432234516098e-08	 
4.0100329725199e-10	 5.7861824156139e-10	 
5.8907088204512e-09	 7.5624134294947e-09	 
4.6359398541453e-09	 4.2072376984160e-09	 
8.9367970397470e-09	 -2.8786215166481e-09	 
-6.5649323487495e-09	 1.3310220200742e-08	 
-7.3404559983570e-09	 -3.2362303248028e-09	 
-3.2894856769188e-09	 9.6755161407476e-09	 
-1.6854202475703e-02	 2.2572695486754e-09	 
2.6695630526732e-09	 4.9785314278843e-09	 
-4.8859854989300e-09	 2.9572321314383e-09	 
1.3981304712163e-08	 7.0106328774405e-09	 
1.1081966128318e-08	 -1.6685290324884e-08	 
1.5996433371894e-08	 -7.2263923725537e-11	 
-1.1742025307417e-08	 -1.3559867675331e-08	 
2.6918308489690e-09	 7.0616730424377e-09	 
-4.1208592349816e-09	 6.3412167566474e-09	 
4.6879631080106e-09	 2.6978881451102e-12	 
-1.7830385612030e-02	 -1.8182309658153e-09	 
6.4201528095663e-04	 5.2070762344203e+00	 
-3.8371519598124e-03	 2.6039189246099e+01	 
-7.1790529251174e-03	 3.1249901719085e+01	 
-6.0736130014842e-03	 3.1251871456448e+01	 
-4.0307780035354e-03	 3.1252410761787e+01	 
-2.1307234632747e-03	 3.1251978975904e+01	 
-8.4018331947283e-04	 3.1251201137376e+01	 
-1.9324267615200e-04	 2.0833719518969e+01	 
-3.1121367180963e-05	 1.0416739262246e+01	 
-1.9008673186779e-02	 1.0416199032989e+01	 
5.4364594460397e-03	 2.0829432089720e+01	 
9.9346071696379e-04	 3.1244956713269e+01	 
-7.0709357252188e-03	 3.1250045269557e+01	 
-6.0865507966077e-03	 3.1251852868125e+01	 
-4.0439724609987e-03	 3.1252398841747e+01	 
-2.1170596858779e-03	 3.1251979251834e+01	 
-8.4908700693299e-04	 3.1251174308709e+01	 
-1.8476058956901e-04	 2.0833715180096e+01	 
-3.5531258498711e-05	 1.0416724562043e+01	 
-4.4102230998454e-03	 1.0416117599298e+01	 
1.0239233237673e-03	 1.5623738509963e+01	 
1.6083161190242e-03	 5.2075774421126e+00	 
0.0000000000000e+00	 0.0000000000000e+00	 
0.0000000000000e+00	 0.0000000000000e+00	 
0.0000000000000e+00	 0.0000000000000e+00	 
0.0000000000000e+00	 0.0000000000000e+00	 
0.0000000000000e+00	 0.0000000000000e+00	 
0.0000000000000e+00	 0.0000000000000e+00	 
0.0000000000000e+00	 0.0000000000000e+00	 
0.0000000000000e+00	 0.0000000000000e+00	 
0.0000000000000e+00	 0.0000000000000e+00	 
0.0000000000000e+00	 0.0000000000000e+00	 
0.0000000000000e+00	 0.0000000000000e+00	 
0.0000000000000e+00	 0.0000000000000e+00	 
0.0000000000000e+00	 0.0000000000000e+00	 
0.0000000000000e+00	 0.0000000000000e+00	 
0.0000000000000e+00	 0.0000000000000e+00	 
0.0000000000000e+00	 0.0000000000000e+00	 
0.0000000000000e+00	 0.0000000000000e+00	 
