0.000000 10.000000  0.000000  0.000000
2.000000 10.000000  0.000045  -0.000016
4.000000 10.000000  0.000090  -0.000050
6.000000 10.000000  0.000135  -0.000102
8.000000 10.000000  0.000179  -0.000171
10.000000 10.000000  0.000223  -0.000258
12.000000 10.000000  0.000267  -0.000363
14.000000 10.000000  0.000310  -0.000485
16.000000 10.000000  0.000352  -0.000626
18.000000 10.000000  0.000395  -0.000783
20.000000 10.000000  0.000437  -0.000959
20.000000 10.000000  0.000437  -0.000959
22.000000 10.000000  0.000478  -0.001150
24.000000 10.000000  0.000518  -0.001360
26.000000 10.000000  0.000557  -0.001580
28.000000 10.000000  0.000594  -0.001820
30.000000 10.000000  0.000631  -0.002070
32.000000 10.000000  0.000666  -0.002340
34.000000 10.000000  0.000700  -0.002620
36.000000 10.000000  0.000733  -0.002920
38.000000 10.000000  0.000765  -0.003240
40.000000 10.000000  0.000796  -0.003570
40.000000 10.000000  0.000796  -0.003570
42.000000 10.000000  0.000826  -0.003910
44.000000 10.000000  0.000854  -0.004260
46.000000 10.000000  0.000882  -0.004620
48.000000 10.000000  0.000909  -0.005000
50.000000 10.000000  0.000934  -0.005380
52.000000 10.000000  0.000959  -0.005770
54.000000 10.000000  0.000983  -0.006180
56.000000 10.000000  0.001010  -0.006590
58.000000 10.000000  0.001030  -0.007020
60.000000 10.000000  0.001050  -0.007460
60.000000 10.000000  0.001050  -0.007460
62.000000 10.000000  0.001070  -0.007900
64.000000 10.000000  0.001090  -0.008350
66.000000 10.000000  0.001100  -0.008810
68.000000 10.000000  0.001120  -0.009270
70.000000 10.000000  0.001140  -0.009740
72.000000 10.000000  0.001150  -0.010200
74.000000 10.000000  0.001160  -0.010700
76.000000 10.000000  0.001180  -0.011200
78.000000 10.000000  0.001190  -0.011700
80.000000 10.000000  0.001200  -0.012200
80.000000 10.000000  0.001200  -0.012200
82.000000 10.000000  0.001210  -0.012700
84.000000 10.000000  0.001220  -0.013200
86.000000 10.000000  0.001220  -0.013700
88.000000 10.000000  0.001230  -0.014200
90.000000 10.000000  0.001240  -0.014700
92.000000 10.000000  0.001240  -0.015300
94.000000 10.000000  0.001250  -0.015800
96.000000 10.000000  0.001250  -0.016300
98.000000 10.000000  0.001250  -0.016800
100.000000 10.000000  0.001250  -0.017300
