0.000000 0.000000  0.000000  0.000000
2.000000 0.000000  -0.000048  -0.000017
4.000000 0.000000  -0.000096  -0.000052
6.000000 0.000000  -0.000143  -0.000104
8.000000 0.000000  -0.000191  -0.000174
10.000000 0.000000  -0.000237  -0.000261
12.000000 0.000000  -0.000284  -0.000366
14.000000 0.000000  -0.000330  -0.000489
16.000000 0.000000  -0.000376  -0.000629
18.000000 0.000000  -0.000421  -0.000787
20.000000 0.000000  -0.000466  -0.000963
20.000000 0.000000  -0.000466  -0.000963
22.000000 0.000000  -0.000511  -0.001160
24.000000 0.000000  -0.000554  -0.001360
26.000000 0.000000  -0.000596  -0.001580
28.000000 0.000000  -0.000636  -0.001820
30.000000 0.000000  -0.000676  -0.002080
32.000000 0.000000  -0.000714  -0.002340
34.000000 0.000000  -0.000751  -0.002630
36.000000 0.000000  -0.000787  -0.002930
38.000000 0.000000  -0.000822  -0.003240
40.000000 0.000000  -0.000855  -0.003570
40.000000 0.000000  -0.000855  -0.003570
42.000000 0.000000  -0.000888  -0.003910
44.000000 0.000000  -0.000919  -0.004260
46.000000 0.000000  -0.000949  -0.004630
48.000000 0.000000  -0.000978  -0.005000
50.000000 0.000000  -0.001010  -0.005380
52.000000 0.000000  -0.001030  -0.005780
54.000000 0.000000  -0.001060  -0.006180
56.000000 0.000000  -0.001080  -0.006600
58.000000 0.000000  -0.001110  -0.007020
60.000000 0.000000  -0.001130  -0.007460
60.000000 0.000000  -0.001130  -0.007460
62.000000 0.000000  -0.001150  -0.007900
64.000000 0.000000  -0.001170  -0.008350
66.000000 0.000000  -0.001190  -0.008810
68.000000 0.000000  -0.001210  -0.009270
70.000000 0.000000  -0.001230  -0.009740
72.000000 0.000000  -0.001240  -0.010200
74.000000 0.000000  -0.001260  -0.010700
76.000000 0.000000  -0.001270  -0.011200
78.000000 0.000000  -0.001290  -0.011700
80.000000 0.000000  -0.001300  -0.012200
80.000000 0.000000  -0.001300  -0.012200
82.000000 0.000000  -0.001310  -0.012700
84.000000 0.000000  -0.001320  -0.013200
86.000000 0.000000  -0.001330  -0.013700
88.000000 0.000000  -0.001330  -0.014200
90.000000 0.000000  -0.001340  -0.014700
92.000000 0.000000  -0.001350  -0.015300
94.000000 0.000000  -0.001350  -0.015800
96.000000 0.000000  -0.001350  -0.016300
98.000000 0.000000  -0.001350  -0.016800
100.000000 0.000000  -0.001360  -0.017300
