0:  0.000000e+000  0.000000e+000	 0.000000e+000 0.000000e+000 
1:  3.125000e-001  0.000000e+000	 5.722907e-005 0.000000e+000 
2:  9.375000e-001  0.000000e+000	 -6.988342e-005 0.000000e+000 
3:  1.562500e+000  0.000000e+000	 3.337738e-004 0.000000e+000 
4:  2.187500e+000  0.000000e+000	 3.161002e-004 0.000000e+000 
5:  2.812500e+000  0.000000e+000	 -1.876595e-003 0.000000e+000 
6:  3.437500e+000  0.000000e+000	 -2.544648e-002 0.000000e+000 
7:  4.062500e+000  0.000000e+000	 -2.412042e-002 0.000000e+000 
8:  4.687500e+000  0.000000e+000	 -2.184064e-002 0.000000e+000 
9:  5.312500e+000  0.000000e+000	 -2.410802e-002 0.000000e+000 
10:  5.937500e+000  0.000000e+000	 -2.641641e-002 0.000000e+000 
11:  6.562500e+000  0.000000e+000	 -2.876181e-002 0.000000e+000 
12:  7.187500e+000  0.000000e+000	 -3.112943e-002 0.000000e+000 
13:  7.812500e+000  0.000000e+000	 -3.351188e-002 0.000000e+000 
14:  8.437500e+000  0.000000e+000	 -3.590135e-002 0.000000e+000 
15:  9.062500e+000  0.000000e+000	 -3.828996e-002 0.000000e+000 
16:  9.687500e+000  0.000000e+000	 -4.066790e-002 0.000000e+000 
17:  1.000000e+001  0.000000e+000	 -4.184413e-002 0.000000e+000 
18:  0.000000e+000  3.125000e-001	 0.000000e+000 -6.921094e-005 
19:  3.125000e-001  3.125000e-001	 -6.951225e-005 2.918210e-005 
20:  9.375000e-001  3.125000e-001	 1.487381e-004 3.557783e-005 
21:  1.562500e+000  3.125000e-001	 -2.595467e-005 -3.788936e-004 
22:  2.187500e+000  3.125000e-001	 -2.355383e-003 -1.250794e-003 
23:  2.812500e+000  3.125000e-001	 -9.042844e-003 -2.568988e-003 
24:  3.437500e+000  3.125000e-001	 -1.446163e-002 -1.272106e-003 
25:  4.062500e+000  3.125000e-001	 -2.110640e-002 2.720271e-003 
26:  4.687500e+000  3.125000e-001	 -2.186331e-002 2.883941e-003 
27:  5.312500e+000  3.125000e-001	 -2.410083e-002 2.876174e-003 
28:  5.937500e+000  3.125000e-001	 -2.641858e-002 2.866205e-003 
29:  6.562500e+000  3.125000e-001	 -2.876088e-002 2.856984e-003 
30:  7.187500e+000  3.125000e-001	 -3.112957e-002 2.845020e-003 
31:  7.812500e+000  3.125000e-001	 -3.351174e-002 2.831177e-003 
32:  8.437500e+000  3.125000e-001	 -3.590129e-002 2.813970e-003 
33:  9.062500e+000  3.125000e-001	 -3.828989e-002 2.792042e-003 
34:  9.687500e+000  3.125000e-001	 -4.066781e-002 2.762752e-003 
35:  1.000000e+001  3.125000e-001	 -4.184416e-002 2.742323e-003 
36:  0.000000e+000  9.375000e-001	 0.000000e+000 1.133710e-004 
37:  3.125000e-001  9.375000e-001	 8.801297e-005 -2.211124e-005 
38:  9.375000e-001  9.375000e-001	 -2.834139e-004 -2.290760e-004 
39:  1.562500e+000  9.375000e-001	 -8.743340e-004 1.753566e-003 
40:  2.187500e+000  9.375000e-001	 -4.522624e-003 8.545828e-004 
41:  2.812500e+000  9.375000e-001	 -9.273724e-003 4.988266e-004 
42:  3.437500e+000  9.375000e-001	 -1.440218e-002 4.347271e-003 
43:  4.062500e+000  9.375000e-001	 -1.829666e-002 8.166741e-003 
44:  4.687500e+000  9.375000e-001	 -2.155966e-002 8.691541e-003 
45:  5.312500e+000  9.375000e-001	 -2.389352e-002 8.647793e-003 
46:  5.937500e+000  9.375000e-001	 -2.625152e-002 8.614517e-003 
47:  6.562500e+000  9.375000e-001	 -2.862797e-002 8.579797e-003 
48:  7.187500e+000  9.375000e-001	 -3.101522e-002 8.541709e-003 
49:  7.812500e+000  9.375000e-001	 -3.341049e-002 8.497976e-003 
50:  8.437500e+000  9.375000e-001	 -3.580798e-002 8.445597e-003 
51:  9.062500e+000  9.375000e-001	 -3.820176e-002 8.379667e-003 
52:  9.687500e+000  9.375000e-001	 -4.058361e-002 8.292916e-003 
53:  1.000000e+001  9.375000e-001	 -4.176230e-002 8.233002e-003 
54:  0.000000e+000  1.562500e+000	 0.000000e+000 -6.511464e-004 
55:  3.125000e-001  1.562500e+000	 -4.264250e-004 -1.466498e-003 
56:  9.375000e-001  1.562500e+000	 4.595013e-003 8.525526e-003 
57:  1.562500e+000  1.562500e+000	 4.577112e-003 1.077049e-002 
58:  2.187500e+000  1.562500e+000	 -9.890999e-004 8.417931e-003 
59:  2.812500e+000  1.562500e+000	 -7.736347e-003 8.483207e-003 
60:  3.437500e+000  1.562500e+000	 -1.400963e-002 1.176713e-002 
61:  4.062500e+000  1.562500e+000	 -1.836547e-002 1.433602e-002 
62:  4.687500e+000  1.562500e+000	 -2.108423e-002 1.462210e-002 
63:  5.312500e+000  1.562500e+000	 -2.350895e-002 1.446715e-002 
64:  5.937500e+000  1.562500e+000	 -2.595298e-002 1.440270e-002 
65:  6.562500e+000  1.562500e+000	 -2.837837e-002 1.432701e-002 
66:  7.187500e+000  1.562500e+000	 -3.079989e-002 1.425556e-002 
67:  7.812500e+000  1.562500e+000	 -3.321716e-002 1.417737e-002 
68:  8.437500e+000  1.562500e+000	 -3.562887e-002 1.408729e-002 
69:  9.062500e+000  1.562500e+000	 -3.803193e-002 1.397747e-002 
70:  9.687500e+000  1.562500e+000	 -4.042097e-002 1.383621e-002 
71:  1.000000e+001  1.562500e+000	 -4.160417e-002 1.374072e-002 
72:  0.000000e+000  2.187500e+000	 0.000000e+000 1.652217e-003 
73:  3.125000e-001  2.187500e+000	 5.824195e-003 1.128709e-002 
74:  9.375000e-001  2.187500e+000	 1.464833e-002 2.397806e-002 
75:  1.562500e+000  2.187500e+000	 1.085693e-002 2.065849e-002 
76:  2.187500e+000  2.187500e+000	 1.444519e-003 1.748141e-002 
77:  2.812500e+000  2.187500e+000	 -7.622206e-003 1.799151e-002 
78:  3.437500e+000  2.187500e+000	 -1.411507e-002 1.991161e-002 
79:  4.062500e+000  2.187500e+000	 -1.782840e-002 2.081516e-002 
80:  4.687500e+000  2.187500e+000	 -2.048818e-002 2.057448e-002 
81:  5.312500e+000  2.187500e+000	 -2.304302e-002 2.036362e-002 
82:  5.937500e+000  2.187500e+000	 -2.556491e-002 2.023310e-002 
83:  6.562500e+000  2.187500e+000	 -2.804467e-002 2.010638e-002 
84:  7.187500e+000  2.187500e+000	 -3.050560e-002 1.999269e-002 
85:  7.812500e+000  2.187500e+000	 -3.294856e-002 1.987397e-002 
86:  8.437500e+000  2.187500e+000	 -3.537760e-002 1.974372e-002 
87:  9.062500e+000  2.187500e+000	 -3.779227e-002 1.959035e-002 
88:  9.687500e+000  2.187500e+000	 -4.019069e-002 1.939941e-002 
89:  1.000000e+001  2.187500e+000	 -4.137979e-002 1.927406e-002 
90:  0.000000e+000  2.812500e+000	 0.000000e+000 2.368490e-002 
91:  3.125000e-001  2.812500e+000	 1.490028e-002 4.049555e-002 
92:  9.375000e-001  2.812500e+000	 1.935085e-002 3.490006e-002 
93:  1.562500e+000  2.812500e+000	 1.102957e-002 2.843161e-002 
94:  2.187500e+000  2.812500e+000	 -2.948428e-004 2.606739e-002 
95:  2.812500e+000  2.812500e+000	 -9.000514e-003 2.670227e-002 
96:  3.437500e+000  2.812500e+000	 -1.409293e-002 2.732085e-002 
97:  4.062500e+000  2.812500e+000	 -1.721480e-002 2.702518e-002 
98:  4.687500e+000  2.812500e+000	 -1.990126e-002 2.657433e-002 
99:  5.312500e+000  2.812500e+000	 -2.255811e-002 2.631853e-002 
100:  5.937500e+000  2.812500e+000	 -2.513330e-002 2.609628e-002 
101:  6.562500e+000  2.812500e+000	 -2.766296e-002 2.591742e-002 
102:  7.187500e+000  2.812500e+000	 -3.015767e-002 2.575192e-002 
103:  7.812500e+000  2.812500e+000	 -3.262526e-002 2.558918e-002 
104:  8.437500e+000  2.812500e+000	 -3.507116e-002 2.541655e-002 
105:  9.062500e+000  2.812500e+000	 -3.749781e-002 2.522112e-002 
106:  9.687500e+000  2.812500e+000	 -3.990649e-002 2.498651e-002 
107:  1.000000e+001  2.812500e+000	 -4.110216e-002 2.483803e-002 
108:  0.000000e+000  3.437500e+000	 0.000000e+000 1.033724e-001 
109:  3.125000e-001  3.437500e+000	 1.143423e-002 5.559787e-002 
110:  9.375000e-001  3.437500e+000	 9.159135e-003 4.094159e-002 
111:  1.562500e+000  3.437500e+000	 2.886176e-003 3.444318e-002 
112:  2.187500e+000  3.437500e+000	 -4.846110e-003 3.438401e-002 
113:  2.812500e+000  3.437500e+000	 -1.051768e-002 3.437097e-002 
114:  3.437500e+000  3.437500e+000	 -1.391726e-002 3.381749e-002 
115:  4.062500e+000  3.437500e+000	 -1.665018e-002 3.310022e-002 
116:  4.687500e+000  3.437500e+000	 -1.941587e-002 3.263432e-002 
117:  5.312500e+000  3.437500e+000	 -2.209132e-002 3.227429e-002 
118:  5.937500e+000  3.437500e+000	 -2.470137e-002 3.198780e-002 
119:  6.562500e+000  3.437500e+000	 -2.726237e-002 3.174675e-002 
120:  7.187500e+000  3.437500e+000	 -2.978105e-002 3.152936e-002 
121:  7.812500e+000  3.437500e+000	 -3.226762e-002 3.132012e-002 
122:  8.437500e+000  3.437500e+000	 -3.472723e-002 3.110511e-002 
123:  9.062500e+000  3.437500e+000	 -3.716452e-002 3.087015e-002 
124:  9.687500e+000  3.437500e+000	 -3.958306e-002 3.059867e-002 
125:  1.000000e+001  3.437500e+000	 -4.078520e-002 3.043377e-002 
126:  0.000000e+000  4.062500e+000	 0.000000e+000 8.388530e-002 
127:  3.125000e-001  4.062500e+000	 -1.499092e-003 6.170710e-002 
128:  9.375000e-001  4.062500e+000	 -2.140212e-003 4.283071e-002 
129:  1.562500e+000  4.062500e+000	 -4.434515e-003 4.198357e-002 
130:  2.187500e+000  4.062500e+000	 -7.974693e-003 4.165442e-002 
131:  2.812500e+000  4.062500e+000	 -1.083509e-002 4.071231e-002 
132:  3.437500e+000  4.062500e+000	 -1.349435e-002 3.983755e-002 
133:  4.062500e+000  4.062500e+000	 -1.627429e-002 3.916784e-002 
134:  4.687500e+000  4.062500e+000	 -1.900195e-002 3.865101e-002 
135:  5.312500e+000  4.062500e+000	 -2.167246e-002 3.822636e-002 
136:  5.937500e+000  4.062500e+000	 -2.429275e-002 3.788141e-002 
137:  6.562500e+000  4.062500e+000	 -2.686424e-002 3.758399e-002 
138:  7.187500e+000  4.062500e+000	 -2.939575e-002 3.731640e-002 
139:  7.812500e+000  4.062500e+000	 -3.189292e-002 3.706205e-002 
140:  8.437500e+000  4.062500e+000	 -3.436172e-002 3.680655e-002 
141:  9.062500e+000  4.062500e+000	 -3.680705e-002 3.653582e-002 
142:  9.687500e+000  4.062500e+000	 -3.923409e-002 3.623435e-002 
143:  1.000000e+001  4.062500e+000	 -4.044197e-002 3.605901e-002 
144:  0.000000e+000  4.687500e+000	 0.000000e+000 4.917569e-002 
145:  3.125000e-001  4.687500e+000	 -1.062843e-003 4.941788e-002 
146:  9.375000e-001  4.687500e+000	 -3.269153e-003 4.878407e-002 
147:  1.562500e+000  4.687500e+000	 -5.656812e-003 4.826551e-002 
148:  2.187500e+000  4.687500e+000	 -8.084022e-003 4.740485e-002 
149:  2.812500e+000  4.687500e+000	 -1.059798e-002 4.654472e-002 
150:  3.437500e+000  4.687500e+000	 -1.330317e-002 4.580662e-002 
151:  4.062500e+000  4.687500e+000	 -1.598875e-002 4.516374e-002 
152:  4.687500e+000  4.687500e+000	 -1.866413e-002 4.461300e-002 
153:  5.312500e+000  4.687500e+000	 -2.130856e-002 4.415430e-002 
154:  5.937500e+000  4.687500e+000	 -2.391489e-002 4.376103e-002 
155:  6.562500e+000  4.687500e+000	 -2.648252e-002 4.341696e-002 
156:  7.187500e+000  4.687500e+000	 -2.901425e-002 4.310455e-002 
157:  7.812500e+000  4.687500e+000	 -3.151425e-002 4.280903e-002 
158:  8.437500e+000  4.687500e+000	 -3.398696e-002 4.251690e-002 
159:  9.062500e+000  4.687500e+000	 -3.643727e-002 4.221501e-002 
160:  9.687500e+000  4.687500e+000	 -3.887083e-002 4.189005e-002 
161:  1.000000e+001  4.687500e+000	 -4.008329e-002 4.170891e-002 
162:  0.000000e+000  5.312500e+000	 0.000000e+000 5.450889e-002 
163:  3.125000e-001  5.312500e+000	 -1.099557e-003 5.444275e-002 
164:  9.375000e-001  5.312500e+000	 -3.301104e-003 5.422515e-002 
165:  1.562500e+000  5.312500e+000	 -5.614336e-003 5.366400e-002 
166:  2.187500e+000  5.312500e+000	 -8.030839e-003 5.303668e-002 
167:  2.812500e+000  5.312500e+000	 -1.058042e-002 5.235886e-002 
168:  3.437500e+000  5.312500e+000	 -1.315170e-002 5.169049e-002 
169:  4.062500e+000  5.312500e+000	 -1.576663e-002 5.106987e-002 
170:  4.687500e+000  5.312500e+000	 -1.838492e-002 5.052463e-002 
171:  5.312500e+000  5.312500e+000	 -2.098952e-002 5.004192e-002 
172:  5.937500e+000  5.312500e+000	 -2.356932e-002 4.961697e-002 
173:  6.562500e+000  5.312500e+000	 -2.612086e-002 4.923580e-002 
174:  7.187500e+000  5.312500e+000	 -2.864353e-002 4.888617e-002 
175:  7.812500e+000  5.312500e+000	 -3.113927e-002 4.855545e-002 
176:  8.437500e+000  5.312500e+000	 -3.361121e-002 4.823179e-002 
177:  9.062500e+000  5.312500e+000	 -3.606343e-002 4.790390e-002 
178:  9.687500e+000  5.312500e+000	 -3.850131e-002 4.756102e-002 
179:  1.000000e+001  5.312500e+000	 -3.971703e-002 4.737724e-002 
180:  0.000000e+000  5.937500e+000	 0.000000e+000 5.982021e-002 
181:  3.125000e-001  5.937500e+000	 -1.111741e-003 5.984085e-002 
182:  9.375000e-001  5.937500e+000	 -3.373111e-003 5.960030e-002 
183:  1.562500e+000  5.937500e+000	 -5.678282e-003 5.921426e-002 
184:  2.187500e+000  5.937500e+000	 -8.072553e-003 5.868619e-002 
185:  2.812500e+000  5.937500e+000	 -1.051729e-002 5.809593e-002 
186:  3.437500e+000  5.937500e+000	 -1.303458e-002 5.749283e-002 
187:  4.062500e+000  5.937500e+000	 -1.558195e-002 5.691724e-002 
188:  4.687500e+000  5.937500e+000	 -1.814417e-002 5.637871e-002 
189:  5.312500e+000  5.937500e+000	 -2.070319e-002 5.588847e-002 
190:  5.937500e+000  5.937500e+000	 -2.324989e-002 5.544225e-002 
191:  6.562500e+000  5.937500e+000	 -2.577775e-002 5.503437e-002 
192:  7.187500e+000  5.937500e+000	 -2.828483e-002 5.465563e-002 
193:  7.812500e+000  5.937500e+000	 -3.077117e-002 5.429652e-002 
194:  8.437500e+000  5.937500e+000	 -3.323856e-002 5.394723e-002 
195:  9.062500e+000  5.937500e+000	 -3.569009e-002 5.359852e-002 
196:  9.687500e+000  5.937500e+000	 -3.813020e-002 5.324226e-002 
197:  1.000000e+001  5.937500e+000	 -3.934788e-002 5.305750e-002 
198:  0.000000e+000  6.562500e+000	 0.000000e+000 6.525861e-002 
199:  3.125000e-001  6.562500e+000	 -1.126797e-003 6.525251e-002 
200:  9.375000e-001  6.562500e+000	 -3.387583e-003 6.508239e-002 
201:  1.562500e+000  6.562500e+000	 -5.696061e-003 6.474878e-002 
202:  2.187500e+000  6.562500e+000	 -8.048450e-003 6.430648e-002 
203:  2.812500e+000  6.562500e+000	 -1.046518e-002 6.379267e-002 
204:  3.437500e+000  6.562500e+000	 -1.292199e-002 6.325070e-002 
205:  4.062500e+000  6.562500e+000	 -1.541326e-002 6.270646e-002 
206:  4.687500e+000  6.562500e+000	 -1.792170e-002 6.218464e-002 
207:  5.312500e+000  6.562500e+000	 -2.043638e-002 6.169293e-002 
208:  5.937500e+000  6.562500e+000	 -2.294691e-002 6.123538e-002 
209:  6.562500e+000  6.562500e+000	 -2.544779e-002 6.080922e-002 
210:  7.187500e+000  6.562500e+000	 -2.793557e-002 6.040942e-002 
211:  7.812500e+000  6.562500e+000	 -3.040933e-002 6.002885e-002 
212:  8.437500e+000  6.562500e+000	 -3.286966e-002 5.965996e-002 
213:  9.062500e+000  6.562500e+000	 -3.531855e-002 5.929539e-002 
214:  9.687500e+000  6.562500e+000	 -3.775920e-002 5.892921e-002 
215:  1.000000e+001  6.562500e+000	 -3.897778e-002 5.874389e-002 
216:  0.000000e+000  7.187500e+000	 0.000000e+000 7.074316e-002 
217:  3.125000e-001  7.187500e+000	 -1.126914e-003 7.074452e-002 
218:  9.375000e-001  7.187500e+000	 -3.394095e-003 7.059414e-002 
219:  1.562500e+000  7.187500e+000	 -5.684735e-003 7.031339e-002 
220:  2.187500e+000  7.187500e+000	 -8.018247e-003 6.992576e-002 
221:  2.812500e+000  7.187500e+000	 -1.038926e-002 6.946666e-002 
222:  3.437500e+000  7.187500e+000	 -1.280060e-002 6.896602e-002 
223:  4.062500e+000  7.187500e+000	 -1.524106e-002 6.845355e-002 
224:  4.687500e+000  7.187500e+000	 -1.770245e-002 6.794685e-002 
225:  5.312500e+000  7.187500e+000	 -2.017444e-002 6.745945e-002 
226:  5.937500e+000  7.187500e+000	 -2.264998e-002 6.699665e-002 
227:  6.562500e+000  7.187500e+000	 -2.512318e-002 6.655970e-002 
228:  7.187500e+000  7.187500e+000	 -2.759064e-002 6.614586e-002 
229:  7.812500e+000  7.187500e+000	 -3.005056e-002 6.575047e-002 
230:  8.437500e+000  7.187500e+000	 -3.250264e-002 6.536770e-002 
231:  9.062500e+000  7.187500e+000	 -3.494776e-002 6.499181e-002 
232:  9.687500e+000  7.187500e+000	 -3.738778e-002 6.461829e-002 
233:  1.000000e+001  7.187500e+000	 -3.860652e-002 6.443204e-002 
234:  0.000000e+000  7.812500e+000	 0.000000e+000 7.627240e-002 
235:  3.125000e-001  7.812500e+000	 -1.123116e-003 7.627205e-002 
236:  9.375000e-001  7.812500e+000	 -3.375181e-003 7.614120e-002 
237:  1.562500e+000  7.812500e+000	 -5.649203e-003 7.589030e-002 
238:  2.187500e+000  7.812500e+000	 -7.950664e-003 7.554150e-002 
239:  2.812500e+000  7.812500e+000	 -1.028706e-002 7.511984e-002 
240:  3.437500e+000  7.812500e+000	 -1.265510e-002 7.465324e-002 
241:  4.062500e+000  7.812500e+000	 -1.505186e-002 7.416434e-002 
242:  4.687500e+000  7.812500e+000	 -1.747032e-002 7.367302e-002 
243:  5.312500e+000  7.812500e+000	 -1.990440e-002 7.319189e-002 
244:  5.937500e+000  7.812500e+000	 -2.234764e-002 7.272890e-002 
245:  6.562500e+000  7.812500e+000	 -2.479527e-002 7.228682e-002 
246:  7.187500e+000  7.812500e+000	 -2.724356e-002 7.186514e-002 
247:  7.812500e+000  7.812500e+000	 -2.969026e-002 7.146075e-002 
248:  8.437500e+000  7.812500e+000	 -3.213422e-002 7.106929e-002 
249:  9.062500e+000  7.812500e+000	 -3.457533e-002 7.068608e-002 
250:  9.687500e+000  7.812500e+000	 -3.701416e-002 7.030728e-002 
251:  1.000000e+001  7.812500e+000	 -3.823270e-002 7.011937e-002 
252:  0.000000e+000  8.437500e+000	 0.000000e+000 8.182625e-002 
253:  3.125000e-001  8.437500e+000	 -1.110189e-003 8.182616e-002 
254:  9.375000e-001  8.437500e+000	 -3.337011e-003 8.170639e-002 
255:  1.562500e+000  8.437500e+000	 -5.579780e-003 8.147634e-002 
256:  2.187500e+000  8.437500e+000	 -7.848088e-003 8.115298e-002 
257:  2.812500e+000  8.437500e+000	 -1.014524e-002 8.075852e-002 
258:  3.437500e+000  8.437500e+000	 -1.247333e-002 8.031565e-002 
259:  4.062500e+000  8.437500e+000	 -1.482985e-002 7.984650e-002 
260:  4.687500e+000  8.437500e+000	 -1.721134e-002 7.936866e-002 
261:  5.312500e+000  8.437500e+000	 -1.961261e-002 7.889567e-002 
262:  5.937500e+000  8.437500e+000	 -2.202875e-002 7.843583e-002 
263:  6.562500e+000  8.437500e+000	 -2.445503e-002 7.799338e-002 
264:  7.187500e+000  8.437500e+000	 -2.688762e-002 7.756887e-002 
265:  7.812500e+000  8.437500e+000	 -2.932358e-002 7.716045e-002 
266:  8.437500e+000  8.437500e+000	 -3.176099e-002 7.676468e-002 
267:  9.062500e+000  8.437500e+000	 -3.419876e-002 7.637757e-002 
268:  9.687500e+000  8.437500e+000	 -3.663646e-002 7.599530e-002 
269:  1.000000e+001  8.437500e+000	 -3.785481e-002 7.580522e-002 
270:  0.000000e+000  9.062500e+000	 0.000000e+000 8.739050e-002 
271:  3.125000e-001  9.062500e+000	 -1.088747e-003 8.739045e-002 
272:  9.375000e-001  9.062500e+000	 -3.271703e-003 8.727826e-002 
273:  1.562500e+000  9.062500e+000	 -5.471295e-003 8.706200e-002 
274:  2.187500e+000  9.062500e+000	 -7.695541e-003 8.675670e-002 
275:  2.812500e+000  9.062500e+000	 -9.950626e-003 8.638155e-002 
276:  3.437500e+000  9.062500e+000	 -1.223860e-002 8.595768e-002 
277:  4.062500e+000  9.062500e+000	 -1.455927e-002 8.550481e-002 
278:  4.687500e+000  9.062500e+000	 -1.690965e-002 8.504013e-002 
279:  5.312500e+000  9.062500e+000	 -1.928560e-002 8.457656e-002 
280:  5.937500e+000  9.062500e+000	 -2.168203e-002 8.412288e-002 
281:  6.562500e+000  9.062500e+000	 -2.409395e-002 8.368370e-002 
282:  7.187500e+000  9.062500e+000	 -2.651673e-002 8.326038e-002 
283:  7.812500e+000  9.062500e+000	 -2.894656e-002 8.285173e-002 
284:  8.437500e+000  9.062500e+000	 -3.138055e-002 8.245500e-002 
285:  9.062500e+000  9.062500e+000	 -3.381674e-002 8.206657e-002 
286:  9.687500e+000  9.062500e+000	 -3.625387e-002 8.168254e-002 
287:  1.000000e+001  9.062500e+000	 -3.747229e-002 8.149053e-002 
288:  0.000000e+000  9.687500e+000	 0.000000e+000 9.294816e-002 
289:  3.125000e-001  9.687500e+000	 -1.054851e-003 9.294803e-002 
290:  9.375000e-001  9.687500e+000	 -3.171715e-003 9.284184e-002 
291:  1.562500e+000  9.687500e+000	 -5.308562e-003 9.263667e-002 
292:  2.187500e+000  9.687500e+000	 -7.476491e-003 9.234617e-002 
293:  2.812500e+000  9.687500e+000	 -9.682562e-003 9.198800e-002 
294:  3.437500e+000  9.687500e+000	 -1.193050e-002 9.158130e-002 
295:  4.062500e+000  9.687500e+000	 -1.421994e-002 9.114468e-002 
296:  4.687500e+000  9.687500e+000	 -1.654786e-002 9.069411e-002 
297:  5.312500e+000  9.687500e+000	 -1.890886e-002 9.024209e-002 
298:  5.937500e+000  9.687500e+000	 -2.129663e-002 8.979716e-002 
299:  6.562500e+000  9.687500e+000	 -2.370454e-002 8.936415e-002 
300:  7.187500e+000  9.687500e+000	 -2.612647e-002 8.894476e-002 
301:  7.812500e+000  9.687500e+000	 -2.855722e-002 8.853830e-002 
302:  8.437500e+000  9.687500e+000	 -3.099274e-002 8.814254e-002 
303:  9.062500e+000  9.687500e+000	 -3.343021e-002 8.775432e-002 
304:  9.687500e+000  9.687500e+000	 -3.586798e-002 8.736972e-002 
305:  1.000000e+001  9.687500e+000	 -3.708669e-002 8.717705e-002 
306:  0.000000e+000  1.000000e+001	 0.000000e+000 9.571209e-002 
307:  3.125000e-001  1.000000e+001	 -1.029239e-003 9.571216e-002 
308:  9.375000e-001  1.000000e+001	 -3.096482e-003 9.560939e-002 
309:  1.562500e+000  1.000000e+001	 -5.188772e-003 9.541093e-002 
310:  2.187500e+000  1.000000e+001	 -7.319303e-003 9.512941e-002 
311:  2.812500e+000  1.000000e+001	 -9.496825e-003 9.478152e-002 
312:  3.437500e+000  1.000000e+001	 -1.172503e-002 9.438548e-002 
313:  4.062500e+000  1.000000e+001	 -1.400310e-002 9.395893e-002 
314:  4.687500e+000  1.000000e+001	 -1.632639e-002 9.351725e-002 
315:  5.312500e+000  1.000000e+001	 -1.868796e-002 9.307252e-002 
316:  5.937500e+000  1.000000e+001	 -2.107959e-002 9.263316e-002 
317:  6.562500e+000  1.000000e+001	 -2.349308e-002 9.220406e-002 
318:  7.187500e+000  1.000000e+001	 -2.592097e-002 9.178714e-002 
319:  7.812500e+000  1.000000e+001	 -2.835710e-002 9.138200e-002 
320:  8.437500e+000  1.000000e+001	 -3.079681e-002 9.098671e-002 
321:  9.062500e+000  1.000000e+001	 -3.323689e-002 9.059842e-002 
322:  9.687500e+000  1.000000e+001	 -3.567539e-002 9.021351e-002 
323:  1.000000e+001  1.000000e+001	 -3.689405e-002 9.002089e-002 
