206000 0.3

10

240

2	2
2	2
2	2
2	2
2	2
2	2
2	2
2	2
2	2
2	2

6   6
6   6
6   6
6   6
13  6
13	13
6	13
6	13
9	13
9	6

3   3
3   3
3   3
3   3
10   3
10   10
3   10
3   10
6   10
6   3

0   1   2   3   4   5   6   7   8
6   7   8   9   10   11   12   13   14
12   13   14   15   16   17   18   19   20
18   19   20   21   22   23   24   25   26
2   27   28   29   30   31   32   33   34   35   5   36   37   38   39   40   41   42   43   44   8   45   46   47   48   49   50   51   52   53
8   45   46   47   48   49   50   51   52   53   54   55   56   57   58   59   60   61   62   63   64   65   66   67   68   69   70   71   72   73   74   75   76   77   78   79   80   81   82   83   84   85   86   87   88   89   90   91   92   93   94   95   96   97   98   99   100   101   102   103   104   105   106   107   108   109   110   111   112   113   114   115   116   117   118   119   120   121   122   123   124   125   126   127   128   129   130   131   132   133   134   135   136   137   138   139   140   141   142   143
14   11   8   144   145   54   146   147   64   148   149   74   150   151   84   152   153   94   154   155   104   156   157   114   158   159   124   160   161   134
20   17   14   162   163   144   164   165   146   166   167   148   168   169   150   170   171   152   172   173   154   174   175   156   176   177   158   178   179   160
180   181   182   183   184   20   185   186   187   188   189   162   190   191   192   193   194   164   195   196   197   198   199   166   200   201   202   203   204   168   205   206   207   208   209   170   210   211   212   213   214   172   215   216   217   218   219   174   220   221   222   223   224   176   225   226   227   228   229   178
230   231   232   233   234   26   235   236   237   238   239   23   180   181   182   183   184   20

32  0	19

0.000000000000000000000e+00   0.000000000000000000000e+00   0.000000000000000000000e+00   1.000000000000000000000e+00   1.000000000000000000000e+00   1.000000000000000000000e+00
0.000000000000000000000e+00   0.000000000000000000000e+00   0.000000000000000000000e+00   1.000000000000000000000e+00   1.000000000000000000000e+00   1.000000000000000000000e+00
0.000000000000000000000e+00   0.000000000000000000000e+00   0.000000000000000000000e+00   1.000000000000000000000e+00   1.000000000000000000000e+00   1.000000000000000000000e+00
0.000000000000000000000e+00   0.000000000000000000000e+00   0.000000000000000000000e+00   1.000000000000000000000e+00   1.000000000000000000000e+00   1.000000000000000000000e+00
0.000000000000000000000e+00   0.000000000000000000000e+00   0.000000000000000000000e+00   1.000000000000000000000e+00   1.000000000000000000000e+00   1.000000000000000000000e+00
0.000000000000000000000e+00   0.000000000000000000000e+00   0.000000000000000000000e+00   1.000000000000000000000e+00   1.000000000000000000000e+00   1.000000000000000000000e+00
0.000000000000000000000e+00   0.000000000000000000000e+00   0.000000000000000000000e+00   1.000000000000000000000e+00   1.000000000000000000000e+00   1.000000000000000000000e+00
0.000000000000000000000e+00   0.000000000000000000000e+00   0.000000000000000000000e+00   1.000000000000000000000e+00   1.000000000000000000000e+00   1.000000000000000000000e+00
0.000000000000000000000e+00   0.000000000000000000000e+00   0.000000000000000000000e+00   1.250000000000000000000e-01   2.500000000000000000000e-01   3.750000000000000000000e-01   5.000000000000000000000e-01   6.250000000000000000000e-01   7.500000000000000000000e-01   8.750000000000000000000e-01   1.000000000000000000000e+00   1.000000000000000000000e+00   1.000000000000000000000e+00
0.000000000000000000000e+00   0.000000000000000000000e+00   0.000000000000000000000e+00   1.000000000000000000000e+00   1.000000000000000000000e+00   1.000000000000000000000e+00
0.000000000000000000000e+00   0.000000000000000000000e+00   0.000000000000000000000e+00   1.250000000000000000000e-01   2.500000000000000000000e-01   3.750000000000000000000e-01   5.000000000000000000000e-01   6.250000000000000000000e-01   7.500000000000000000000e-01   8.750000000000000000000e-01   1.000000000000000000000e+00   1.000000000000000000000e+00   1.000000000000000000000e+00
0.000000000000000000000e+00   0.000000000000000000000e+00   0.000000000000000000000e+00   1.250000000000000000000e-01   2.500000000000000000000e-01   3.750000000000000000000e-01   5.000000000000000000000e-01   6.250000000000000000000e-01   7.500000000000000000000e-01   8.750000000000000000000e-01   1.000000000000000000000e+00   1.000000000000000000000e+00   1.000000000000000000000e+00
0.000000000000000000000e+00   0.000000000000000000000e+00   0.000000000000000000000e+00   1.000000000000000000000e+00   1.000000000000000000000e+00   1.000000000000000000000e+00
0.000000000000000000000e+00   0.000000000000000000000e+00   0.000000000000000000000e+00   1.250000000000000000000e-01   2.500000000000000000000e-01   3.750000000000000000000e-01   5.000000000000000000000e-01   6.250000000000000000000e-01   7.500000000000000000000e-01   8.750000000000000000000e-01   1.000000000000000000000e+00   1.000000000000000000000e+00   1.000000000000000000000e+00
0.000000000000000000000e+00   0.000000000000000000000e+00   0.000000000000000000000e+00   1.000000000000000000000e+00   1.000000000000000000000e+00   1.000000000000000000000e+00
0.000000000000000000000e+00   0.000000000000000000000e+00   0.000000000000000000000e+00   1.250000000000000000000e-01   2.500000000000000000000e-01   3.750000000000000000000e-01   5.000000000000000000000e-01   6.250000000000000000000e-01   7.500000000000000000000e-01   8.750000000000000000000e-01   1.000000000000000000000e+00   1.000000000000000000000e+00   1.000000000000000000000e+00
0.000000000000000000000e+00   0.000000000000000000000e+00   0.000000000000000000000e+00   2.500000000000000000000e-01   5.000000000000000000000e-01   7.500000000000000000000e-01   1.000000000000000000000e+00   1.000000000000000000000e+00   1.000000000000000000000e+00
0.000000000000000000000e+00   0.000000000000000000000e+00   0.000000000000000000000e+00   1.250000000000000000000e-01   2.500000000000000000000e-01   3.750000000000000000000e-01   5.000000000000000000000e-01   6.250000000000000000000e-01   7.500000000000000000000e-01   8.750000000000000000000e-01   1.000000000000000000000e+00   1.000000000000000000000e+00   1.000000000000000000000e+00
0.000000000000000000000e+00   0.000000000000000000000e+00   0.000000000000000000000e+00   2.500000000000000000000e-01   5.000000000000000000000e-01   7.500000000000000000000e-01   1.000000000000000000000e+00   1.000000000000000000000e+00   1.000000000000000000000e+00
0.000000000000000000000e+00   0.000000000000000000000e+00   0.000000000000000000000e+00   1.000000000000000000000e+00   1.000000000000000000000e+00   1.000000000000000000000e+00

0      1.000000000000000000000e+00      0.000000000000000000000e+00      1.000000000000000000000e+00
1      1.000000000000000000000e+00      0.000000000000000000000e+00      1.000000000000000000000e+00
2      1.100000000000000088818e+00      0.000000000000000000000e+00      1.000000000000000000000e+00
3      1.000000000000000000000e+00      0.000000000000000000000e+00      1.000000000000000000000e+00
4      1.000000000000000000000e+00      0.000000000000000000000e+00      1.000000000000000000000e+00
5      1.100000000000000088818e+00      5.000000000000000277556e-02      1.000000000000000000000e+00
6      1.000000000000000000000e+00      0.000000000000000000000e+00      1.000000000000000000000e+00
7      1.000000000000000000000e+00      0.000000000000000000000e+00      1.000000000000000000000e+00
8      1.100000000000000088818e+00      1.000000000000000055511e-01      1.000000000000000000000e+00
9      1.000000000000000000000e+00      0.000000000000000000000e+00      1.000000000000000000000e+00
10      1.000000000000000000000e+00      0.000000000000000000000e+00      1.000000000000000000000e+00
11      1.050000000000000044409e+00      1.000000000000000055511e-01      1.000000000000000000000e+00
12      1.000000000000000000000e+00      0.000000000000000000000e+00      1.000000000000000000000e+00
13      1.000000000000000000000e+00      0.000000000000000000000e+00      1.000000000000000000000e+00
14      1.000000000000000000000e+00      1.000000000000000055511e-01      1.000000000000000000000e+00
15      1.000000000000000000000e+00      0.000000000000000000000e+00      1.000000000000000000000e+00
16      1.000000000000000000000e+00      0.000000000000000000000e+00      1.000000000000000000000e+00
17      9.499999999999999555911e-01      1.000000000000000055511e-01      1.000000000000000000000e+00
18      1.000000000000000000000e+00      0.000000000000000000000e+00      1.000000000000000000000e+00
19      1.000000000000000000000e+00      0.000000000000000000000e+00      1.000000000000000000000e+00
20      9.000000000000000222045e-01      1.000000000000000055511e-01      1.000000000000000000000e+00
21      1.000000000000000000000e+00      0.000000000000000000000e+00      1.000000000000000000000e+00
22      1.000000000000000000000e+00      0.000000000000000000000e+00      1.000000000000000000000e+00
23      9.000000000000000222045e-01      5.000000000000000277556e-02      1.000000000000000000000e+00
24      1.000000000000000000000e+00      0.000000000000000000000e+00      1.000000000000000000000e+00
25      1.000000000000000000000e+00      0.000000000000000000000e+00      1.000000000000000000000e+00
26      9.000000000000000222045e-01      0.000000000000000000000e+00      1.000000000000000000000e+00
27      1.656250000000000222045e+00      0.000000000000000000000e+00      1.000000000000000000000e+00
28      2.768750000000000266454e+00      0.000000000000000000000e+00      1.000000000000000000000e+00
29      3.881250000000000088818e+00      0.000000000000000000000e+00      1.000000000000000000000e+00
30      4.993750000000000355271e+00      0.000000000000000000000e+00      1.000000000000000000000e+00
31      6.106250000000000177636e+00      0.000000000000000000000e+00      1.000000000000000000000e+00
32      7.218750000000000000000e+00      0.000000000000000000000e+00      1.000000000000000000000e+00
33      8.331249999999998934186e+00      0.000000000000000000000e+00      1.000000000000000000000e+00
34      9.443749999999999644729e+00      0.000000000000000000000e+00      1.000000000000000000000e+00
35      1.000000000000000000000e+01      0.000000000000000000000e+00      1.000000000000000000000e+00
36      1.656250000000000222045e+00      5.000000000000000277556e-02      1.000000000000000000000e+00
37      2.768750000000000266454e+00      5.000000000000000277556e-02      1.000000000000000000000e+00
38      3.881250000000000088818e+00      5.000000000000000277556e-02      1.000000000000000000000e+00
39      4.993750000000000355271e+00      5.000000000000000277556e-02      1.000000000000000000000e+00
40      6.106250000000000177636e+00      5.000000000000000277556e-02      1.000000000000000000000e+00
41      7.218750000000000000000e+00      5.000000000000000277556e-02      1.000000000000000000000e+00
42      8.331249999999998934186e+00      5.000000000000000277556e-02      1.000000000000000000000e+00
43      9.443749999999999644729e+00      5.000000000000000277556e-02      1.000000000000000000000e+00
44      1.000000000000000000000e+01      5.000000000000000277556e-02      1.000000000000000000000e+00
45      1.656250000000000222045e+00      1.000000000000000055511e-01      1.000000000000000000000e+00
46      2.768750000000000266454e+00      1.000000000000000055511e-01      1.000000000000000000000e+00
47      3.881250000000000088818e+00      1.000000000000000055511e-01      1.000000000000000000000e+00
48      4.993750000000000355271e+00      1.000000000000000055511e-01      1.000000000000000000000e+00
49      6.106250000000000177636e+00      1.000000000000000055511e-01      1.000000000000000000000e+00
50      7.218750000000000000000e+00      1.000000000000000055511e-01      1.000000000000000000000e+00
51      8.331249999999998934186e+00      1.000000000000000055511e-01      1.000000000000000000000e+00
52      9.443749999999999644729e+00      1.000000000000000055511e-01      1.000000000000000000000e+00
53      1.000000000000000000000e+01      1.000000000000000055511e-01      1.000000000000000000000e+00
54      1.100000000000000088818e+00      7.187500000000000000000e-01      1.000000000000000000000e+00
55      1.656250000000000222045e+00      7.187500000000000000000e-01      1.000000000000000000000e+00
56      2.768750000000000266454e+00      7.187500000000000000000e-01      1.000000000000000000000e+00
57      3.881250000000000088818e+00      7.187500000000000000000e-01      1.000000000000000000000e+00
58      4.993750000000000355271e+00      7.187500000000000000000e-01      1.000000000000000000000e+00
59      6.106250000000000177636e+00      7.187500000000000000000e-01      1.000000000000000000000e+00
60      7.218750000000000000000e+00      7.187500000000000000000e-01      1.000000000000000000000e+00
61      8.331249999999998934186e+00      7.187500000000000000000e-01      1.000000000000000000000e+00
62      9.443749999999999644729e+00      7.187500000000000000000e-01      1.000000000000000000000e+00
63      1.000000000000000000000e+01      7.187500000000000000000e-01      1.000000000000000000000e+00
64      1.100000000000000088818e+00      1.956249999999999822364e+00      1.000000000000000000000e+00
65      1.656250000000000222045e+00      1.956249999999999822364e+00      1.000000000000000000000e+00
66      2.768750000000000266454e+00      1.956249999999999822364e+00      1.000000000000000000000e+00
67      3.881250000000000088818e+00      1.956249999999999822364e+00      1.000000000000000000000e+00
68      4.993750000000000355271e+00      1.956249999999999822364e+00      1.000000000000000000000e+00
69      6.106250000000000177636e+00      1.956249999999999822364e+00      1.000000000000000000000e+00
70      7.218750000000000000000e+00      1.956249999999999822364e+00      1.000000000000000000000e+00
71      8.331249999999998934186e+00      1.956249999999999822364e+00      1.000000000000000000000e+00
72      9.443749999999999644729e+00      1.956249999999999822364e+00      1.000000000000000000000e+00
73      1.000000000000000000000e+01      1.956249999999999822364e+00      1.000000000000000000000e+00
74      1.100000000000000088818e+00      3.193750000000000088818e+00      1.000000000000000000000e+00
75      1.656250000000000222045e+00      3.193750000000000088818e+00      1.000000000000000000000e+00
76      2.768750000000000266454e+00      3.193750000000000088818e+00      1.000000000000000000000e+00
77      3.881250000000000088818e+00      3.193750000000000088818e+00      1.000000000000000000000e+00
78      4.993750000000000355271e+00      3.193750000000000088818e+00      1.000000000000000000000e+00
79      6.106250000000000177636e+00      3.193750000000000088818e+00      1.000000000000000000000e+00
80      7.218750000000000000000e+00      3.193750000000000088818e+00      1.000000000000000000000e+00
81      8.331249999999998934186e+00      3.193750000000000088818e+00      1.000000000000000000000e+00
82      9.443749999999999644729e+00      3.193750000000000088818e+00      1.000000000000000000000e+00
83      1.000000000000000000000e+01      3.193750000000000088818e+00      1.000000000000000000000e+00
84      1.100000000000000088818e+00      4.431250000000000355271e+00      1.000000000000000000000e+00
85      1.656250000000000222045e+00      4.431250000000000355271e+00      1.000000000000000000000e+00
86      2.768750000000000266454e+00      4.431250000000000355271e+00      1.000000000000000000000e+00
87      3.881250000000000088818e+00      4.431250000000000355271e+00      1.000000000000000000000e+00
88      4.993750000000000355271e+00      4.431250000000000355271e+00      1.000000000000000000000e+00
89      6.106250000000000177636e+00      4.431250000000000355271e+00      1.000000000000000000000e+00
90      7.218750000000000000000e+00      4.431250000000000355271e+00      1.000000000000000000000e+00
91      8.331249999999998934186e+00      4.431250000000000355271e+00      1.000000000000000000000e+00
92      9.443749999999999644729e+00      4.431250000000000355271e+00      1.000000000000000000000e+00
93      1.000000000000000000000e+01      4.431250000000000355271e+00      1.000000000000000000000e+00
94      1.100000000000000088818e+00      5.668750000000000177636e+00      1.000000000000000000000e+00
95      1.656250000000000222045e+00      5.668750000000000177636e+00      1.000000000000000000000e+00
96      2.768750000000000266454e+00      5.668750000000000177636e+00      1.000000000000000000000e+00
97      3.881250000000000088818e+00      5.668750000000000177636e+00      1.000000000000000000000e+00
98      4.993750000000000355271e+00      5.668750000000000177636e+00      1.000000000000000000000e+00
99      6.106250000000000177636e+00      5.668750000000000177636e+00      1.000000000000000000000e+00
100      7.218750000000000000000e+00      5.668750000000000177636e+00      1.000000000000000000000e+00
101      8.331249999999998934186e+00      5.668750000000000177636e+00      1.000000000000000000000e+00
102      9.443749999999999644729e+00      5.668750000000000177636e+00      1.000000000000000000000e+00
103      1.000000000000000000000e+01      5.668750000000000177636e+00      1.000000000000000000000e+00
104      1.100000000000000088818e+00      6.906250000000000000000e+00      1.000000000000000000000e+00
105      1.656250000000000222045e+00      6.906250000000000000000e+00      1.000000000000000000000e+00
106      2.768750000000000266454e+00      6.906250000000000000000e+00      1.000000000000000000000e+00
107      3.881250000000000088818e+00      6.906250000000000000000e+00      1.000000000000000000000e+00
108      4.993750000000000355271e+00      6.906250000000000000000e+00      1.000000000000000000000e+00
109      6.106250000000000177636e+00      6.906250000000000000000e+00      1.000000000000000000000e+00
110      7.218750000000000000000e+00      6.906250000000000000000e+00      1.000000000000000000000e+00
111      8.331249999999998934186e+00      6.906250000000000000000e+00      1.000000000000000000000e+00
112      9.443749999999999644729e+00      6.906250000000000000000e+00      1.000000000000000000000e+00
113      1.000000000000000000000e+01      6.906250000000000000000e+00      1.000000000000000000000e+00
114      1.100000000000000088818e+00      8.143749999999998934186e+00      1.000000000000000000000e+00
115      1.656250000000000222045e+00      8.143749999999998934186e+00      1.000000000000000000000e+00
116      2.768750000000000266454e+00      8.143749999999998934186e+00      1.000000000000000000000e+00
117      3.881250000000000088818e+00      8.143749999999998934186e+00      1.000000000000000000000e+00
118      4.993750000000000355271e+00      8.143749999999998934186e+00      1.000000000000000000000e+00
119      6.106250000000000177636e+00      8.143749999999998934186e+00      1.000000000000000000000e+00
120      7.218750000000000000000e+00      8.143749999999998934186e+00      1.000000000000000000000e+00
121      8.331249999999998934186e+00      8.143749999999998934186e+00      1.000000000000000000000e+00
122      9.443749999999999644729e+00      8.143749999999998934186e+00      1.000000000000000000000e+00
123      1.000000000000000000000e+01      8.143749999999998934186e+00      1.000000000000000000000e+00
124      1.100000000000000088818e+00      9.381249999999999644729e+00      1.000000000000000000000e+00
125      1.656250000000000222045e+00      9.381249999999999644729e+00      1.000000000000000000000e+00
126      2.768750000000000266454e+00      9.381249999999999644729e+00      1.000000000000000000000e+00
127      3.881250000000000088818e+00      9.381249999999999644729e+00      1.000000000000000000000e+00
128      4.993750000000000355271e+00      9.381249999999999644729e+00      1.000000000000000000000e+00
129      6.106250000000000177636e+00      9.381249999999999644729e+00      1.000000000000000000000e+00
130      7.218750000000000000000e+00      9.381249999999999644729e+00      1.000000000000000000000e+00
131      8.331249999999998934186e+00      9.381249999999999644729e+00      1.000000000000000000000e+00
132      9.443749999999999644729e+00      9.381249999999999644729e+00      1.000000000000000000000e+00
133      1.000000000000000000000e+01      9.381249999999999644729e+00      1.000000000000000000000e+00
134      1.100000000000000088818e+00      1.000000000000000000000e+01      1.000000000000000000000e+00
135      1.656250000000000222045e+00      1.000000000000000000000e+01      1.000000000000000000000e+00
136      2.768750000000000266454e+00      1.000000000000000000000e+01      1.000000000000000000000e+00
137      3.881250000000000088818e+00      1.000000000000000000000e+01      1.000000000000000000000e+00
138      4.993750000000000355271e+00      1.000000000000000000000e+01      1.000000000000000000000e+00
139      6.106250000000000177636e+00      1.000000000000000000000e+01      1.000000000000000000000e+00
140      7.218750000000000000000e+00      1.000000000000000000000e+01      1.000000000000000000000e+00
141      8.331249999999998934186e+00      1.000000000000000000000e+01      1.000000000000000000000e+00
142      9.443749999999999644729e+00      1.000000000000000000000e+01      1.000000000000000000000e+00
143      1.000000000000000000000e+01      1.000000000000000000000e+01      1.000000000000000000000e+00
144      1.000000000000000000000e+00      7.187500000000000000000e-01      1.000000000000000000000e+00
145      1.050000000000000044409e+00      7.187500000000000000000e-01      1.000000000000000000000e+00
146      1.000000000000000000000e+00      1.956249999999999822364e+00      1.000000000000000000000e+00
147      1.050000000000000044409e+00      1.956249999999999822364e+00      1.000000000000000000000e+00
148      1.000000000000000000000e+00      3.193750000000000088818e+00      1.000000000000000000000e+00
149      1.050000000000000044409e+00      3.193750000000000088818e+00      1.000000000000000000000e+00
150      1.000000000000000000000e+00      4.431250000000000355271e+00      1.000000000000000000000e+00
151      1.050000000000000044409e+00      4.431250000000000355271e+00      1.000000000000000000000e+00
152      1.000000000000000000000e+00      5.668750000000000177636e+00      1.000000000000000000000e+00
153      1.050000000000000044409e+00      5.668750000000000177636e+00      1.000000000000000000000e+00
154      1.000000000000000000000e+00      6.906250000000000000000e+00      1.000000000000000000000e+00
155      1.050000000000000044409e+00      6.906250000000000000000e+00      1.000000000000000000000e+00
156      1.000000000000000000000e+00      8.143749999999998934186e+00      1.000000000000000000000e+00
157      1.050000000000000044409e+00      8.143749999999998934186e+00      1.000000000000000000000e+00
158      1.000000000000000000000e+00      9.381249999999999644729e+00      1.000000000000000000000e+00
159      1.050000000000000044409e+00      9.381249999999999644729e+00      1.000000000000000000000e+00
160      1.000000000000000000000e+00      1.000000000000000000000e+01      1.000000000000000000000e+00
161      1.050000000000000044409e+00      1.000000000000000000000e+01      1.000000000000000000000e+00
162      9.000000000000000222045e-01      7.187500000000000000000e-01      1.000000000000000000000e+00
163      9.499999999999999555911e-01      7.187500000000000000000e-01      1.000000000000000000000e+00
164      9.000000000000000222045e-01      1.956249999999999822364e+00      1.000000000000000000000e+00
165      9.499999999999999555911e-01      1.956249999999999822364e+00      1.000000000000000000000e+00
166      9.000000000000000222045e-01      3.193750000000000088818e+00      1.000000000000000000000e+00
167      9.499999999999999555911e-01      3.193750000000000088818e+00      1.000000000000000000000e+00
168      9.000000000000000222045e-01      4.431250000000000355271e+00      1.000000000000000000000e+00
169      9.499999999999999555911e-01      4.431250000000000355271e+00      1.000000000000000000000e+00
170      9.000000000000000222045e-01      5.668750000000000177636e+00      1.000000000000000000000e+00
171      9.499999999999999555911e-01      5.668750000000000177636e+00      1.000000000000000000000e+00
172      9.000000000000000222045e-01      6.906250000000000000000e+00      1.000000000000000000000e+00
173      9.499999999999999555911e-01      6.906250000000000000000e+00      1.000000000000000000000e+00
174      9.000000000000000222045e-01      8.143749999999998934186e+00      1.000000000000000000000e+00
175      9.499999999999999555911e-01      8.143749999999998934186e+00      1.000000000000000000000e+00
176      9.000000000000000222045e-01      9.381249999999999644729e+00      1.000000000000000000000e+00
177      9.499999999999999555911e-01      9.381249999999999644729e+00      1.000000000000000000000e+00
178      9.000000000000000222045e-01      1.000000000000000000000e+01      1.000000000000000000000e+00
179      9.499999999999999555911e-01      1.000000000000000000000e+01      1.000000000000000000000e+00
180      0.000000000000000000000e+00      1.000000000000000055511e-01      1.000000000000000000000e+00
181      1.125000000000000027756e-01      1.000000000000000055511e-01      1.000000000000000000000e+00
182      3.375000000000000222045e-01      1.000000000000000055511e-01      1.000000000000000000000e+00
183      5.625000000000000000000e-01      1.000000000000000055511e-01      1.000000000000000000000e+00
184      7.875000000000000888178e-01      1.000000000000000055511e-01      1.000000000000000000000e+00
185      0.000000000000000000000e+00      7.187500000000000000000e-01      1.000000000000000000000e+00
186      1.125000000000000027756e-01      7.187500000000000000000e-01      1.000000000000000000000e+00
187      3.375000000000000222045e-01      7.187500000000000000000e-01      1.000000000000000000000e+00
188      5.625000000000000000000e-01      7.187500000000000000000e-01      1.000000000000000000000e+00
189      7.875000000000000888178e-01      7.187500000000000000000e-01      1.000000000000000000000e+00
190      0.000000000000000000000e+00      1.956249999999999822364e+00      1.000000000000000000000e+00
191      1.125000000000000027756e-01      1.956249999999999822364e+00      1.000000000000000000000e+00
192      3.375000000000000222045e-01      1.956249999999999822364e+00      1.000000000000000000000e+00
193      5.625000000000000000000e-01      1.956249999999999822364e+00      1.000000000000000000000e+00
194      7.875000000000000888178e-01      1.956249999999999822364e+00      1.000000000000000000000e+00
195      0.000000000000000000000e+00      3.193750000000000088818e+00      1.000000000000000000000e+00
196      1.125000000000000027756e-01      3.193750000000000088818e+00      1.000000000000000000000e+00
197      3.375000000000000222045e-01      3.193750000000000088818e+00      1.000000000000000000000e+00
198      5.625000000000000000000e-01      3.193750000000000088818e+00      1.000000000000000000000e+00
199      7.875000000000000888178e-01      3.193750000000000088818e+00      1.000000000000000000000e+00
200      0.000000000000000000000e+00      4.431250000000000355271e+00      1.000000000000000000000e+00
201      1.125000000000000027756e-01      4.431250000000000355271e+00      1.000000000000000000000e+00
202      3.375000000000000222045e-01      4.431250000000000355271e+00      1.000000000000000000000e+00
203      5.625000000000000000000e-01      4.431250000000000355271e+00      1.000000000000000000000e+00
204      7.875000000000000888178e-01      4.431250000000000355271e+00      1.000000000000000000000e+00
205      0.000000000000000000000e+00      5.668750000000000177636e+00      1.000000000000000000000e+00
206      1.125000000000000027756e-01      5.668750000000000177636e+00      1.000000000000000000000e+00
207      3.375000000000000222045e-01      5.668750000000000177636e+00      1.000000000000000000000e+00
208      5.625000000000000000000e-01      5.668750000000000177636e+00      1.000000000000000000000e+00
209      7.875000000000000888178e-01      5.668750000000000177636e+00      1.000000000000000000000e+00
210      0.000000000000000000000e+00      6.906250000000000000000e+00      1.000000000000000000000e+00
211      1.125000000000000027756e-01      6.906250000000000000000e+00      1.000000000000000000000e+00
212      3.375000000000000222045e-01      6.906250000000000000000e+00      1.000000000000000000000e+00
213      5.625000000000000000000e-01      6.906250000000000000000e+00      1.000000000000000000000e+00
214      7.875000000000000888178e-01      6.906250000000000000000e+00      1.000000000000000000000e+00
215      0.000000000000000000000e+00      8.143749999999998934186e+00      1.000000000000000000000e+00
216      1.125000000000000027756e-01      8.143749999999998934186e+00      1.000000000000000000000e+00
217      3.375000000000000222045e-01      8.143749999999998934186e+00      1.000000000000000000000e+00
218      5.625000000000000000000e-01      8.143749999999998934186e+00      1.000000000000000000000e+00
219      7.875000000000000888178e-01      8.143749999999998934186e+00      1.000000000000000000000e+00
220      0.000000000000000000000e+00      9.381249999999999644729e+00      1.000000000000000000000e+00
221      1.125000000000000027756e-01      9.381249999999999644729e+00      1.000000000000000000000e+00
222      3.375000000000000222045e-01      9.381249999999999644729e+00      1.000000000000000000000e+00
223      5.625000000000000000000e-01      9.381249999999999644729e+00      1.000000000000000000000e+00
224      7.875000000000000888178e-01      9.381249999999999644729e+00      1.000000000000000000000e+00
225      0.000000000000000000000e+00      1.000000000000000000000e+01      1.000000000000000000000e+00
226      1.125000000000000027756e-01      1.000000000000000000000e+01      1.000000000000000000000e+00
227      3.375000000000000222045e-01      1.000000000000000000000e+01      1.000000000000000000000e+00
228      5.625000000000000000000e-01      1.000000000000000000000e+01      1.000000000000000000000e+00
229      7.875000000000000888178e-01      1.000000000000000000000e+01      1.000000000000000000000e+00
230      0.000000000000000000000e+00      0.000000000000000000000e+00      1.000000000000000000000e+00
231      1.125000000000000027756e-01      0.000000000000000000000e+00      1.000000000000000000000e+00
232      3.375000000000000222045e-01      0.000000000000000000000e+00      1.000000000000000000000e+00
233      5.625000000000000000000e-01      0.000000000000000000000e+00      1.000000000000000000000e+00
234      7.875000000000000888178e-01      0.000000000000000000000e+00      1.000000000000000000000e+00
235      0.000000000000000000000e+00      5.000000000000000277556e-02      1.000000000000000000000e+00
236      1.125000000000000027756e-01      5.000000000000000277556e-02      1.000000000000000000000e+00
237      3.375000000000000222045e-01      5.000000000000000277556e-02      1.000000000000000000000e+00
238      5.625000000000000000000e-01      5.000000000000000277556e-02      1.000000000000000000000e+00
239      7.875000000000000888178e-01      5.000000000000000277556e-02      1.000000000000000000000e+00

0   1   0.0
1   1   0.0
2   1   0.0
3   1   0.0
6   1   0.0
9   1   0.0
12  1   0.0
15  1   0.0
18  1   0.0
21  1   0.0
24  1   0.0
27  1   0.0
28  1   0.0
29  1   0.0
30  1   0.0
31  1   0.0
32  1   0.0
33  1   0.0
34  1   0.0
35  1   0.0
180 0   0.0
185 0   0.0
190 0   0.0
195 0   0.0
200 0   0.0
205 0   0.0
210 0   0.0
215 0   0.0
220 0   0.0
225 0   0.0
230 0   0.0
235 0   0.0

1   5   0   1.0000000000    0.0000000000   1.0000000000 10.0  0.0  0.0
1   6   0   1.0000000000    0.0000000000   1.0000000000 10.0  0.0  0.0
1   7   0   1.0000000000    0.0000000000   1.0000000000 10.0  0.0  0.0
1   8   0   1.0000000000    0.0000000000   1.0000000000 10.0  0.0  0.0
