0.000000 10.000000  0.000000  0.000000
1.000000 10.000000  0.000023  -0.000010
2.000000 10.000000  0.000046  -0.000024
3.000000 10.000000  0.000069  -0.000042
4.000000 10.000000  0.000092  -0.000064
5.000000 10.000000  0.000115  -0.000090
6.000000 10.000000  0.000138  -0.000120
7.000000 10.000000  0.000161  -0.000154
8.000000 10.000000  0.000185  -0.000191
9.000000 10.000000  0.000208  -0.000233
10.000000 10.000000  0.000231  -0.000279
10.000000 10.000000  0.000231  -0.000279
11.000000 10.000000  0.000254  -0.000328
12.000000 10.000000  0.000277  -0.000383
13.000000 10.000000  0.000299  -0.000442
14.000000 10.000000  0.000322  -0.000507
15.000000 10.000000  0.000344  -0.000576
16.000000 10.000000  0.000366  -0.000650
17.000000 10.000000  0.000389  -0.000728
18.000000 10.000000  0.000410  -0.000812
19.000000 10.000000  0.000432  -0.000900
20.000000 10.000000  0.000454  -0.000993
20.000000 10.000000  0.000454  -0.000993
21.000000 10.000000  0.000475  -0.001091
22.000000 10.000000  0.000496  -0.001192
23.000000 10.000000  0.000517  -0.001297
24.000000 10.000000  0.000537  -0.001406
25.000000 10.000000  0.000557  -0.001519
26.000000 10.000000  0.000577  -0.001635
27.000000 10.000000  0.000596  -0.001756
28.000000 10.000000  0.000615  -0.001880
29.000000 10.000000  0.000633  -0.002008
30.000000 10.000000  0.000652  -0.002140
30.000000 10.000000  0.000652  -0.002140
31.000000 10.000000  0.000669  -0.002276
32.000000 10.000000  0.000687  -0.002415
33.000000 10.000000  0.000704  -0.002557
34.000000 10.000000  0.000721  -0.002703
35.000000 10.000000  0.000738  -0.002853
36.000000 10.000000  0.000755  -0.003006
37.000000 10.000000  0.000771  -0.003163
38.000000 10.000000  0.000787  -0.003323
39.000000 10.000000  0.000803  -0.003487
40.000000 10.000000  0.000819  -0.003654
40.000000 10.000000  0.000819  -0.003654
41.000000 10.000000  0.000834  -0.003825
42.000000 10.000000  0.000849  -0.003998
43.000000 10.000000  0.000864  -0.004174
44.000000 10.000000  0.000879  -0.004353
45.000000 10.000000  0.000893  -0.004535
46.000000 10.000000  0.000907  -0.004719
47.000000 10.000000  0.000921  -0.004907
48.000000 10.000000  0.000935  -0.005097
49.000000 10.000000  0.000949  -0.005290
50.000000 10.000000  0.000962  -0.005486
50.000000 10.000000  0.000962  -0.005486
51.000000 10.000000  0.000975  -0.005685
52.000000 10.000000  0.000988  -0.005886
53.000000 10.000000  0.001000  -0.006089
54.000000 10.000000  0.001013  -0.006295
55.000000 10.000000  0.001025  -0.006504
56.000000 10.000000  0.001036  -0.006714
57.000000 10.000000  0.001048  -0.006927
58.000000 10.000000  0.001059  -0.007143
59.000000 10.000000  0.001070  -0.007361
60.000000 10.000000  0.001080  -0.007581
60.000000 10.000000  0.001080  -0.007581
61.000000 10.000000  0.001090  -0.007804
62.000000 10.000000  0.001101  -0.008028
63.000000 10.000000  0.001111  -0.008254
64.000000 10.000000  0.001120  -0.008482
65.000000 10.000000  0.001130  -0.008712
66.000000 10.000000  0.001139  -0.008944
67.000000 10.000000  0.001148  -0.009178
68.000000 10.000000  0.001157  -0.009413
69.000000 10.000000  0.001166  -0.009651
70.000000 10.000000  0.001175  -0.009890
70.000000 10.000000  0.001175  -0.009890
71.000000 10.000000  0.001183  -0.010131
72.000000 10.000000  0.001191  -0.010373
73.000000 10.000000  0.001199  -0.010617
74.000000 10.000000  0.001206  -0.010861
75.000000 10.000000  0.001213  -0.011107
76.000000 10.000000  0.001220  -0.011355
77.000000 10.000000  0.001226  -0.011604
78.000000 10.000000  0.001232  -0.011854
79.000000 10.000000  0.001238  -0.012105
80.000000 10.000000  0.001243  -0.012358
80.000000 10.000000  0.001243  -0.012358
81.000000 10.000000  0.001248  -0.012612
82.000000 10.000000  0.001253  -0.012866
83.000000 10.000000  0.001258  -0.013121
84.000000 10.000000  0.001262  -0.013377
85.000000 10.000000  0.001266  -0.013634
86.000000 10.000000  0.001270  -0.013891
87.000000 10.000000  0.001273  -0.014149
88.000000 10.000000  0.001276  -0.014408
89.000000 10.000000  0.001279  -0.014667
90.000000 10.000000  0.001281  -0.014927
90.000000 10.000000  0.001281  -0.014927
91.000000 10.000000  0.001284  -0.015188
92.000000 10.000000  0.001286  -0.015450
93.000000 10.000000  0.001288  -0.015712
94.000000 10.000000  0.001290  -0.015974
95.000000 10.000000  0.001293  -0.016238
96.000000 10.000000  0.001295  -0.016502
97.000000 10.000000  0.001297  -0.016767
98.000000 10.000000  0.001299  -0.017032
99.000000 10.000000  0.001300  -0.017298
100.000000 10.000000  0.001302  -0.017565
