0.000000 0.000000  0.000000  0.000000
1.000000 0.000000  -0.000025  -0.000010
2.000000 0.000000  -0.000049  -0.000024
3.000000 0.000000  -0.000074  -0.000042
4.000000 0.000000  -0.000099  -0.000064
5.000000 0.000000  -0.000123  -0.000090
6.000000 0.000000  -0.000148  -0.000119
7.000000 0.000000  -0.000173  -0.000153
8.000000 0.000000  -0.000197  -0.000191
9.000000 0.000000  -0.000222  -0.000232
10.000000 0.000000  -0.000246  -0.000278
10.000000 0.000000  -0.000246  -0.000278
11.000000 0.000000  -0.000270  -0.000328
12.000000 0.000000  -0.000294  -0.000382
13.000000 0.000000  -0.000318  -0.000442
14.000000 0.000000  -0.000341  -0.000506
15.000000 0.000000  -0.000365  -0.000575
16.000000 0.000000  -0.000387  -0.000649
17.000000 0.000000  -0.000410  -0.000728
18.000000 0.000000  -0.000432  -0.000811
19.000000 0.000000  -0.000454  -0.000900
20.000000 0.000000  -0.000476  -0.000993
20.000000 0.000000  -0.000476  -0.000993
21.000000 0.000000  -0.000497  -0.001090
22.000000 0.000000  -0.000518  -0.001192
23.000000 0.000000  -0.000539  -0.001297
24.000000 0.000000  -0.000560  -0.001406
25.000000 0.000000  -0.000580  -0.001519
26.000000 0.000000  -0.000601  -0.001635
27.000000 0.000000  -0.000621  -0.001756
28.000000 0.000000  -0.000640  -0.001880
29.000000 0.000000  -0.000660  -0.002008
30.000000 0.000000  -0.000679  -0.002140
30.000000 0.000000  -0.000679  -0.002140
31.000000 0.000000  -0.000698  -0.002276
32.000000 0.000000  -0.000717  -0.002415
33.000000 0.000000  -0.000735  -0.002558
34.000000 0.000000  -0.000753  -0.002704
35.000000 0.000000  -0.000771  -0.002854
36.000000 0.000000  -0.000788  -0.003007
37.000000 0.000000  -0.000805  -0.003163
38.000000 0.000000  -0.000822  -0.003323
39.000000 0.000000  -0.000838  -0.003487
40.000000 0.000000  -0.000854  -0.003654
40.000000 0.000000  -0.000854  -0.003654
41.000000 0.000000  -0.000869  -0.003825
42.000000 0.000000  -0.000885  -0.003998
43.000000 0.000000  -0.000900  -0.004174
44.000000 0.000000  -0.000915  -0.004353
45.000000 0.000000  -0.000930  -0.004534
46.000000 0.000000  -0.000945  -0.004719
47.000000 0.000000  -0.000959  -0.004906
48.000000 0.000000  -0.000973  -0.005097
49.000000 0.000000  -0.000988  -0.005290
50.000000 0.000000  -0.001002  -0.005486
50.000000 0.000000  -0.001002  -0.005486
51.000000 0.000000  -0.001015  -0.005685
52.000000 0.000000  -0.001029  -0.005886
53.000000 0.000000  -0.001042  -0.006090
54.000000 0.000000  -0.001054  -0.006296
55.000000 0.000000  -0.001066  -0.006504
56.000000 0.000000  -0.001078  -0.006715
57.000000 0.000000  -0.001089  -0.006928
58.000000 0.000000  -0.001100  -0.007144
59.000000 0.000000  -0.001110  -0.007362
60.000000 0.000000  -0.001120  -0.007582
60.000000 0.000000  -0.001120  -0.007582
61.000000 0.000000  -0.001129  -0.007805
62.000000 0.000000  -0.001139  -0.008029
63.000000 0.000000  -0.001148  -0.008255
64.000000 0.000000  -0.001157  -0.008483
65.000000 0.000000  -0.001166  -0.008713
66.000000 0.000000  -0.001175  -0.008945
67.000000 0.000000  -0.001184  -0.009179
68.000000 0.000000  -0.001192  -0.009414
69.000000 0.000000  -0.001200  -0.009651
70.000000 0.000000  -0.001208  -0.009890
70.000000 0.000000  -0.001208  -0.009890
71.000000 0.000000  -0.001216  -0.010131
72.000000 0.000000  -0.001224  -0.010373
73.000000 0.000000  -0.001232  -0.010616
74.000000 0.000000  -0.001239  -0.010860
75.000000 0.000000  -0.001246  -0.011106
76.000000 0.000000  -0.001253  -0.011354
77.000000 0.000000  -0.001259  -0.011602
78.000000 0.000000  -0.001266  -0.011852
79.000000 0.000000  -0.001272  -0.012104
80.000000 0.000000  -0.001278  -0.012356
80.000000 0.000000  -0.001278  -0.012356
81.000000 0.000000  -0.001283  -0.012610
82.000000 0.000000  -0.001288  -0.012865
83.000000 0.000000  -0.001293  -0.013120
84.000000 0.000000  -0.001298  -0.013376
85.000000 0.000000  -0.001301  -0.013633
86.000000 0.000000  -0.001305  -0.013891
87.000000 0.000000  -0.001308  -0.014149
88.000000 0.000000  -0.001310  -0.014409
89.000000 0.000000  -0.001313  -0.014669
90.000000 0.000000  -0.001314  -0.014930
90.000000 0.000000  -0.001314  -0.014930
91.000000 0.000000  -0.001316  -0.015191
92.000000 0.000000  -0.001317  -0.015453
93.000000 0.000000  -0.001318  -0.015715
94.000000 0.000000  -0.001320  -0.015977
95.000000 0.000000  -0.001321  -0.016240
96.000000 0.000000  -0.001322  -0.016502
97.000000 0.000000  -0.001322  -0.016765
98.000000 0.000000  -0.001323  -0.017028
99.000000 0.000000  -0.001324  -0.017291
100.000000 0.000000  -0.001324  -0.017555
